Boron vs Depth
3243 2 2
Depth
Boron
0 2e+020
0.00700127 1.99231e+020
0.0139941 1.9846e+020
0.0209786 1.97687e+020
0.0279547 1.96912e+020
0.0349224 1.96135e+020
0.0418818 1.95356e+020
0.0488327 1.94575e+020
0.0557754 1.93792e+020
0.0627097 1.93007e+020
0.0696357 1.9222e+020
0.0765534 1.91431e+020
0.0834628 1.9064e+020
0.0903638 1.89847e+020
0.0972566 1.89053e+020
0.104141 1.88256e+020
0.111017 1.87457e+020
0.117885 1.86656e+020
0.124745 1.85854e+020
0.131597 1.85049e+020
0.13844 1.84243e+020
0.145275 1.83434e+020
0.152102 1.82624e+020
0.158921 1.81812e+020
0.165731 1.80998e+020
0.172533 1.80182e+020
0.179328 1.79364e+020
0.186114 1.78544e+020
0.192891 1.77722e+020
0.199661 1.76898e+020
0.206423 1.76073e+020
0.213176 1.75245e+020
0.219922 1.74416e+020
0.226659 1.73585e+020
0.233388 1.72752e+020
0.240109 1.71917e+020
0.246822 1.7108e+020
0.253527 1.70241e+020
0.260224 1.69401e+020
0.266913 1.68559e+020
0.273594 1.67715e+020
0.280267 1.66869e+020
0.286931 1.66021e+020
0.293588 1.65171e+020
0.300237 1.6432e+020
0.306878 1.63466e+020
0.313511 1.62611e+020
0.320136 1.61754e+020
0.326753 1.60896e+020
0.333362 1.60035e+020
0.339963 1.59173e+020
0.346556 1.58309e+020
0.353141 1.57443e+020
0.359718 1.56576e+020
0.366288 1.55706e+020
0.372849 1.54835e+020
0.379403 1.53962e+020
0.385949 1.53088e+020
0.392487 1.52211e+020
0.399017 1.51333e+020
0.405539 1.50453e+020
0.412054 1.49572e+020
0.41856 1.48688e+020
0.425059 1.47803e+020
0.43155 1.46916e+020
0.438033 1.46028e+020
0.444509 1.45138e+020
0.450976 1.44246e+020
0.457436 1.43352e+020
0.463889 1.42457e+020
0.470333 1.4156e+020
0.47677 1.40661e+020
0.483198 1.39761e+020
0.48962 1.38859e+020
0.496033 1.37955e+020
0.502439 1.3705e+020
0.508837 1.36143e+020
0.515228 1.35234e+020
0.52161 1.34324e+020
0.527985 1.33412e+020
0.534353 1.32498e+020
0.540713 1.31583e+020
0.547065 1.30666e+020
0.553409 1.29747e+020
0.559746 1.28827e+020
0.566076 1.27906e+020
0.572397 1.26982e+020
0.578711 1.26057e+020
0.585018 1.25131e+020
0.591317 1.24203e+020
0.597608 1.23273e+020
0.603892 1.22342e+020
0.610169 1.21409e+020
0.616437 1.20474e+020
0.622699 1.19538e+020
0.628952 1.18601e+020
0.635199 1.17662e+020
0.641437 1.16721e+020
0.647669 1.15779e+020
0.653892 1.14835e+020
0.660109 1.1389e+020
0.666318 1.12943e+020
0.672519 1.11994e+020
0.678713 1.11045e+020
0.684899 1.10093e+020
0.691078 1.0914e+020
0.69725 1.08186e+020
0.703414 1.0723e+020
0.709571 1.06272e+020
0.715721 1.05314e+020
0.721863 1.04353e+020
0.727997 1.03391e+020
0.734125 1.02428e+020
0.740245 1.01463e+020
0.746357 1.00497e+020
0.752463 9.95292e+019
0.758561 9.856e+019
0.764651 9.75894e+019
0.770735 9.66173e+019
0.776811 9.56438e+019
0.782879 9.46689e+019
0.788941 9.36925e+019
0.794995 9.27147e+019
0.801042 9.17355e+019
0.807082 9.07549e+019
0.813114 8.97729e+019
0.819139 8.87895e+019
0.825157 8.78047e+019
0.831168 8.68185e+019
0.837171 8.58309e+019
0.843168 8.4842e+019
0.849157 8.38516e+019
0.855139 8.286e+019
0.861113 8.18669e+019
0.867081 8.08725e+019
0.873041 7.98768e+019
0.878994 7.88797e+019
0.884941 7.78813e+019
0.890879 7.68816e+019
0.896811 7.58806e+019
0.902736 7.48782e+019
0.908654 7.38746e+019
0.914564 7.28696e+019
0.920467 7.18634e+019
0.926364 7.08559e+019
0.932253 6.98471e+019
0.938135 6.88371e+019
0.94401 6.78258e+019
0.949878 6.68132e+019
0.955739 6.57994e+019
0.961593 6.47844e+019
0.96744 6.37682e+019
0.97328 6.27507e+019
0.979113 6.17321e+019
0.984939 6.07122e+019
0.990758 5.96912e+019
0.996569 5.8669e+019
1.00237 5.76456e+019
1.00817 5.6621e+019
1.01396 5.55953e+019
1.01975 5.45685e+019
1.02552 5.35404e+019
1.03129 5.25113e+019
1.03706 5.1481e+019
1.04281 5.04497e+019
1.04856 4.94172e+019
1.05431 4.83837e+019
1.06004 4.73491e+019
1.06577 4.63134e+019
1.07149 4.52767e+019
1.07721 4.42391e+019
1.08292 4.32005e+019
1.08862 4.2161e+019
1.09431 4.11207e+019
1.1 4.00795e+019
1.10568 3.90377e+019
1.11135 3.79952e+019
1.11702 3.69523e+019
1.12268 3.59089e+019
1.12833 3.48654e+019
1.13398 3.38218e+019
1.13962 3.27783e+019
1.14525 3.17353e+019
1.15088 3.06929e+019
1.1565 2.96516e+019
1.16211 2.86117e+019
1.16772 2.75737e+019
1.17332 2.6538e+019
1.17891 2.55053e+019
1.1845 2.44762e+019
1.19008 2.34516e+019
1.19565 2.24321e+019
1.20122 2.1419e+019
1.20678 2.04132e+019
1.21233 1.9416e+019
1.21787 1.84287e+019
1.22341 1.74529e+019
1.22895 1.64903e+019
1.23447 1.55426e+019
1.23999 1.46118e+019
1.2455 1.36999e+019
1.25101 1.28092e+019
1.25651 1.19418e+019
1.262 1.11e+019
1.26749 1.02861e+019
1.27297 9.50225e+018
1.27844 8.7505e+018
1.28391 8.03272e+018
1.28937 7.35052e+018
1.29482 6.7052e+018
1.30027 6.09771e+018
1.30571 5.52862e+018
1.31114 4.99808e+018
1.31657 4.50585e+018
1.32199 4.05131e+018
1.3274 3.63347e+018
1.33281 3.25103e+018
1.33821 2.90243e+018
1.34361 2.58593e+018
1.349 2.29959e+018
1.35438 2.04143e+018
1.35975 1.8094e+018
1.36512 1.60144e+018
1.37049 1.41554e+018
1.37584 1.24975e+018
1.38119 1.10222e+018
1.38653 9.71179e+017
1.39187 8.54995e+017
1.3972 7.52139e+017
1.40253 6.6121e+017
1.40784 5.80924e+017
1.41315 5.10112e+017
1.41846 4.47719e+017
1.42376 3.92791e+017
1.42905 3.44472e+017
1.43434 3.01996e+017
1.43961 2.6468e+017
1.44489 2.31914e+017
1.45015 2.03157e+017
1.45542 1.77929e+017
1.46067 1.55806e+017
1.46592 1.36411e+017
1.47116 1.19414e+017
1.47639 1.04522e+017
1.48162 9.14765e+016
1.48685 8.00517e+016
1.49206 7.00477e+016
1.49727 6.12894e+016
1.50248 5.36226e+016
1.50767 4.69123e+016
1.51286 4.10396e+016
1.51805 3.59006e+016
1.52323 3.1404e+016
1.5284 2.74698e+016
1.53357 2.40278e+016
1.53873 2.10167e+016
1.54388 1.83826e+016
1.54903 1.60785e+016
1.55417 1.4063e+016
1.55931 1.23001e+016
1.56444 1.07582e+016
1.56956 9.40962e+015
1.57468 8.2301e+015
1.57979 7.19847e+015
1.58489 6.29621e+015
1.58999 5.50711e+015
1.59508 4.81696e+015
1.60017 4.21336e+015
1.60525 3.68546e+015
1.61033 3.22377e+015
1.61539 2.81997e+015
1.62046 2.4668e+015
1.62551 2.15792e+015
1.63056 1.88776e+015
1.63561 1.65147e+015
1.64064 1.4448e+015
1.64567 1.26403e+015
1.6507 1.10591e+015
1.65572 9.676e+014
1.66073 8.46619e+014
1.66574 7.4079e+014
1.67074 6.48215e+014
1.67574 5.6723e+014
1.68073 4.96382e+014
1.68571 4.34402e+014
1.69069 3.80176e+014
1.69566 3.32733e+014
1.70063 2.91224e+014
1.70559 2.54905e+014
1.71054 2.23125e+014
1.71549 1.95317e+014
1.72043 1.70983e+014
1.72537 1.49688e+014
1.7303 1.31052e+014
1.73522 1.14742e+014
1.74014 1.00467e+014
1.74505 8.79726e+013
1.74996 7.70364e+013
1.75486 6.74635e+013
1.75975 5.90834e+013
1.76464 5.17473e+013
1.76952 4.53248e+013
1.7744 3.97017e+013
1.77927 3.47783e+013
1.78414 3.04673e+013
1.789 2.66924e+013
1.79385 2.33866e+013
1.7987 2.04916e+013
1.80354 1.79561e+013
1.80838 1.57353e+013
1.81321 1.37901e+013
1.81803 1.20862e+013
1.82285 1.05936e+013
1.82766 9.28589e+012
1.83247 8.1402e+012
1.83727 7.13637e+012
1.84207 6.25676e+012
1.84686 5.48597e+012
1.85164 4.81048e+012
1.85642 4.21847e+012
1.86119 3.6996e+012
1.86596 3.24478e+012
1.87072 2.84609e+012
1.87548 2.49658e+012
1.88023 2.19016e+012
1.88497 1.9215e+012
1.88971 1.68592e+012
1.89444 1.47934e+012
1.89917 1.29818e+012
1.90389 1.13929e+012
1.90861 9.99928e+011
1.91332 8.77685e+011
1.91802 7.7045e+011
1.92272 6.76372e+011
1.92741 5.93831e+011
1.9321 5.21406e+011
1.93678 4.57853e+011
1.94146 4.0208e+011
1.94613 3.53131e+011
1.95079 3.10168e+011
1.95545 2.72455e+011
1.96011 2.39348e+011
1.96476 2.10282e+011
1.9694 1.84763e+011
1.97404 1.62354e+011
1.97867 1.42676e+011
1.98329 1.25395e+011
1.98791 1.10216e+011
1.99253 9.68833e+010
1.99714 8.51713e+010
2.00174 7.48819e+010
2.00634 6.58416e+010
2.01093 5.7898e+010
2.01552 5.09175e+010
2.0201 4.47827e+010
2.02468 3.93908e+010
2.02925 3.46513e+010
2.03381 3.0485e+010
2.03837 2.68221e+010
2.04293 2.36016e+010
2.04748 2.07697e+010
2.05202 1.82794e+010
2.05656 1.60892e+010
2.06109 1.41628e+010
2.06562 1.24683e+010
2.07014 1.09775e+010
2.07465 9.666e+009
2.07917 8.51199e+009
2.08367 7.49649e+009
2.08817 6.60279e+009
2.09267 5.81621e+009
2.09715 5.12385e+009
2.10164 4.51435e+009
2.10612 3.97776e+009
2.11059 3.5053e+009
2.11506 3.08926e+009
2.11952 2.72288e+009
2.12398 2.4002e+009
2.12843 2.11597e+009
2.13287 1.86559e+009
2.13731 1.645e+009
2.14175 1.45065e+009
2.14618 1.27939e+009
2.15061 1.12846e+009
2.15502 9.95446e+008
2.15944 8.78198e+008
2.16385 7.74841e+008
2.16825 6.8372e+008
2.17265 6.03378e+008
2.17704 5.32532e+008
2.18143 4.70054e+008
2.18581 4.1495e+008
2.19019 3.66344e+008
2.19456 3.23466e+008
2.19893 2.85637e+008
2.20329 2.52259e+008
2.20765 2.22805e+008
2.212 1.96811e+008
2.21634 1.73868e+008
2.22068 1.53616e+008
2.22502 1.35738e+008
2.22935 1.19953e+008
2.23368 1.06016e+008
2.238 9.37074e+007
2.24231 8.28373e+007
2.24662 7.3236e+007
2.25092 6.47545e+007
2.25522 5.72616e+007
2.25952 5.06412e+007
2.26381 4.47911e+007
2.26809 3.96212e+007
2.27237 3.50518e+007
2.27664 3.10128e+007
2.28091 2.74422e+007
2.28517 2.42854e+007
2.28943 2.14941e+007
2.29368 1.90258e+007
2.29793 1.68427e+007
2.30217 1.49118e+007
2.30641 1.32037e+007
2.31064 1.16926e+007
2.31487 1.03556e+007
2.31909 9.17246e+006
2.32331 8.12541e+006
2.32752 7.19869e+006
2.33173 6.37838e+006
2.33593 5.65217e+006
2.34013 5.00921e+006
2.34432 4.43989e+006
2.34851 3.93571e+006
2.35269 3.48918e+006
2.35687 3.09366e+006
2.36104 2.74329e+006
2.36521 2.43287e+006
2.36937 2.15782e+006
2.37353 1.91408e+006
2.37768 1.69806e+006
2.38182 1.5066e+006
2.38597 1.33687e+006
2.3901 1.1864e+006
2.39424 1.05299e+006
2.39836 934683
2.40249 829763
2.4066 736705
2.41071 654158
2.41482 580927
2.41892 515952
2.42302 458297
2.42711 407131
2.4312 361719
2.43528 321409
2.43936 285624
2.44344 253852
2.4475 225640
2.45157 200587
2.45562 178335
2.45968 158571
2.46373 141013
2.46777 125413
2.47181 111553
2.47584 99235.1
2.47987 88287.8
2.4839 78557.3
2.48792 69907.3
2.49193 62216.9
2.49594 55378.9
2.49995 49298.2
2.50395 43890.2
2.50794 39080
2.51193 34801
2.51592 30994.1
2.5199 27606.9
2.52387 24592.7
2.52785 21910.1
2.53181 19522.4
2.53577 17397
2.53973 15504.7
2.54368 13819.9
2.54763 12319.6
2.55157 10983.5
2.55551 9793.41
2.55945 8733.3
2.56338 7788.86
2.5673 6947.37
2.57122 6197.52
2.57513 5529.26
2.57904 4933.64
2.58295 4402.7
2.58685 3929.37
2.59075 3507.35
2.59464 3131.02
2.59852 2795.41
2.6024 2496.07
2.60628 2229.06
2.61015 1990.86
2.61402 1778.32
2.61789 1588.67
2.62174 1419.43
2.6256 1268.37
2.62945 1133.53
2.63329 1013.15
2.63713 905.676
2.64097 809.706
2.6448 724.001
2.64862 647.453
2.65245 579.078
2.65626 517.994
2.66008 463.419
2.66388 414.652
2.66769 371.072
2.67149 332.121
2.67528 297.305
2.67907 266.18
2.68286 238.352
2.68664 213.469
2.69041 191.216
2.69418 171.314
2.69795 153.512
2.70171 137.587
2.70547 123.338
2.70922 110.589
2.71297 99.1799
2.71672 88.9687
2.72046 79.8286
2.72419 71.6464
2.72792 64.3208
2.73165 57.7614
2.73537 51.8874
2.73909 46.6265
2.7428 41.9143
2.74651 37.6929
2.75022 33.911
2.75392 30.5222
2.75761 27.4855
2.7613 24.7638
2.76499 22.3244
2.76867 20.1375
2.77235 18.1769
2.77602 16.419
2.77969 14.8425
2.78336 13.4287
2.78701 12.1606
2.79067 11.023
2.79432 10.0024
2.79797 9.08671
2.80161 8.26497
2.80525 7.5275
2.80888 6.86556
2.81251 6.27136
2.81614 5.73791
2.81976 5.25893
2.82337 4.82883
2.82699 4.44255
2.83059 4.09561
2.8342 3.78395
2.8378 3.50397
2.84139 3.2524
2.84498 3.02634
2.84857 2.82318
2.85215 2.64058
2.85573 2.47644
2.8593 2.32888
2.86287 2.1962
2.86643 2.0769
2.86999 1.9696
2.87355 1.8731
2.8771 1.78629
2.88065 1.70819
2.88419 1.63793
2.88773 1.5747
2.89126 1.5178
2.89479 1.46658
2.89832 1.42048
2.90184 1.37898
2.90536 1.34161
2.90887 1.30796
2.91238 1.27766
2.91589 1.25037
2.91939 1.22578
2.92289 1.20364
2.92638 1.18368
2.92987 1.1657
2.93335 1.1495
2.93683 1.1349
2.94031 1.12173
2.94378 1.10987
2.94725 1.09917
2.95071 1.08952
2.95417 1.08082
2.95762 1.07298
2.96107 1.0659
2.96452 1.05952
2.96796 1.05376
2.9714 1.04856
2.97483 1.04387
2.97827 1.03964
2.98169 1.03582
2.98511 1.03237
2.98853 1.02926
2.99194 1.02645
2.99535 1.02391
2.99876 1.02162
3.00216 1.01955
3.00556 1.01768
3.00895 1.01599
3.01234 1.01446
3.01573 1.01308
3.01911 1.01184
3.02248 1.01071
3.02586 1.00969
3.02923 1.00877
3.03259 1.00794
3.03595 1.00719
3.03931 1.00651
3.04266 1.00589
3.04601 1.00534
3.04935 1.00483
3.05269 1.00438
3.05603 1.00396
3.05936 1.00359
3.06269 1.00325
3.06602 1.00295
3.06934 1.00267
3.07265 1.00242
3.07597 1.0022
3.07928 1.00199
3.08258 1.0018
3.08588 1.00164
3.08918 1.00148
3.09247 1.00135
3.09576 1.00122
3.09904 1.00111
3.10233 1.001
3.1056 1.00091
3.10888 1.00083
3.11214 1.00075
3.11541 1.00068
3.11867 1.00062
3.12193 1.00056
3.12518 1.00051
3.12843 1.00046
3.13168 1.00042
3.13492 1.00038
3.13816 1.00035
3.14139 1.00031
3.14462 1.00029
3.14785 1.00026
3.15107 1.00024
3.15429 1.00021
3.1575 1.0002
3.16071 1.00018
3.16392 1.00016
3.16712 1.00015
3.17032 1.00013
3.17352 1.00012
3.17671 1.00011
3.1799 1.0001
3.18308 1.00009
3.18626 1.00008
3.18944 1.00008
3.19261 1.00007
3.19578 1.00006
3.19895 1.00006
3.20211 1.00005
3.20526 1.00005
3.20842 1.00004
3.21157 1.00004
3.21471 1.00004
3.21785 1.00003
3.22099 1.00003
3.22413 1.00003
3.22726 1.00002
3.23039 1.00002
3.23351 1.00002
3.23663 1.00002
3.23974 1.00002
3.24286 1.00002
3.24596 1.00001
3.24907 1.00001
3.25217 1.00001
3.25527 1.00001
3.25836 1.00001
3.26145 1.00001
3.26454 1.00001
3.26762 1.00001
3.2707 1.00001
3.27377 1.00001
3.27684 1.00001
3.27991 1.00001
3.28298 1
3.28604 1
3.28909 1
3.29214 1
3.29519 1
3.29824 1
3.30128 1
3.30432 1
3.30735 1
3.31039 1
3.31341 1
3.31644 1
3.31946 1
3.32247 1
3.32549 1
3.32849 1
3.3315 1
3.3345 1
3.3375 1
3.3405 1
3.34349 1
3.34647 1
3.34946 1
3.35244 1
3.35541 1
3.35839 1
3.36136 1
3.36432 1
3.36729 1
3.37025 1
3.3732 1
3.37615 1
3.3791 1
3.38205 1
3.38499 1
3.38792 1
3.39086 1
3.39379 1
3.39672 1
3.39964 1
3.40256 1
3.40548 1
3.40839 1
3.4113 1
3.41421 1
3.41711 1
3.42001 1
3.4229 1
3.4258 1
3.42868 1
3.43157 1
3.43445 1
3.43733 1
3.44021 1
3.44308 1
3.44594 1
3.44881 1
3.45167 1
3.45453 1
3.45738 1
3.46023 1
3.46308 1
3.46592 1
3.46877 1
3.4716 1
3.47444 1
3.47727 1
3.48009 1
3.48292 1
3.48574 1
3.48855 1
3.49137 1
3.49418 1
3.49698 1
3.49979 1
3.50259 1
3.50538 1
3.50818 1
3.51097 1
3.51375 1
3.51654 1
3.51932 1
3.52209 1
3.52487 1
3.52764 1
3.5304 1
3.53317 1
3.53593 1
3.53868 1
3.54143 1
3.54418 1
3.54693 1
3.54967 1
3.55241 1
3.55515 1
3.55789 1
3.56062 1
3.56334 1
3.56607 1
3.56879 1
3.5715 1
3.57422 1
3.57693 1
3.57963 1
3.58234 1
3.58504 1
3.58774 1
3.59043 1
3.59312 1
3.59581 1
3.5985 1
3.60118 1
3.60386 1
3.60653 1
3.6092 1
3.61187 1
3.61454 1
3.6172 1
3.61986 1
3.62251 1
3.62517 1
3.62781 1
3.63046 1
3.6331 1
3.63574 1
3.63838 1
3.64101 1
3.64364 1
3.64627 1
3.6489 1
3.65152 1
3.65413 1
3.65675 1
3.65936 1
3.66197 1
3.66457 1
3.66718 1
3.66978 1
3.67237 1
3.67496 1
3.67755 1
3.68014 1
3.68272 1
3.6853 1
3.68788 1
3.69046 1
3.69303 1
3.69559 1
3.69816 1
3.70072 1
3.70328 1
3.70584 1
3.70839 1
3.71094 1
3.71348 1
3.71603 1
3.71857 1
3.7211 1
3.72364 1
3.72617 1
3.7287 1
3.73122 1
3.73375 1
3.73626 1
3.73878 1
3.74129 1
3.7438 1
3.74631 1
3.74881 1
3.75132 1
3.75381 1
3.75631 1
3.7588 1
3.76129 1
3.76378 1
3.76626 1
3.76874 1
3.77122 1
3.77369 1
3.77616 1
3.77863 1
3.78109 1
3.78356 1
3.78602 1
3.78847 1
3.79093 1
3.79338 1
3.79582 1
3.79827 1
3.80071 1
3.80315 1
3.80558 1
3.80802 1
3.81045 1
3.81287 1
3.8153 1
3.81772 1
3.82014 1
3.82255 1
3.82496 1
3.82737 1
3.82978 1
3.83218 1
3.83459 1
3.83698 1
3.83938 1
3.84177 1
3.84416 1
3.84655 1
3.84893 1
3.85131 1
3.85369 1
3.85606 1
3.85844 1
3.86081 1
3.86317 1
3.86554 1
3.8679 1
3.87026 1
3.87261 1
3.87496 1
3.87731 1
3.87966 1
3.882 1
3.88434 1
3.88668 1
3.88902 1
3.89135 1
3.89368 1
3.89601 1
3.89833 1
3.90065 1
3.90297 1
3.90529 1
3.9076 1
3.90991 1
3.91222 1
3.91452 1
3.91683 1
3.91913 1
3.92142 1
3.92372 1
3.92601 1
3.92829 1
3.93058 1
3.93286 1
3.93514 1
3.93742 1
3.93969 1
3.94197 1
3.94424 1
3.9465 1
3.94877 1
3.95103 1
3.95328 1
3.95554 1
3.95779 1
3.96004 1
3.96229 1
3.96454 1
3.96678 1
3.96902 1
3.97125 1
3.97349 1
3.97572 1
3.97795 1
3.98017 1
3.9824 1
3.98462 1
3.98683 1
3.98905 1
3.99126 1
3.99347 1
3.99568 1
3.99788 1
4.00009 1
4.00229 1
4.00448 1
4.00668 1
4.00887 1
4.01106 1
4.01324 1
4.01543 1
4.01761 1
4.01979 1
4.02196 1
4.02413 1
4.02631 1
4.02847 1
4.03064 1
4.0328 1
4.03496 1
4.03712 1
4.03927 1
4.04143 1
4.04358 1
4.04572 1
4.04787 1
4.05001 1
4.05215 1
4.05429 1
4.05642 1
4.05855 1
4.06068 1
4.06281 1
4.06493 1
4.06705 1
4.06917 1
4.07129 1
4.0734 1
4.07551 1
4.07762 1
4.07973 1
4.08183 1
4.08393 1
4.08603 1
4.08813 1
4.09022 1
4.09231 1
4.0944 1
4.09649 1
4.09857 1
4.10065 1
4.10273 1
4.10481 1
4.10688 1
4.10895 1
4.11102 1
4.11309 1
4.11515 1
4.11721 1
4.11927 1
4.12133 1
4.12338 1
4.12543 1
4.12748 1
4.12953 1
4.13157 1
4.13361 1
4.13565 1
4.13769 1
4.13972 1
4.14175 1
4.14378 1
4.14581 1
4.14783 1
4.14986 1
4.15188 1
4.15389 1
4.15591 1
4.15792 1
4.15993 1
4.16194 1
4.16394 1
4.16594 1
4.16794 1
4.16994 1
4.17194 1
4.17393 1
4.17592 1
4.17791 1
4.1799 1
4.18188 1
4.18386 1
4.18584 1
4.18782 1
4.18979 1
4.19176 1
4.19373 1
4.1957 1
4.19766 1
4.19962 1
4.20158 1
4.20354 1
4.2055 1
4.20745 1
4.2094 1
4.21135 1
4.21329 1
4.21524 1
4.21718 1
4.21912 1
4.22105 1
4.22299 1
4.22492 1
4.22685 1
4.22878 1
4.2307 1
4.23262 1
4.23454 1
4.23646 1
4.23838 1
4.24029 1
4.2422 1
4.24411 1
4.24602 1
4.24792 1
4.24982 1
4.25172 1
4.25362 1
4.25551 1
4.25741 1
4.2593 1
4.26118 1
4.26307 1
4.26495 1
4.26684 1
4.26871 1
4.27059 1
4.27247 1
4.27434 1
4.27621 1
4.27808 1
4.27994 1
4.28181 1
4.28367 1
4.28553 1
4.28738 1
4.28924 1
4.29109 1
4.29294 1
4.29479 1
4.29663 1
4.29848 1
4.30032 1
4.30216 1
4.30399 1
4.30583 1
4.30766 1
4.30949 1
4.31132 1
4.31314 1
4.31497 1
4.31679 1
4.31861 1
4.32042 1
4.32224 1
4.32405 1
4.32586 1
4.32767 1
4.32948 1
4.33128 1
4.33308 1
4.33488 1
4.33668 1
4.33847 1
4.34027 1
4.34206 1
4.34385 1
4.34563 1
4.34742 1
4.3492 1
4.35098 1
4.35276 1
4.35453 1
4.35631 1
4.35808 1
4.35985 1
4.36162 1
4.36338 1
4.36515 1
4.36691 1
4.36867 1
4.37042 1
4.37218 1
4.37393 1
4.37568 1
4.37743 1
4.37918 1
4.38092 1
4.38266 1
4.3844 1
4.38614 1
4.38788 1
4.38961 1
4.39134 1
4.39307 1
4.3948 1
4.39652 1
4.39825 1
4.39997 1
4.40169 1
4.40341 1
4.40512 1
4.40683 1
4.40854 1
4.41025 1
4.41196 1
4.41367 1
4.41537 1
4.41707 1
4.41877 1
4.42046 1
4.42216 1
4.42385 1
4.42554 1
4.42723 1
4.42892 1
4.4306 1
4.43228 1
4.43397 1
4.43564 1
4.43732 1
4.43899 1
4.44067 1
4.44234 1
4.44401 1
4.44567 1
4.44734 1
4.449 1
4.45066 1
4.45232 1
4.45397 1
4.45563 1
4.45728 1
4.45893 1
4.46058 1
4.46223 1
4.46387 1
4.46551 1
4.46715 1
4.46879 1
4.47043 1
4.47206 1
4.4737 1
4.47533 1
4.47696 1
4.47858 1
4.48021 1
4.48183 1
4.48345 1
4.48507 1
4.48669 1
4.4883 1
4.48992 1
4.49153 1
4.49314 1
4.49475 1
4.49635 1
4.49795 1
4.49956 1
4.50116 1
4.50275 1
4.50435 1
4.50594 1
4.50754 1
4.50913 1
4.51071 1
4.5123 1
4.51389 1
4.51547 1
4.51705 1
4.51863 1
4.5202 1
4.52178 1
4.52335 1
4.52492 1
4.52649 1
4.52806 1
4.52963 1
4.53119 1
4.53275 1
4.53431 1
4.53587 1
4.53742 1
4.53898 1
4.54053 1
4.54208 1
4.54363 1
4.54518 1
4.54672 1
4.54827 1
4.54981 1
4.55135 1
4.55288 1
4.55442 1
4.55595 1
4.55749 1
4.55902 1
4.56054 1
4.56207 1
4.5636 1
4.56512 1
4.56664 1
4.56816 1
4.56968 1
4.57119 1
4.57271 1
4.57422 1
4.57573 1
4.57724 1
4.57874 1
4.58025 1
4.58175 1
4.58325 1
4.58475 1
4.58625 1
4.58774 1
4.58924 1
4.59073 1
4.59222 1
4.59371 1
4.59519 1
4.59668 1
4.59816 1
4.59964 1
4.60112 1
4.6026 1
4.60408 1
4.60555 1
4.60702 1
4.6085 1
4.60996 1
4.61143 1
4.6129 1
4.61436 1
4.61582 1
4.61728 1
4.61874 1
4.6202 1
4.62165 1
4.62311 1
4.62456 1
4.62601 1
4.62745 1
4.6289 1
4.63035 1
4.63179 1
4.63323 1
4.63467 1
4.63611 1
4.63754 1
4.63898 1
4.64041 1
4.64184 1
4.64327 1
4.64469 1
4.64612 1
4.64754 1
4.64897 1
4.65039 1
4.65181 1
4.65322 1
4.65464 1
4.65605 1
4.65746 1
4.65887 1
4.66028 1
4.66169 1
4.66309 1
4.6645 1
4.6659 1
4.6673 1
4.6687 1
4.67009 1
4.67149 1
4.67288 1
4.67427 1
4.67566 1
4.67705 1
4.67844 1
4.67982 1
4.68121 1
4.68259 1
4.68397 1
4.68535 1
4.68672 1
4.6881 1
4.68947 1
4.69084 1
4.69221 1
4.69358 1
4.69495 1
4.69631 1
4.69768 1
4.69904 1
4.7004 1
4.70176 1
4.70312 1
4.70447 1
4.70583 1
4.70718 1
4.70853 1
4.70988 1
4.71122 1
4.71257 1
4.71391 1
4.71526 1
4.7166 1
4.71794 1
4.71927 1
4.72061 1
4.72194 1
4.72328 1
4.72461 1
4.72594 1
4.72727 1
4.72859 1
4.72992 1
4.73124 1
4.73256 1
4.73388 1
4.7352 1
4.73652 1
4.73783 1
4.73915 1
4.74046 1
4.74177 1
4.74308 1
4.74439 1
4.74569 1
4.747 1
4.7483 1
4.7496 1
4.7509 1
4.7522 1
4.75349 1
4.75479 1
4.75608 1
4.75737 1
4.75866 1
4.75995 1
4.76124 1
4.76252 1
4.76381 1
4.76509 1
4.76637 1
4.76765 1
4.76893 1
4.77021 1
4.77148 1
4.77275 1
4.77403 1
4.7753 1
4.77657 1
4.77783 1
4.7791 1
4.78036 1
4.78162 1
4.78289 1
4.78415 1
4.7854 1
4.78666 1
4.78792 1
4.78917 1
4.79042 1
4.79167 1
4.79292 1
4.79417 1
4.79541 1
4.79666 1
4.7979 1
4.79914 1
4.80038 1
4.80162 1
4.80286 1
4.80409 1
4.80533 1
4.80656 1
4.80779 1
4.80902 1
4.81025 1
4.81148 1
4.8127 1
4.81393 1
4.81515 1
4.81637 1
4.81759 1
4.81881 1
4.82002 1
4.82124 1
4.82245 1
4.82366 1
4.82488 1
4.82608 1
4.82729 1
4.8285 1
4.8297 1
4.83091 1
4.83211 1
4.83331 1
4.83451 1
4.83571 1
4.8369 1
4.8381 1
4.83929 1
4.84048 1
4.84167 1
4.84286 1
4.84405 1
4.84524 1
4.84642 1
4.8476 1
4.84879 1
4.84997 1
4.85115 1
4.85232 1
4.8535 1
4.85467 1
4.85585 1
4.85702 1
4.85819 1
4.85936 1
4.86053 1
4.86169 1
4.86286 1
4.86402 1
4.86518 1
4.86635 1
4.8675 1
4.86866 1
4.86982 1
4.87097 1
4.87213 1
4.87328 1
4.87443 1
4.87558 1
4.87673 1
4.87788 1
4.87902 1
4.88017 1
4.88131 1
4.88245 1
4.88359 1
4.88473 1
4.88587 1
4.887 1
4.88814 1
4.88927 1
4.8904 1
4.89153 1
4.89266 1
4.89379 1
4.89492 1
4.89604 1
4.89717 1
4.89829 1
4.89941 1
4.90053 1
4.90165 1
4.90276 1
4.90388 1
4.90499 1
4.90611 1
4.90722 1
4.90833 1
4.90944 1
4.91055 1
4.91165 1
4.91276 1
4.91386 1
4.91496 1
4.91607 1
4.91717 1
4.91826 1
4.91936 1
4.92046 1
4.92155 1
4.92264 1
4.92374 1
4.92483 1
4.92592 1
4.927 1
4.92809 1
4.92918 1
4.93026 1
4.93134 1
4.93242 1
4.9335 1
4.93458 1
4.93566 1
4.93674 1
4.93781 1
4.93888 1
4.93996 1
4.94103 1
4.9421 1
4.94317 1
4.94423 1
4.9453 1
4.94636 1
4.94743 1
4.94849 1
4.94955 1
4.95061 1
4.95167 1
4.95273 1
4.95378 1
4.95484 1
4.95589 1
4.95694 1
4.95799 1
4.95904 1
4.96009 1
4.96114 1
4.96218 1
4.96323 1
4.96427 1
4.96531 1
4.96635 1
4.96739 1
4.96843 1
4.96947 1
4.9705 1
4.97154 1
4.97257 1
4.9736 1
4.97463 1
4.97566 1
4.97669 1
4.97772 1
4.97874 1
4.97977 1
4.98079 1
4.98181 1
4.98283 1
4.98385 1
4.98487 1
4.98589 1
4.9869 1
4.98792 1
4.98893 1
4.98994 1
4.99095 1
4.99196 1
4.99297 1
4.99398 1
4.99499 1
4.99599 1
4.997 1
4.998 1
4.999 1
5 1
5.001 1
5.002 1
5.003 1
5.00401 1
5.00501 1
5.00602 1
5.00703 1
5.00804 1
5.00905 1
5.01006 1
5.01107 1
5.01208 1
5.0131 1
5.01411 1
5.01513 1
5.01615 1
5.01717 1
5.01819 1
5.01921 1
5.02023 1
5.02126 1
5.02228 1
5.02331 1
5.02434 1
5.02537 1
5.0264 1
5.02743 1
5.02846 1
5.0295 1
5.03053 1
5.03157 1
5.03261 1
5.03365 1
5.03469 1
5.03573 1
5.03677 1
5.03782 1
5.03886 1
5.03991 1
5.04096 1
5.04201 1
5.04306 1
5.04411 1
5.04516 1
5.04622 1
5.04727 1
5.04833 1
5.04939 1
5.05045 1
5.05151 1
5.05257 1
5.05364 1
5.0547 1
5.05577 1
5.05683 1
5.0579 1
5.05897 1
5.06004 1
5.06112 1
5.06219 1
5.06326 1
5.06434 1
5.06542 1
5.0665 1
5.06758 1
5.06866 1
5.06974 1
5.07082 1
5.07191 1
5.073 1
5.07408 1
5.07517 1
5.07626 1
5.07736 1
5.07845 1
5.07954 1
5.08064 1
5.08174 1
5.08283 1
5.08393 1
5.08504 1
5.08614 1
5.08724 1
5.08835 1
5.08945 1
5.09056 1
5.09167 1
5.09278 1
5.09389 1
5.09501 1
5.09612 1
5.09724 1
5.09835 1
5.09947 1
5.10059 1
5.10171 1
5.10283 1
5.10396 1
5.10508 1
5.10621 1
5.10734 1
5.10847 1
5.1096 1
5.11073 1
5.11186 1
5.113 1
5.11413 1
5.11527 1
5.11641 1
5.11755 1
5.11869 1
5.11983 1
5.12098 1
5.12212 1
5.12327 1
5.12442 1
5.12557 1
5.12672 1
5.12787 1
5.12903 1
5.13018 1
5.13134 1
5.1325 1
5.13365 1
5.13482 1
5.13598 1
5.13714 1
5.13831 1
5.13947 1
5.14064 1
5.14181 1
5.14298 1
5.14415 1
5.14533 1
5.1465 1
5.14768 1
5.14885 1
5.15003 1
5.15121 1
5.1524 1
5.15358 1
5.15476 1
5.15595 1
5.15714 1
5.15833 1
5.15952 1
5.16071 1
5.1619 1
5.1631 1
5.16429 1
5.16549 1
5.16669 1
5.16789 1
5.16909 1
5.1703 1
5.1715 1
5.17271 1
5.17392 1
5.17512 1
5.17634 1
5.17755 1
5.17876 1
5.17998 1
5.18119 1
5.18241 1
5.18363 1
5.18485 1
5.18607 1
5.1873 1
5.18852 1
5.18975 1
5.19098 1
5.19221 1
5.19344 1
5.19467 1
5.19591 1
5.19714 1
5.19838 1
5.19962 1
5.20086 1
5.2021 1
5.20334 1
5.20459 1
5.20583 1
5.20708 1
5.20833 1
5.20958 1
5.21083 1
5.21208 1
5.21334 1
5.2146 1
5.21585 1
5.21711 1
5.21838 1
5.21964 1
5.2209 1
5.22217 1
5.22343 1
5.2247 1
5.22597 1
5.22725 1
5.22852 1
5.22979 1
5.23107 1
5.23235 1
5.23363 1
5.23491 1
5.23619 1
5.23748 1
5.23876 1
5.24005 1
5.24134 1
5.24263 1
5.24392 1
5.24521 1
5.24651 1
5.2478 1
5.2491 1
5.2504 1
5.2517 1
5.253 1
5.25431 1
5.25561 1
5.25692 1
5.25823 1
5.25954 1
5.26085 1
5.26217 1
5.26348 1
5.2648 1
5.26612 1
5.26744 1
5.26876 1
5.27008 1
5.27141 1
5.27273 1
5.27406 1
5.27539 1
5.27672 1
5.27806 1
5.27939 1
5.28073 1
5.28206 1
5.2834 1
5.28474 1
5.28609 1
5.28743 1
5.28878 1
5.29012 1
5.29147 1
5.29282 1
5.29417 1
5.29553 1
5.29688 1
5.29824 1
5.2996 1
5.30096 1
5.30232 1
5.30369 1
5.30505 1
5.30642 1
5.30779 1
5.30916 1
5.31053 1
5.3119 1
5.31328 1
5.31465 1
5.31603 1
5.31741 1
5.31879 1
5.32018 1
5.32156 1
5.32295 1
5.32434 1
5.32573 1
5.32712 1
5.32851 1
5.32991 1
5.3313 1
5.3327 1
5.3341 1
5.3355 1
5.33691 1
5.33831 1
5.33972 1
5.34113 1
5.34254 1
5.34395 1
5.34536 1
5.34678 1
5.34819 1
5.34961 1
5.35103 1
5.35246 1
5.35388 1
5.35531 1
5.35673 1
5.35816 1
5.35959 1
5.36102 1
5.36246 1
5.36389 1
5.36533 1
5.36677 1
5.36821 1
5.36965 1
5.3711 1
5.37255 1
5.37399 1
5.37544 1
5.37689 1
5.37835 1
5.3798 1
5.38126 1
5.38272 1
5.38418 1
5.38564 1
5.3871 1
5.38857 1
5.39004 1
5.3915 1
5.39298 1
5.39445 1
5.39592 1
5.3974 1
5.39888 1
5.40036 1
5.40184 1
5.40332 1
5.40481 1
5.40629 1
5.40778 1
5.40927 1
5.41076 1
5.41226 1
5.41375 1
5.41525 1
5.41675 1
5.41825 1
5.41975 1
5.42126 1
5.42276 1
5.42427 1
5.42578 1
5.42729 1
5.42881 1
5.43032 1
5.43184 1
5.43336 1
5.43488 1
5.4364 1
5.43793 1
5.43946 1
5.44098 1
5.44251 1
5.44405 1
5.44558 1
5.44712 1
5.44865 1
5.45019 1
5.45173 1
5.45328 1
5.45482 1
5.45637 1
5.45792 1
5.45947 1
5.46102 1
5.46258 1
5.46413 1
5.46569 1
5.46725 1
5.46881 1
5.47037 1
5.47194 1
5.47351 1
5.47508 1
5.47665 1
5.47822 1
5.4798 1
5.48137 1
5.48295 1
5.48453 1
5.48611 1
5.4877 1
5.48929 1
5.49087 1
5.49246 1
5.49406 1
5.49565 1
5.49725 1
5.49884 1
5.50044 1
5.50205 1
5.50365 1
5.50525 1
5.50686 1
5.50847 1
5.51008 1
5.5117 1
5.51331 1
5.51493 1
5.51655 1
5.51817 1
5.51979 1
5.52142 1
5.52304 1
5.52467 1
5.5263 1
5.52794 1
5.52957 1
5.53121 1
5.53285 1
5.53449 1
5.53613 1
5.53777 1
5.53942 1
5.54107 1
5.54272 1
5.54437 1
5.54603 1
5.54768 1
5.54934 1
5.551 1
5.55266 1
5.55433 1
5.55599 1
5.55766 1
5.55933 1
5.56101 1
5.56268 1
5.56436 1
5.56603 1
5.56772 1
5.5694 1
5.57108 1
5.57277 1
5.57446 1
5.57615 1
5.57784 1
5.57954 1
5.58123 1
5.58293 1
5.58463 1
5.58633 1
5.58804 1
5.58975 1
5.59146 1
5.59317 1
5.59488 1
5.59659 1
5.59831 1
5.60003 1
5.60175 1
5.60348 1
5.6052 1
5.60693 1
5.60866 1
5.61039 1
5.61212 1
5.61386 1
5.6156 1
5.61734 1
5.61908 1
5.62082 1
5.62257 1
5.62432 1
5.62607 1
5.62782 1
5.62958 1
5.63133 1
5.63309 1
5.63485 1
5.63662 1
5.63838 1
5.64015 1
5.64192 1
5.64369 1
5.64547 1
5.64724 1
5.64902 1
5.6508 1
5.65258 1
5.65437 1
5.65615 1
5.65794 1
5.65973 1
5.66153 1
5.66332 1
5.66512 1
5.66692 1
5.66872 1
5.67052 1
5.67233 1
5.67414 1
5.67595 1
5.67776 1
5.67958 1
5.68139 1
5.68321 1
5.68503 1
5.68686 1
5.68868 1
5.69051 1
5.69234 1
5.69417 1
5.69601 1
5.69784 1
5.69968 1
5.70152 1
5.70337 1
5.70521 1
5.70706 1
5.70891 1
5.71076 1
5.71262 1
5.71447 1
5.71633 1
5.71819 1
5.72006 1
5.72192 1
5.72379 1
5.72566 1
5.72753 1
5.72941 1
5.73129 1
5.73316 1
5.73505 1
5.73693 1
5.73882 1
5.7407 1
5.74259 1
5.74449 1
5.74638 1
5.74828 1
5.75018 1
5.75208 1
5.75398 1
5.75589 1
5.7578 1
5.75971 1
5.76162 1
5.76354 1
5.76546 1
5.76738 1
5.7693 1
5.77122 1
5.77315 1
5.77508 1
5.77701 1
5.77895 1
5.78088 1
5.78282 1
5.78476 1
5.78671 1
5.78865 1
5.7906 1
5.79255 1
5.7945 1
5.79646 1
5.79842 1
5.80038 1
5.80234 1
5.8043 1
5.80627 1
5.80824 1
5.81021 1
5.81218 1
5.81416 1
5.81614 1
5.81812 1
5.8201 1
5.82209 1
5.82408 1
5.82607 1
5.82806 1
5.83006 1
5.83206 1
5.83406 1
5.83606 1
5.83806 1
5.84007 1
5.84208 1
5.84409 1
5.84611 1
5.84812 1
5.85014 1
5.85217 1
5.85419 1
5.85622 1
5.85825 1
5.86028 1
5.86231 1
5.86435 1
5.86639 1
5.86843 1
5.87047 1
5.87252 1
5.87457 1
5.87662 1
5.87867 1
5.88073 1
5.88279 1
5.88485 1
5.88691 1
5.88898 1
5.89105 1
5.89312 1
5.89519 1
5.89727 1
5.89935 1
5.90143 1
5.90351 1
5.9056 1
5.90769 1
5.90978 1
5.91187 1
5.91397 1
5.91607 1
5.91817 1
5.92027 1
5.92238 1
5.92449 1
5.9266 1
5.92871 1
5.93083 1
5.93295 1
5.93507 1
5.93719 1
5.93932 1
5.94145 1
5.94358 1
5.94571 1
5.94785 1
5.94999 1
5.95213 1
5.95428 1
5.95642 1
5.95857 1
5.96073 1
5.96288 1
5.96504 1
5.9672 1
5.96936 1
5.97153 1
5.97369 1
5.97587 1
5.97804 1
5.98021 1
5.98239 1
5.98457 1
5.98676 1
5.98894 1
5.99113 1
5.99332 1
5.99552 1
5.99771 1
5.99991 1
6.00212 1
6.00432 1
6.00653 1
6.00874 1
6.01095 1
6.01317 1
6.01538 1
6.0176 1
6.01983 1
6.02205 1
6.02428 1
6.02651 1
6.02875 1
6.03098 1
6.03322 1
6.03546 1
6.03771 1
6.03996 1
6.04221 1
6.04446 1
6.04672 1
6.04897 1
6.05123 1
6.0535 1
6.05576 1
6.05803 1
6.06031 1
6.06258 1
6.06486 1
6.06714 1
6.06942 1
6.07171 1
6.07399 1
6.07628 1
6.07858 1
6.08087 1
6.08317 1
6.08548 1
6.08778 1
6.09009 1
6.0924 1
6.09471 1
6.09703 1
6.09935 1
6.10167 1
6.10399 1
6.10632 1
6.10865 1
6.11098 1
6.11332 1
6.11566 1
6.118 1
6.12034 1
6.12269 1
6.12504 1
6.12739 1
6.12974 1
6.1321 1
6.13446 1
6.13683 1
6.13919 1
6.14156 1
6.14394 1
6.14631 1
6.14869 1
6.15107 1
6.15345 1
6.15584 1
6.15823 1
6.16062 1
6.16302 1
6.16541 1
6.16782 1
6.17022 1
6.17263 1
6.17504 1
6.17745 1
6.17986 1
6.18228 1
6.1847 1
6.18713 1
6.18955 1
6.19198 1
6.19442 1
6.19685 1
6.19929 1
6.20173 1
6.20418 1
6.20662 1
6.20907 1
6.21153 1
6.21398 1
6.21644 1
6.21891 1
6.22137 1
6.22384 1
6.22631 1
6.22878 1
6.23126 1
6.23374 1
6.23622 1
6.23871 1
6.2412 1
6.24369 1
6.24619 1
6.24868 1
6.25119 1
6.25369 1
6.2562 1
6.25871 1
6.26122 1
6.26374 1
6.26625 1
6.26878 1
6.2713 1
6.27383 1
6.27636 1
6.2789 1
6.28143 1
6.28397 1
6.28652 1
6.28906 1
6.29161 1
6.29416 1
6.29672 1
6.29928 1
6.30184 1
6.30441 1
6.30697 1
6.30954 1
6.31212 1
6.3147 1
6.31728 1
6.31986 1
6.32245 1
6.32504 1
6.32763 1
6.33022 1
6.33282 1
6.33543 1
6.33803 1
6.34064 1
6.34325 1
6.34587 1
6.34848 1
6.3511 1
6.35373 1
6.35636 1
6.35899 1
6.36162 1
6.36426 1
6.3669 1
6.36954 1
6.37219 1
6.37483 1
6.37749 1
6.38014 1
6.3828 1
6.38546 1
6.38813 1
6.3908 1
6.39347 1
6.39614 1
6.39882 1
6.4015 1
6.40419 1
6.40688 1
6.40957 1
6.41226 1
6.41496 1
6.41766 1
6.42037 1
6.42307 1
6.42578 1
6.4285 1
6.43121 1
6.43393 1
6.43666 1
6.43938 1
6.44211 1
6.44485 1
6.44759 1
6.45033 1
6.45307 1
6.45582 1
6.45857 1
6.46132 1
6.46407 1
6.46683 1
6.4696 1
6.47236 1
6.47513 1
6.47791 1
6.48068 1
6.48346 1
6.48625 1
6.48903 1
6.49182 1
6.49462 1
6.49741 1
6.50021 1
6.50302 1
6.50582 1
6.50863 1
6.51145 1
6.51426 1
6.51708 1
6.51991 1
6.52273 1
6.52556 1
6.5284 1
6.53123 1
6.53408 1
6.53692 1
6.53977 1
6.54262 1
6.54547 1
6.54833 1
6.55119 1
6.55406 1
6.55692 1
6.55979 1
6.56267 1
6.56555 1
6.56843 1
6.57132 1
6.5742 1
6.5771 1
6.57999 1
6.58289 1
6.58579 1
6.5887 1
6.59161 1
6.59452 1
6.59744 1
6.60036 1
6.60328 1
6.60621 1
6.60914 1
6.61208 1
6.61501 1
6.61795 1
6.6209 1
6.62385 1
6.6268 1
6.62975 1
6.63271 1
6.63568 1
6.63864 1
6.64161 1
6.64459 1
6.64756 1
6.65054 1
6.65353 1
6.65651 1
6.6595 1
6.6625 1
6.6655 1
6.6685 1
6.67151 1
6.67451 1
6.67753 1
6.68054 1
6.68356 1
6.68659 1
6.68961 1
6.69265 1
6.69568 1
6.69872 1
6.70176 1
6.70481 1
6.70786 1
6.71091 1
6.71396 1
6.71702 1
6.72009 1
6.72316 1
6.72623 1
6.7293 1
6.73238 1
6.73546 1
6.73855 1
6.74164 1
6.74473 1
6.74783 1
6.75093 1
6.75404 1
6.75714 1
6.76026 1
6.76337 1
6.76649 1
6.76961 1
6.77274 1
6.77587 1
6.77901 1
6.78215 1
6.78529 1
6.78843 1
6.79158 1
6.79474 1
6.79789 1
6.80105 1
6.80422 1
6.80739 1
6.81056 1
6.81374 1
6.81692 1
6.8201 1
6.82329 1
6.82648 1
6.82968 1
6.83288 1
6.83608 1
6.83929 1
6.8425 1
6.84571 1
6.84893 1
6.85215 1
6.85538 1
6.85861 1
6.86184 1
6.86508 1
6.86832 1
6.87157 1
6.87482 1
6.87807 1
6.88133 1
6.88459 1
6.88786 1
6.89112 1
6.8944 1
6.89767 1
6.90096 1
6.90424 1
6.90753 1
6.91082 1
6.91412 1
6.91742 1
6.92072 1
6.92403 1
6.92735 1
6.93066 1
6.93398 1
6.93731 1
6.94064 1
6.94397 1
6.94731 1
6.95065 1
6.95399 1
6.95734 1
6.96069 1
6.96405 1
6.96741 1
6.97077 1
6.97414 1
6.97752 1
6.98089 1
6.98427 1
6.98766 1
6.99105 1
6.99444 1
6.99784 1
7.00124 1
7.00465 1
7.00806 1
7.01147 1
7.01489 1
7.01831 1
7.02173 1
7.02517 1
7.0286 1
7.03204 1
7.03548 1
7.03893 1
7.04238 1
7.04583 1
7.04929 1
7.05275 1
7.05622 1
7.05969 1
7.06317 1
7.06665 1
7.07013 1
7.07362 1
7.07711 1
7.08061 1
7.08411 1
7.08762 1
7.09113 1
7.09464 1
7.09816 1
7.10168 1
7.10521 1
7.10874 1
7.11227 1
7.11581 1
7.11935 1
7.1229 1
7.12645 1
7.13001 1
7.13357 1
7.13713 1
7.1407 1
7.14427 1
7.14785 1
7.15143 1
7.15502 1
7.15861 1
7.1622 1
7.1658 1
7.16941 1
7.17301 1
7.17663 1
7.18024 1
7.18386 1
7.18749 1
7.19112 1
7.19475 1
7.19839 1
7.20203 1
7.20568 1
7.20933 1
7.21299 1
7.21664 1
7.22031 1
7.22398 1
7.22765 1
7.23133 1
7.23501 1
7.2387 1
7.24239 1
7.24608 1
7.24978 1
7.25349 1
7.2572 1
7.26091 1
7.26463 1
7.26835 1
7.27208 1
7.27581 1
7.27954 1
7.28328 1
7.28703 1
7.29078 1
7.29453 1
7.29829 1
7.30205 1
7.30582 1
7.30959 1
7.31336 1
7.31714 1
7.32093 1
7.32472 1
7.32851 1
7.33231 1
7.33612 1
7.33992 1
7.34374 1
7.34755 1
7.35138 1
7.3552 1
7.35903 1
7.36287 1
7.36671 1
7.37055 1
7.3744 1
7.37826 1
7.38211 1
7.38598 1
7.38985 1
7.39372 1
7.3976 1
7.40148 1
7.40536 1
7.40925 1
7.41315 1
7.41705 1
7.42096 1
7.42487 1
7.42878 1
7.4327 1
7.43662 1
7.44055 1
7.44449 1
7.44843 1
7.45237 1
7.45632 1
7.46027 1
7.46423 1
7.46819 1
7.47215 1
7.47613 1
7.4801 1
7.48408 1
7.48807 1
7.49206 1
7.49605 1
7.50005 1
7.50406 1
7.50807 1
7.51208 1
7.5161 1
7.52013 1
7.52416 1
7.52819 1
7.53223 1
7.53627 1
7.54032 1
7.54438 1
7.54843 1
7.5525 1
7.55656 1
7.56064 1
7.56472 1
7.5688 1
7.57289 1
7.57698 1
7.58108 1
7.58518 1
7.58929 1
7.5934 1
7.59751 1
7.60164 1
7.60576 1
7.6099 1
7.61403 1
7.61818 1
7.62232 1
7.62647 1
7.63063 1
7.63479 1
7.63896 1
7.64313 1
7.64731 1
7.65149 1
7.65568 1
7.65987 1
7.66407 1
7.66827 1
7.67248 1
7.67669 1
7.68091 1
7.68513 1
7.68936 1
7.69359 1
7.69783 1
7.70207 1
7.70632 1
7.71057 1
7.71483 1
7.71909 1
7.72336 1
7.72763 1
7.73191 1
7.73619 1
7.74048 1
7.74478 1
7.74908 1
7.75338 1
7.75769 1
7.762 1
7.76632 1
7.77065 1
7.77498 1
7.77932 1
7.78366 1
7.788 1
7.79235 1
7.79671 1
7.80107 1
7.80544 1
7.80981 1
7.81419 1
7.81857 1
7.82296 1
7.82735 1
7.83175 1
7.83615 1
7.84056 1
7.84498 1
7.84939 1
7.85382 1
7.85825 1
7.86269 1
7.86713 1
7.87157 1
7.87602 1
7.88048 1
7.88494 1
7.88941 1
7.89388 1
7.89836 1
7.90285 1
7.90733 1
7.91183 1
7.91633 1
7.92083 1
7.92535 1
7.92986 1
7.93438 1
7.93891 1
7.94344 1
7.94798 1
7.95252 1
7.95707 1
7.96163 1
7.96619 1
7.97075 1
7.97532 1
7.9799 1
7.98448 1
7.98907 1
7.99366 1
7.99826 1
8.00286 1
8.00747 1
8.01209 1
8.01671 1
8.02133 1
8.02596 1
8.0306 1
8.03524 1
8.03989 1
8.04455 1
8.04921 1
8.05387 1
8.05854 1
8.06322 1
8.0679 1
8.07259 1
8.07728 1
8.08198 1
8.08668 1
8.09139 1
8.09611 1
8.10083 1
8.10556 1
8.11029 1
8.11503 1
8.11977 1
8.12452 1
8.12928 1
8.13404 1
8.13881 1
8.14358 1
8.14836 1
8.15314 1
8.15793 1
8.16273 1
8.16753 1
8.17234 1
8.17715 1
8.18197 1
8.18679 1
8.19162 1
8.19646 1
8.2013 1
8.20615 1
8.211 1
8.21586 1
8.22073 1
8.2256 1
8.23048 1
8.23536 1
8.24025 1
8.24514 1
8.25004 1
8.25495 1
8.25986 1
8.26478 1
8.2697 1
8.27463 1
8.27957 1
8.28451 1
8.28946 1
8.29441 1
8.29937 1
8.30434 1
8.30931 1
8.31429 1
8.31927 1
8.32426 1
8.32926 1
8.33426 1
8.33927 1
8.34428 1
8.3493 1
8.35433 1
8.35936 1
8.36439 1
8.36944 1
8.37449 1
8.37954 1
8.38461 1
8.38967 1
8.39475 1
8.39983 1
8.40492 1
8.41001 1
8.41511 1
8.42021 1
8.42532 1
8.43044 1
8.43556 1
8.44069 1
8.44583 1
8.45097 1
8.45612 1
8.46127 1
8.46643 1
8.4716 1
8.47677 1
8.48195 1
8.48714 1
8.49233 1
8.49752 1
8.50273 1
8.50794 1
8.51315 1
8.51838 1
8.52361 1
8.52884 1
8.53408 1
8.53933 1
8.54458 1
8.54985 1
8.55511 1
8.56039 1
8.56566 1
8.57095 1
8.57624 1
8.58154 1
8.58685 1
8.59216 1
8.59747 1
8.6028 1
8.60813 1
8.61347 1
8.61881 1
8.62416 1
8.62951 1
8.63488 1
8.64025 1
8.64562 1
8.651 1
8.65639 1
8.66179 1
8.66719 1
8.6726 1
8.67801 1
8.68343 1
8.68886 1
8.69429 1
8.69973 1
8.70518 1
8.71063 1
8.71609 1
8.72156 1
8.72703 1
8.73251 1
8.738 1
8.74349 1
8.74899 1
8.7545 1
8.76001 1
8.76553 1
8.77105 1
8.77659 1
8.78213 1
8.78767 1
8.79322 1
8.79878 1
8.80435 1
8.80992 1
8.8155 1
8.82109 1
8.82668 1
8.83228 1
8.83789 1
8.8435 1
8.84912 1
8.85475 1
8.86038 1
8.86602 1
8.87167 1
8.87732 1
8.88298 1
8.88865 1
8.89432 1
8.9 1
8.90569 1
8.91138 1
8.91708 1
8.92279 1
8.92851 1
8.93423 1
8.93996 1
8.94569 1
8.95144 1
8.95719 1
8.96294 1
8.96871 1
8.97448 1
8.98025 1
8.98604 1
8.99183 1
8.99763 1
9.00343 1
9.00924 1
9.01506 1
9.02089 1
9.02672 1
9.03256 1
9.03841 1
9.04426 1
9.05012 1
9.05599 1
9.06186 1
9.06775 1
9.07364 1
9.07953 1
9.08544 1
9.09135 1
9.09726 1
9.10319 1
9.10912 1
9.11506 1
9.12101 1
9.12696 1
9.13292 1
9.13889 1
9.14486 1
9.15084 1
9.15683 1
9.16283 1
9.16883 1
9.17484 1
9.18086 1
9.18689 1
9.19292 1
9.19896 1
9.205 1
9.21106 1
9.21712 1
9.22319 1
9.22927 1
9.23535 1
9.24144 1
9.24754 1
9.25364 1
9.25976 1
9.26588 1
9.272 1
9.27814 1
9.28428 1
9.29043 1
9.29659 1
9.30275 1
9.30892 1
9.3151 1
9.32129 1
9.32748 1
9.33368 1
9.33989 1
9.34611 1
9.35233 1
9.35856 1
9.3648 1
9.37105 1
9.3773 1
9.38356 1
9.38983 1
9.39611 1
9.40239 1
9.40868 1
9.41498 1
9.42129 1
9.4276 1
9.43392 1
9.44025 1
9.44659 1
9.45294 1
9.45929 1
9.46565 1
9.47201 1
9.47839 1
9.48477 1
9.49116 1
9.49756 1
9.50397 1
9.51038 1
9.5168 1
9.52323 1
9.52967 1
9.53611 1
9.54256 1
9.54902 1
9.55549 1
9.56197 1
9.56845 1
9.57494 1
9.58144 1
9.58795 1
9.59446 1
9.60098 1
9.60751 1
9.61405 1
9.6206 1
9.62715 1
9.63371 1
9.64028 1
9.64686 1
9.65344 1
9.66004 1
9.66664 1
9.67325 1
9.67986 1
9.68649 1
9.69312 1
9.69976 1
9.70641 1
9.71307 1
9.71973 1
9.72641 1
9.73309 1
9.73978 1
9.74647 1
9.75318 1
9.75989 1
9.76661 1
9.77334 1
9.78008 1
9.78682 1
9.79358 1
9.80034 1
9.80711 1
9.81389 1
9.82067 1
9.82747 1
9.83427 1
9.84108 1
9.8479 1
9.85472 1
9.86156 1
9.8684 1
9.87525 1
9.88211 1
9.88898 1
9.89586 1
9.90274 1
9.90964 1
9.91654 1
9.92345 1
9.93036 1
9.93729 1
9.94422 1
9.95117 1
9.95812 1
9.96508 1
9.97205 1
9.97902 1
9.98601 1
9.993 1
10 1
