Boron vs Depth
4541 2 2
Depth
Boron
0 2e+022
0.00700127 1.89178e+022
0.0139941 1.78946e+022
0.0209786 1.69288e+022
0.0279547 1.60186e+022
0.0349224 1.51616e+022
0.0418818 1.43557e+022
0.0488327 1.35982e+022
0.0557754 1.28868e+022
0.0627097 1.22189e+022
0.0696357 1.15919e+022
0.0765534 1.10034e+022
0.0834628 1.04512e+022
0.0903638 9.93286e+021
0.0972566 9.44628e+021
0.104141 8.9894e+021
0.111017 8.56026e+021
0.117885 8.15704e+021
0.124745 7.77801e+021
0.131597 7.42157e+021
0.13844 7.08619e+021
0.145275 6.77048e+021
0.152102 6.47311e+021
0.158921 6.19287e+021
0.165731 5.9286e+021
0.172533 5.67927e+021
0.179328 5.44387e+021
0.186114 5.22149e+021
0.192891 5.01129e+021
0.199661 4.81248e+021
0.206423 4.62432e+021
0.213176 4.44612e+021
0.219922 4.27727e+021
0.226659 4.11717e+021
0.233388 3.96527e+021
0.240109 3.82107e+021
0.246822 3.68409e+021
0.253527 3.5539e+021
0.260224 3.43009e+021
0.266913 3.31228e+021
0.273594 3.2001e+021
0.280267 3.09324e+021
0.286931 2.99138e+021
0.293588 2.89424e+021
0.300237 2.80154e+021
0.306878 2.71304e+021
0.313511 2.62851e+021
0.320136 2.54771e+021
0.326753 2.47046e+021
0.333362 2.39655e+021
0.339963 2.32582e+021
0.346556 2.25808e+021
0.353141 2.19318e+021
0.359718 2.13097e+021
0.366288 2.07132e+021
0.372849 2.0141e+021
0.379403 1.95917e+021
0.385949 1.90643e+021
0.392487 1.85577e+021
0.399017 1.80709e+021
0.405539 1.76028e+021
0.412054 1.71526e+021
0.41856 1.67195e+021
0.425059 1.63026e+021
0.43155 1.59011e+021
0.438033 1.55144e+021
0.444509 1.51418e+021
0.450976 1.47826e+021
0.457436 1.44362e+021
0.463889 1.41021e+021
0.470333 1.37797e+021
0.47677 1.34685e+021
0.483198 1.3168e+021
0.48962 1.28777e+021
0.496033 1.25972e+021
0.502439 1.23261e+021
0.508837 1.20641e+021
0.515228 1.18106e+021
0.52161 1.15654e+021
0.527985 1.13281e+021
0.534353 1.10985e+021
0.540713 1.08761e+021
0.547065 1.06608e+021
0.553409 1.04521e+021
0.559746 1.025e+021
0.566076 1.0054e+021
0.572397 9.86408e+020
0.578711 9.67986e+020
0.585018 9.50117e+020
0.591317 9.3278e+020
0.597608 9.15955e+020
0.603892 8.99623e+020
0.610169 8.83766e+020
0.616437 8.68367e+020
0.622699 8.5341e+020
0.628952 8.38877e+020
0.635199 8.24755e+020
0.641437 8.11028e+020
0.647669 7.97683e+020
0.653892 7.84706e+020
0.660109 7.72085e+020
0.666318 7.59807e+020
0.672519 7.47862e+020
0.678713 7.36237e+020
0.684899 7.24921e+020
0.691078 7.13905e+020
0.69725 7.03179e+020
0.703414 6.92733e+020
0.709571 6.82557e+020
0.715721 6.72644e+020
0.721863 6.62985e+020
0.727997 6.53571e+020
0.734125 6.44395e+020
0.740245 6.35449e+020
0.746357 6.26726e+020
0.752463 6.18219e+020
0.758561 6.09922e+020
0.764651 6.01828e+020
0.770735 5.93931e+020
0.776811 5.86225e+020
0.782879 5.78704e+020
0.788941 5.71362e+020
0.794995 5.64195e+020
0.801042 5.57197e+020
0.807082 5.50363e+020
0.813114 5.43689e+020
0.819139 5.3717e+020
0.825157 5.308e+020
0.831168 5.24577e+020
0.837171 5.18496e+020
0.843168 5.12553e+020
0.849157 5.06744e+020
0.855139 5.01065e+020
0.861113 4.95513e+020
0.867081 4.90083e+020
0.873041 4.84774e+020
0.878994 4.79582e+020
0.884941 4.74502e+020
0.890879 4.69533e+020
0.896811 4.64672e+020
0.902736 4.59915e+020
0.908654 4.5526e+020
0.914564 4.50704e+020
0.920467 4.46244e+020
0.926364 4.41878e+020
0.932253 4.37604e+020
0.938135 4.33419e+020
0.94401 4.29321e+020
0.949878 4.25308e+020
0.955739 4.21377e+020
0.961593 4.17527e+020
0.96744 4.13755e+020
0.97328 4.1006e+020
0.979113 4.0644e+020
0.984939 4.02892e+020
0.990758 3.99415e+020
0.996569 3.96007e+020
1.00237 3.92667e+020
1.00817 3.89393e+020
1.01396 3.86184e+020
1.01975 3.83037e+020
1.02552 3.79951e+020
1.03129 3.76926e+020
1.03706 3.73959e+020
1.04281 3.71049e+020
1.04856 3.68194e+020
1.05431 3.65394e+020
1.06004 3.62648e+020
1.06577 3.59953e+020
1.07149 3.57309e+020
1.07721 3.54715e+020
1.08292 3.5217e+020
1.08862 3.49672e+020
1.09431 3.4722e+020
1.1 3.44813e+020
1.10568 3.42451e+020
1.11135 3.40132e+020
1.11702 3.37856e+020
1.12268 3.35621e+020
1.12833 3.33426e+020
1.13398 3.31272e+020
1.13962 3.29156e+020
1.14525 3.27078e+020
1.15088 3.25037e+020
1.1565 3.23033e+020
1.16211 3.21064e+020
1.16772 3.1913e+020
1.17332 3.1723e+020
1.17891 3.15363e+020
1.1845 3.13529e+020
1.19008 3.11728e+020
1.19565 3.09957e+020
1.20122 3.08217e+020
1.20678 3.06508e+020
1.21233 3.04827e+020
1.21787 3.03176e+020
1.22341 3.01553e+020
1.22895 2.99957e+020
1.23447 2.98389e+020
1.23999 2.96847e+020
1.2455 2.95331e+020
1.25101 2.93841e+020
1.25651 2.92376e+020
1.262 2.90935e+020
1.26749 2.89519e+020
1.27297 2.88126e+020
1.27844 2.86756e+020
1.28391 2.85409e+020
1.28937 2.84084e+020
1.29482 2.82781e+020
1.30027 2.81499e+020
1.30571 2.80238e+020
1.31114 2.78998e+020
1.31657 2.77778e+020
1.32199 2.76577e+020
1.3274 2.75397e+020
1.33281 2.74235e+020
1.33821 2.73092e+020
1.34361 2.71967e+020
1.349 2.7086e+020
1.35438 2.69771e+020
1.35975 2.68699e+020
1.36512 2.67644e+020
1.37049 2.66606e+020
1.37584 2.65585e+020
1.38119 2.64579e+020
1.38653 2.63589e+020
1.39187 2.62615e+020
1.3972 2.61656e+020
1.40253 2.60712e+020
1.40784 2.59783e+020
1.41315 2.58868e+020
1.41846 2.57967e+020
1.42376 2.5708e+020
1.42905 2.56207e+020
1.43434 2.55348e+020
1.43961 2.54501e+020
1.44489 2.53668e+020
1.45015 2.52847e+020
1.45542 2.52039e+020
1.46067 2.51243e+020
1.46592 2.50459e+020
1.47116 2.49687e+020
1.47639 2.48926e+020
1.48162 2.48177e+020
1.48685 2.4744e+020
1.49206 2.46713e+020
1.49727 2.45998e+020
1.50248 2.45293e+020
1.50767 2.44598e+020
1.51286 2.43914e+020
1.51805 2.4324e+020
1.52323 2.42576e+020
1.5284 2.41922e+020
1.53357 2.41278e+020
1.53873 2.40643e+020
1.54388 2.40017e+020
1.54903 2.39401e+020
1.55417 2.38794e+020
1.55931 2.38195e+020
1.56444 2.37605e+020
1.56956 2.37024e+020
1.57468 2.36452e+020
1.57979 2.35887e+020
1.58489 2.35331e+020
1.58999 2.34783e+020
1.59508 2.34243e+020
1.60017 2.33711e+020
1.60525 2.33186e+020
1.61033 2.32669e+020
1.61539 2.32159e+020
1.62046 2.31656e+020
1.62551 2.31161e+020
1.63056 2.30673e+020
1.63561 2.30192e+020
1.64064 2.29717e+020
1.64567 2.2925e+020
1.6507 2.28789e+020
1.65572 2.28334e+020
1.66073 2.27886e+020
1.66574 2.27445e+020
1.67074 2.27009e+020
1.67574 2.2658e+020
1.68073 2.26156e+020
1.68571 2.25739e+020
1.69069 2.25327e+020
1.69566 2.24922e+020
1.70063 2.24522e+020
1.70559 2.24127e+020
1.71054 2.23738e+020
1.71549 2.23354e+020
1.72043 2.22976e+020
1.72537 2.22603e+020
1.7303 2.22235e+020
1.73522 2.21873e+020
1.74014 2.21515e+020
1.74505 2.21162e+020
1.74996 2.20814e+020
1.75486 2.20471e+020
1.75975 2.20132e+020
1.76464 2.19799e+020
1.76952 2.19469e+020
1.7744 2.19145e+020
1.77927 2.18824e+020
1.78414 2.18508e+020
1.789 2.18197e+020
1.79385 2.17889e+020
1.7987 2.17586e+020
1.80354 2.17287e+020
1.80838 2.16992e+020
1.81321 2.16701e+020
1.81803 2.16414e+020
1.82285 2.16131e+020
1.82766 2.1585e+020
1.83247 2.15569e+020
1.83727 2.15288e+020
1.84207 2.15007e+020
1.84686 2.14727e+020
1.85164 2.14446e+020
1.85642 2.14166e+020
1.86119 2.13886e+020
1.86596 2.13607e+020
1.87072 2.13327e+020
1.87548 2.13047e+020
1.88023 2.12768e+020
1.88497 2.12489e+020
1.88971 2.1221e+020
1.89444 2.11931e+020
1.89917 2.11652e+020
1.90389 2.11374e+020
1.90861 2.11096e+020
1.91332 2.10817e+020
1.91802 2.10539e+020
1.92272 2.10262e+020
1.92741 2.09984e+020
1.9321 2.09707e+020
1.93678 2.09429e+020
1.94146 2.09152e+020
1.94613 2.08875e+020
1.95079 2.08598e+020
1.95545 2.08322e+020
1.96011 2.08045e+020
1.96476 2.07769e+020
1.9694 2.07493e+020
1.97404 2.07217e+020
1.97867 2.06941e+020
1.98329 2.06666e+020
1.98791 2.0639e+020
1.99253 2.06115e+020
1.99714 2.0584e+020
2.00174 2.05565e+020
2.00634 2.0529e+020
2.01093 2.05016e+020
2.01552 2.04741e+020
2.0201 2.04467e+020
2.02468 2.04193e+020
2.02925 2.03919e+020
2.03381 2.03645e+020
2.03837 2.03372e+020
2.04293 2.03098e+020
2.04748 2.02825e+020
2.05202 2.02552e+020
2.05656 2.02279e+020
2.06109 2.02007e+020
2.06562 2.01734e+020
2.07014 2.01462e+020
2.07465 2.0119e+020
2.07917 2.00918e+020
2.08367 2.00646e+020
2.08817 2.00374e+020
2.09267 2.00103e+020
2.09715 1.99832e+020
2.10164 1.99561e+020
2.10612 1.9929e+020
2.11059 1.99019e+020
2.11506 1.98748e+020
2.11952 1.98478e+020
2.12398 1.98208e+020
2.12843 1.97938e+020
2.13287 1.97668e+020
2.13731 1.97398e+020
2.14175 1.97129e+020
2.14618 1.96859e+020
2.15061 1.9659e+020
2.15502 1.96321e+020
2.15944 1.96052e+020
2.16385 1.95784e+020
2.16825 1.95515e+020
2.17265 1.95247e+020
2.17704 1.94979e+020
2.18143 1.94711e+020
2.18581 1.94443e+020
2.19019 1.94175e+020
2.19456 1.93908e+020
2.19893 1.93641e+020
2.20329 1.93374e+020
2.20765 1.93107e+020
2.212 1.9284e+020
2.21634 1.92574e+020
2.22068 1.92307e+020
2.22502 1.92041e+020
2.22935 1.91775e+020
2.23368 1.91509e+020
2.238 1.91244e+020
2.24231 1.90978e+020
2.24662 1.90713e+020
2.25092 1.90448e+020
2.25522 1.90183e+020
2.25952 1.89918e+020
2.26381 1.89654e+020
2.26809 1.89389e+020
2.27237 1.89125e+020
2.27664 1.88861e+020
2.28091 1.88597e+020
2.28517 1.88333e+020
2.28943 1.8807e+020
2.29368 1.87807e+020
2.29793 1.87543e+020
2.30217 1.87281e+020
2.30641 1.87018e+020
2.31064 1.86755e+020
2.31487 1.86493e+020
2.31909 1.8623e+020
2.32331 1.85968e+020
2.32752 1.85707e+020
2.33173 1.85445e+020
2.33593 1.85183e+020
2.34013 1.84922e+020
2.34432 1.84661e+020
2.34851 1.844e+020
2.35269 1.84139e+020
2.35687 1.83878e+020
2.36104 1.83618e+020
2.36521 1.83358e+020
2.36937 1.83098e+020
2.37353 1.82838e+020
2.37768 1.82578e+020
2.38182 1.82319e+020
2.38597 1.82059e+020
2.3901 1.818e+020
2.39424 1.81541e+020
2.39836 1.81282e+020
2.40249 1.81024e+020
2.4066 1.80765e+020
2.41071 1.80507e+020
2.41482 1.80249e+020
2.41892 1.79991e+020
2.42302 1.79733e+020
2.42711 1.79476e+020
2.4312 1.79218e+020
2.43528 1.78961e+020
2.43936 1.78704e+020
2.44344 1.78447e+020
2.4475 1.78191e+020
2.45157 1.77934e+020
2.45562 1.77678e+020
2.45968 1.77422e+020
2.46373 1.77166e+020
2.46777 1.7691e+020
2.47181 1.76655e+020
2.47584 1.76399e+020
2.47987 1.76144e+020
2.4839 1.75889e+020
2.48792 1.75634e+020
2.49193 1.7538e+020
2.49594 1.75125e+020
2.49995 1.74871e+020
2.50395 1.74617e+020
2.50794 1.74363e+020
2.51193 1.74109e+020
2.51592 1.73856e+020
2.5199 1.73602e+020
2.52387 1.73349e+020
2.52785 1.73096e+020
2.53181 1.72844e+020
2.53577 1.72591e+020
2.53973 1.72338e+020
2.54368 1.72086e+020
2.54763 1.71834e+020
2.55157 1.71582e+020
2.55551 1.71331e+020
2.55945 1.71079e+020
2.56338 1.70828e+020
2.5673 1.70577e+020
2.57122 1.70326e+020
2.57513 1.70075e+020
2.57904 1.69824e+020
2.58295 1.69574e+020
2.58685 1.69324e+020
2.59075 1.69074e+020
2.59464 1.68824e+020
2.59852 1.68574e+020
2.6024 1.68324e+020
2.60628 1.68075e+020
2.61015 1.67826e+020
2.61402 1.67577e+020
2.61789 1.67328e+020
2.62174 1.6708e+020
2.6256 1.66831e+020
2.62945 1.66583e+020
2.63329 1.66335e+020
2.63713 1.66087e+020
2.64097 1.6584e+020
2.6448 1.65592e+020
2.64862 1.65345e+020
2.65245 1.65098e+020
2.65626 1.64851e+020
2.66008 1.64604e+020
2.66388 1.64358e+020
2.66769 1.64111e+020
2.67149 1.63865e+020
2.67528 1.63619e+020
2.67907 1.63373e+020
2.68286 1.63128e+020
2.68664 1.62882e+020
2.69041 1.62637e+020
2.69418 1.62392e+020
2.69795 1.62147e+020
2.70171 1.61902e+020
2.70547 1.61658e+020
2.70922 1.61413e+020
2.71297 1.61169e+020
2.71672 1.60925e+020
2.72046 1.60681e+020
2.72419 1.60438e+020
2.72792 1.60194e+020
2.73165 1.59951e+020
2.73537 1.59708e+020
2.73909 1.59465e+020
2.7428 1.59223e+020
2.74651 1.5898e+020
2.75022 1.58738e+020
2.75392 1.58496e+020
2.75761 1.58254e+020
2.7613 1.58012e+020
2.76499 1.57771e+020
2.76867 1.57529e+020
2.77235 1.57288e+020
2.77602 1.57047e+020
2.77969 1.56806e+020
2.78336 1.56565e+020
2.78701 1.56325e+020
2.79067 1.56085e+020
2.79432 1.55845e+020
2.79797 1.55605e+020
2.80161 1.55365e+020
2.80525 1.55126e+020
2.80888 1.54886e+020
2.81251 1.54647e+020
2.81614 1.54408e+020
2.81976 1.54169e+020
2.82337 1.53931e+020
2.82699 1.53692e+020
2.83059 1.53454e+020
2.8342 1.53216e+020
2.8378 1.52978e+020
2.84139 1.5274e+020
2.84498 1.52503e+020
2.84857 1.52266e+020
2.85215 1.52029e+020
2.85573 1.51792e+020
2.8593 1.51555e+020
2.86287 1.51318e+020
2.86643 1.51082e+020
2.86999 1.50846e+020
2.87355 1.5061e+020
2.8771 1.50374e+020
2.88065 1.50138e+020
2.88419 1.49903e+020
2.88773 1.49668e+020
2.89126 1.49432e+020
2.89479 1.49198e+020
2.89832 1.48963e+020
2.90184 1.48728e+020
2.90536 1.48494e+020
2.90887 1.4826e+020
2.91238 1.48026e+020
2.91589 1.47792e+020
2.91939 1.47558e+020
2.92289 1.47325e+020
2.92638 1.47092e+020
2.92987 1.46859e+020
2.93335 1.46626e+020
2.93683 1.46393e+020
2.94031 1.46161e+020
2.94378 1.45928e+020
2.94725 1.45696e+020
2.95071 1.45464e+020
2.95417 1.45233e+020
2.95762 1.45001e+020
2.96107 1.4477e+020
2.96452 1.44539e+020
2.96796 1.44308e+020
2.9714 1.44077e+020
2.97483 1.43846e+020
2.97827 1.43616e+020
2.98169 1.43385e+020
2.98511 1.43155e+020
2.98853 1.42925e+020
2.99194 1.42696e+020
2.99535 1.42466e+020
2.99876 1.42237e+020
3.00216 1.42008e+020
3.00556 1.41779e+020
3.00895 1.4155e+020
3.01234 1.41321e+020
3.01573 1.41093e+020
3.01911 1.40865e+020
3.02248 1.40637e+020
3.02586 1.40409e+020
3.02923 1.40181e+020
3.03259 1.39954e+020
3.03595 1.39726e+020
3.03931 1.39499e+020
3.04266 1.39272e+020
3.04601 1.39045e+020
3.04935 1.38819e+020
3.05269 1.38592e+020
3.05603 1.38366e+020
3.05936 1.3814e+020
3.06269 1.37914e+020
3.06602 1.37689e+020
3.06934 1.37463e+020
3.07265 1.37238e+020
3.07597 1.37013e+020
3.07928 1.36788e+020
3.08258 1.36563e+020
3.08588 1.36339e+020
3.08918 1.36114e+020
3.09247 1.3589e+020
3.09576 1.35666e+020
3.09904 1.35442e+020
3.10233 1.35219e+020
3.1056 1.34995e+020
3.10888 1.34772e+020
3.11214 1.34549e+020
3.11541 1.34326e+020
3.11867 1.34103e+020
3.12193 1.33881e+020
3.12518 1.33659e+020
3.12843 1.33436e+020
3.13168 1.33215e+020
3.13492 1.32993e+020
3.13816 1.32771e+020
3.14139 1.3255e+020
3.14462 1.32329e+020
3.14785 1.32107e+020
3.15107 1.31887e+020
3.15429 1.31666e+020
3.1575 1.31445e+020
3.16071 1.31225e+020
3.16392 1.31005e+020
3.16712 1.30785e+020
3.17032 1.30565e+020
3.17352 1.30346e+020
3.17671 1.30126e+020
3.1799 1.29907e+020
3.18308 1.29688e+020
3.18626 1.29469e+020
3.18944 1.29251e+020
3.19261 1.29032e+020
3.19578 1.28814e+020
3.19895 1.28596e+020
3.20211 1.28378e+020
3.20526 1.2816e+020
3.20842 1.27943e+020
3.21157 1.27725e+020
3.21471 1.27508e+020
3.21785 1.27291e+020
3.22099 1.27074e+020
3.22413 1.26858e+020
3.22726 1.26641e+020
3.23039 1.26425e+020
3.23351 1.26209e+020
3.23663 1.25993e+020
3.23974 1.25777e+020
3.24286 1.25562e+020
3.24596 1.25346e+020
3.24907 1.25131e+020
3.25217 1.24916e+020
3.25527 1.24701e+020
3.25836 1.24487e+020
3.26145 1.24272e+020
3.26454 1.24058e+020
3.26762 1.23844e+020
3.2707 1.2363e+020
3.27377 1.23416e+020
3.27684 1.23203e+020
3.27991 1.22989e+020
3.28298 1.22776e+020
3.28604 1.22563e+020
3.28909 1.2235e+020
3.29214 1.22138e+020
3.29519 1.21925e+020
3.29824 1.21713e+020
3.30128 1.21501e+020
3.30432 1.21289e+020
3.30735 1.21077e+020
3.31039 1.20866e+020
3.31341 1.20654e+020
3.31644 1.20443e+020
3.31946 1.20232e+020
3.32247 1.20021e+020
3.32549 1.19811e+020
3.32849 1.196e+020
3.3315 1.1939e+020
3.3345 1.1918e+020
3.3375 1.1897e+020
3.3405 1.1876e+020
3.34349 1.18551e+020
3.34647 1.18342e+020
3.34946 1.18132e+020
3.35244 1.17923e+020
3.35541 1.17715e+020
3.35839 1.17506e+020
3.36136 1.17297e+020
3.36432 1.17089e+020
3.36729 1.16881e+020
3.37025 1.16673e+020
3.3732 1.16465e+020
3.37615 1.16258e+020
3.3791 1.16051e+020
3.38205 1.15843e+020
3.38499 1.15636e+020
3.38792 1.1543e+020
3.39086 1.15223e+020
3.39379 1.15016e+020
3.39672 1.1481e+020
3.39964 1.14604e+020
3.40256 1.14398e+020
3.40548 1.14192e+020
3.40839 1.13987e+020
3.4113 1.13781e+020
3.41421 1.13576e+020
3.41711 1.13371e+020
3.42001 1.13166e+020
3.4229 1.12962e+020
3.4258 1.12757e+020
3.42868 1.12553e+020
3.43157 1.12349e+020
3.43445 1.12145e+020
3.43733 1.11941e+020
3.44021 1.11737e+020
3.44308 1.11534e+020
3.44594 1.11331e+020
3.44881 1.11128e+020
3.45167 1.10925e+020
3.45453 1.10722e+020
3.45738 1.1052e+020
3.46023 1.10317e+020
3.46308 1.10115e+020
3.46592 1.09913e+020
3.46877 1.09711e+020
3.4716 1.0951e+020
3.47444 1.09308e+020
3.47727 1.09107e+020
3.48009 1.08906e+020
3.48292 1.08705e+020
3.48574 1.08504e+020
3.48855 1.08304e+020
3.49137 1.08103e+020
3.49418 1.07903e+020
3.49698 1.07703e+020
3.49979 1.07503e+020
3.50259 1.07304e+020
3.50538 1.07104e+020
3.50818 1.06905e+020
3.51097 1.06706e+020
3.51375 1.06507e+020
3.51654 1.06308e+020
3.51932 1.06109e+020
3.52209 1.05911e+020
3.52487 1.05713e+020
3.52764 1.05515e+020
3.5304 1.05317e+020
3.53317 1.05119e+020
3.53593 1.04922e+020
3.53868 1.04724e+020
3.54143 1.04527e+020
3.54418 1.0433e+020
3.54693 1.04133e+020
3.54967 1.03937e+020
3.55241 1.0374e+020
3.55515 1.03544e+020
3.55789 1.03348e+020
3.56062 1.03152e+020
3.56334 1.02956e+020
3.56607 1.0276e+020
3.56879 1.02565e+020
3.5715 1.0237e+020
3.57422 1.02175e+020
3.57693 1.0198e+020
3.57963 1.01785e+020
3.58234 1.01591e+020
3.58504 1.01396e+020
3.58774 1.01202e+020
3.59043 1.01008e+020
3.59312 1.00814e+020
3.59581 1.00621e+020
3.5985 1.00427e+020
3.60118 1.00234e+020
3.60386 1.00041e+020
3.60653 9.98477e+019
3.6092 9.9655e+019
3.61187 9.94624e+019
3.61454 9.92699e+019
3.6172 9.90777e+019
3.61986 9.88856e+019
3.62251 9.86937e+019
3.62517 9.8502e+019
3.62781 9.83104e+019
3.63046 9.8119e+019
3.6331 9.79278e+019
3.63574 9.77368e+019
3.63838 9.7546e+019
3.64101 9.73553e+019
3.64364 9.71648e+019
3.64627 9.69744e+019
3.6489 9.67843e+019
3.65152 9.65943e+019
3.65413 9.64045e+019
3.65675 9.62149e+019
3.65936 9.60254e+019
3.66197 9.58361e+019
3.66457 9.5647e+019
3.66718 9.54581e+019
3.66978 9.52693e+019
3.67237 9.50807e+019
3.67496 9.48923e+019
3.67755 9.4704e+019
3.68014 9.45159e+019
3.68272 9.4328e+019
3.6853 9.41403e+019
3.68788 9.39528e+019
3.69046 9.37654e+019
3.69303 9.35782e+019
3.69559 9.33911e+019
3.69816 9.32043e+019
3.70072 9.30176e+019
3.70328 9.2831e+019
3.70584 9.26447e+019
3.70839 9.24585e+019
3.71094 9.22725e+019
3.71348 9.20867e+019
3.71603 9.1901e+019
3.71857 9.17155e+019
3.7211 9.15302e+019
3.72364 9.13451e+019
3.72617 9.11601e+019
3.7287 9.09753e+019
3.73122 9.07907e+019
3.73375 9.06062e+019
3.73626 9.04219e+019
3.73878 9.02378e+019
3.74129 9.00539e+019
3.7438 8.98701e+019
3.74631 8.96865e+019
3.74881 8.95031e+019
3.75132 8.93198e+019
3.75381 8.91367e+019
3.75631 8.89538e+019
3.7588 8.87711e+019
3.76129 8.85885e+019
3.76378 8.84061e+019
3.76626 8.82239e+019
3.76874 8.80418e+019
3.77122 8.78599e+019
3.77369 8.76782e+019
3.77616 8.74966e+019
3.77863 8.73152e+019
3.78109 8.7134e+019
3.78356 8.6953e+019
3.78602 8.67721e+019
3.78847 8.65914e+019
3.79093 8.64109e+019
3.79338 8.62305e+019
3.79582 8.60503e+019
3.79827 8.58703e+019
3.80071 8.56904e+019
3.80315 8.55107e+019
3.80558 8.53312e+019
3.80802 8.51518e+019
3.81045 8.49727e+019
3.81287 8.47937e+019
3.8153 8.46148e+019
3.81772 8.44361e+019
3.82014 8.42576e+019
3.82255 8.40793e+019
3.82496 8.39011e+019
3.82737 8.37231e+019
3.82978 8.35453e+019
3.83218 8.33676e+019
3.83459 8.31901e+019
3.83698 8.30128e+019
3.83938 8.28356e+019
3.84177 8.26586e+019
3.84416 8.24818e+019
3.84655 8.23052e+019
3.84893 8.21287e+019
3.85131 8.19523e+019
3.85369 8.17762e+019
3.85606 8.16002e+019
3.85844 8.14244e+019
3.86081 8.12487e+019
3.86317 8.10732e+019
3.86554 8.08979e+019
3.8679 8.07228e+019
3.87026 8.05478e+019
3.87261 8.0373e+019
3.87496 8.01983e+019
3.87731 8.00238e+019
3.87966 7.98495e+019
3.882 7.96754e+019
3.88434 7.95014e+019
3.88668 7.93275e+019
3.88902 7.91539e+019
3.89135 7.89804e+019
3.89368 7.88071e+019
3.89601 7.86339e+019
3.89833 7.84609e+019
3.90065 7.82881e+019
3.90297 7.81154e+019
3.90529 7.7943e+019
3.9076 7.77706e+019
3.90991 7.75985e+019
3.91222 7.74265e+019
3.91452 7.72546e+019
3.91683 7.7083e+019
3.91913 7.69115e+019
3.92142 7.67401e+019
3.92372 7.6569e+019
3.92601 7.6398e+019
3.92829 7.62271e+019
3.93058 7.60564e+019
3.93286 7.58859e+019
3.93514 7.57156e+019
3.93742 7.55454e+019
3.93969 7.53754e+019
3.94197 7.52055e+019
3.94424 7.50358e+019
3.9465 7.48663e+019
3.94877 7.46969e+019
3.95103 7.45277e+019
3.95328 7.43587e+019
3.95554 7.41898e+019
3.95779 7.40211e+019
3.96004 7.38526e+019
3.96229 7.36842e+019
3.96454 7.3516e+019
3.96678 7.33479e+019
3.96902 7.318e+019
3.97125 7.30123e+019
3.97349 7.28447e+019
3.97572 7.26773e+019
3.97795 7.25101e+019
3.98017 7.2343e+019
3.9824 7.21761e+019
3.98462 7.20093e+019
3.98683 7.18427e+019
3.98905 7.16763e+019
3.99126 7.151e+019
3.99347 7.13439e+019
3.99568 7.1178e+019
3.99788 7.10122e+019
4.00009 7.08466e+019
4.00229 7.06811e+019
4.00448 7.05158e+019
4.00668 7.03507e+019
4.00887 7.01857e+019
4.01106 7.00209e+019
4.01324 6.98563e+019
4.01543 6.96918e+019
4.01761 6.95275e+019
4.01979 6.93633e+019
4.02196 6.91993e+019
4.02413 6.90355e+019
4.02631 6.88718e+019
4.02847 6.87083e+019
4.03064 6.85449e+019
4.0328 6.83817e+019
4.03496 6.82187e+019
4.03712 6.80558e+019
4.03927 6.78931e+019
4.04143 6.77305e+019
4.04358 6.75681e+019
4.04572 6.74059e+019
4.04787 6.72438e+019
4.05001 6.70819e+019
4.05215 6.69201e+019
4.05429 6.67586e+019
4.05642 6.65971e+019
4.05855 6.64358e+019
4.06068 6.62747e+019
4.06281 6.61138e+019
4.06493 6.5953e+019
4.06705 6.57923e+019
4.06917 6.56319e+019
4.07129 6.54715e+019
4.0734 6.53114e+019
4.07551 6.51514e+019
4.07762 6.49915e+019
4.07973 6.48319e+019
4.08183 6.46723e+019
4.08393 6.4513e+019
4.08603 6.43538e+019
4.08813 6.41947e+019
4.09022 6.40358e+019
4.09231 6.38771e+019
4.0944 6.37185e+019
4.09649 6.35601e+019
4.09857 6.34019e+019
4.10065 6.32438e+019
4.10273 6.30858e+019
4.10481 6.2928e+019
4.10688 6.27704e+019
4.10895 6.26129e+019
4.11102 6.24556e+019
4.11309 6.22985e+019
4.11515 6.21415e+019
4.11721 6.19847e+019
4.11927 6.1828e+019
4.12133 6.16715e+019
4.12338 6.15151e+019
4.12543 6.13589e+019
4.12748 6.12029e+019
4.12953 6.1047e+019
4.13157 6.08912e+019
4.13361 6.07357e+019
4.13565 6.05802e+019
4.13769 6.0425e+019
4.13972 6.02699e+019
4.14175 6.01149e+019
4.14378 5.99601e+019
4.14581 5.98055e+019
4.14783 5.9651e+019
4.14986 5.94967e+019
4.15188 5.93425e+019
4.15389 5.91885e+019
4.15591 5.90347e+019
4.15792 5.8881e+019
4.15993 5.87274e+019
4.16194 5.8574e+019
4.16394 5.84208e+019
4.16594 5.82677e+019
4.16794 5.81148e+019
4.16994 5.79621e+019
4.17194 5.78095e+019
4.17393 5.7657e+019
4.17592 5.75047e+019
4.17791 5.73526e+019
4.1799 5.72006e+019
4.18188 5.70488e+019
4.18386 5.68971e+019
4.18584 5.67456e+019
4.18782 5.65942e+019
4.18979 5.6443e+019
4.19176 5.6292e+019
4.19373 5.61411e+019
4.1957 5.59904e+019
4.19766 5.58398e+019
4.19962 5.56893e+019
4.20158 5.55391e+019
4.20354 5.5389e+019
4.2055 5.5239e+019
4.20745 5.50892e+019
4.2094 5.49395e+019
4.21135 5.479e+019
4.21329 5.46407e+019
4.21524 5.44915e+019
4.21718 5.43425e+019
4.21912 5.41936e+019
4.22105 5.40449e+019
4.22299 5.38963e+019
4.22492 5.37479e+019
4.22685 5.35996e+019
4.22878 5.34515e+019
4.2307 5.33035e+019
4.23262 5.31557e+019
4.23454 5.30081e+019
4.23646 5.28606e+019
4.23838 5.27133e+019
4.24029 5.25661e+019
4.2422 5.24191e+019
4.24411 5.22722e+019
4.24602 5.21255e+019
4.24792 5.19789e+019
4.24982 5.18325e+019
4.25172 5.16862e+019
4.25362 5.15401e+019
4.25551 5.13942e+019
4.25741 5.12484e+019
4.2593 5.11027e+019
4.26118 5.09573e+019
4.26307 5.08119e+019
4.26495 5.06667e+019
4.26684 5.05217e+019
4.26871 5.03768e+019
4.27059 5.02321e+019
4.27247 5.00876e+019
4.27434 4.99431e+019
4.27621 4.97989e+019
4.27808 4.96548e+019
4.27994 4.95108e+019
4.28181 4.9367e+019
4.28367 4.92234e+019
4.28553 4.90799e+019
4.28738 4.89365e+019
4.28924 4.87934e+019
4.29109 4.86503e+019
4.29294 4.85075e+019
4.29479 4.83647e+019
4.29663 4.82222e+019
4.29848 4.80797e+019
4.30032 4.79375e+019
4.30216 4.77954e+019
4.30399 4.76534e+019
4.30583 4.75116e+019
4.30766 4.737e+019
4.30949 4.72285e+019
4.31132 4.70871e+019
4.31314 4.69459e+019
4.31497 4.68049e+019
4.31679 4.6664e+019
4.31861 4.65233e+019
4.32042 4.63827e+019
4.32224 4.62423e+019
4.32405 4.6102e+019
4.32586 4.59619e+019
4.32767 4.58219e+019
4.32948 4.56821e+019
4.33128 4.55424e+019
4.33308 4.54029e+019
4.33488 4.52636e+019
4.33668 4.51244e+019
4.33847 4.49853e+019
4.34027 4.48465e+019
4.34206 4.47077e+019
4.34385 4.45691e+019
4.34563 4.44307e+019
4.34742 4.42924e+019
4.3492 4.41543e+019
4.35098 4.40163e+019
4.35276 4.38785e+019
4.35453 4.37408e+019
4.35631 4.36033e+019
4.35808 4.3466e+019
4.35985 4.33288e+019
4.36162 4.31917e+019
4.36338 4.30548e+019
4.36515 4.29181e+019
4.36691 4.27815e+019
4.36867 4.2645e+019
4.37042 4.25087e+019
4.37218 4.23726e+019
4.37393 4.22366e+019
4.37568 4.21008e+019
4.37743 4.19651e+019
4.37918 4.18296e+019
4.38092 4.16943e+019
4.38266 4.1559e+019
4.3844 4.1424e+019
4.38614 4.12891e+019
4.38788 4.11543e+019
4.38961 4.10197e+019
4.39134 4.08853e+019
4.39307 4.0751e+019
4.3948 4.06169e+019
4.39652 4.04829e+019
4.39825 4.03491e+019
4.39997 4.02154e+019
4.40169 4.00819e+019
4.40341 3.99485e+019
4.40512 3.98153e+019
4.40683 3.96822e+019
4.40854 3.95493e+019
4.41025 3.94166e+019
4.41196 3.9284e+019
4.41367 3.91516e+019
4.41537 3.90193e+019
4.41707 3.88871e+019
4.41877 3.87552e+019
4.42046 3.86233e+019
4.42216 3.84917e+019
4.42385 3.83601e+019
4.42554 3.82288e+019
4.42723 3.80976e+019
4.42892 3.79665e+019
4.4306 3.78356e+019
4.43228 3.77049e+019
4.43397 3.75743e+019
4.43564 3.74439e+019
4.43732 3.73136e+019
4.43899 3.71835e+019
4.44067 3.70535e+019
4.44234 3.69237e+019
4.44401 3.6794e+019
4.44567 3.66645e+019
4.44734 3.65352e+019
4.449 3.6406e+019
4.45066 3.62769e+019
4.45232 3.61481e+019
4.45397 3.60193e+019
4.45563 3.58908e+019
4.45728 3.57624e+019
4.45893 3.56341e+019
4.46058 3.5506e+019
4.46223 3.5378e+019
4.46387 3.52503e+019
4.46551 3.51226e+019
4.46715 3.49951e+019
4.46879 3.48678e+019
4.47043 3.47406e+019
4.47206 3.46136e+019
4.4737 3.44868e+019
4.47533 3.43601e+019
4.47696 3.42335e+019
4.47858 3.41072e+019
4.48021 3.39809e+019
4.48183 3.38549e+019
4.48345 3.37289e+019
4.48507 3.36032e+019
4.48669 3.34776e+019
4.4883 3.33522e+019
4.48992 3.32269e+019
4.49153 3.31017e+019
4.49314 3.29768e+019
4.49475 3.2852e+019
4.49635 3.27273e+019
4.49795 3.26028e+019
4.49956 3.24785e+019
4.50116 3.23543e+019
4.50275 3.22303e+019
4.50435 3.21064e+019
4.50594 3.19827e+019
4.50754 3.18592e+019
4.50913 3.17358e+019
4.51071 3.16126e+019
4.5123 3.14895e+019
4.51389 3.13666e+019
4.51547 3.12439e+019
4.51705 3.11213e+019
4.51863 3.09989e+019
4.5202 3.08766e+019
4.52178 3.07545e+019
4.52335 3.06326e+019
4.52492 3.05108e+019
4.52649 3.03892e+019
4.52806 3.02677e+019
4.52963 3.01464e+019
4.53119 3.00253e+019
4.53275 2.99043e+019
4.53431 2.97835e+019
4.53587 2.96629e+019
4.53742 2.95424e+019
4.53898 2.94221e+019
4.54053 2.93019e+019
4.54208 2.91819e+019
4.54363 2.90621e+019
4.54518 2.89424e+019
4.54672 2.88229e+019
4.54827 2.87036e+019
4.54981 2.85844e+019
4.55135 2.84654e+019
4.55288 2.83466e+019
4.55442 2.82279e+019
4.55595 2.81094e+019
4.55749 2.79911e+019
4.55902 2.78729e+019
4.56054 2.77549e+019
4.56207 2.7637e+019
4.5636 2.75194e+019
4.56512 2.74019e+019
4.56664 2.72845e+019
4.56816 2.71674e+019
4.56968 2.70504e+019
4.57119 2.69335e+019
4.57271 2.68169e+019
4.57422 2.67004e+019
4.57573 2.65841e+019
4.57724 2.64679e+019
4.57874 2.63519e+019
4.58025 2.62361e+019
4.58175 2.61205e+019
4.58325 2.60051e+019
4.58475 2.58898e+019
4.58625 2.57747e+019
4.58774 2.56597e+019
4.58924 2.5545e+019
4.59073 2.54304e+019
4.59222 2.53159e+019
4.59371 2.52017e+019
4.59519 2.50876e+019
4.59668 2.49738e+019
4.59816 2.48601e+019
4.59964 2.47465e+019
4.60112 2.46332e+019
4.6026 2.452e+019
4.60408 2.4407e+019
4.60555 2.42942e+019
4.60702 2.41816e+019
4.6085 2.40691e+019
4.60996 2.39568e+019
4.61143 2.38448e+019
4.6129 2.37329e+019
4.61436 2.36211e+019
4.61582 2.35096e+019
4.61728 2.33982e+019
4.61874 2.32871e+019
4.6202 2.31761e+019
4.62165 2.30653e+019
4.62311 2.29547e+019
4.62456 2.28443e+019
4.62601 2.2734e+019
4.62745 2.2624e+019
4.6289 2.25142e+019
4.63035 2.24045e+019
4.63179 2.2295e+019
4.63323 2.21857e+019
4.63467 2.20767e+019
4.63611 2.19678e+019
4.63754 2.18591e+019
4.63898 2.17506e+019
4.64041 2.16423e+019
4.64184 2.15342e+019
4.64327 2.14263e+019
4.64469 2.13185e+019
4.64612 2.1211e+019
4.64754 2.11037e+019
4.64897 2.09966e+019
4.65039 2.08897e+019
4.65181 2.0783e+019
4.65322 2.06765e+019
4.65464 2.05702e+019
4.65605 2.04641e+019
4.65746 2.03582e+019
4.65887 2.02525e+019
4.66028 2.01471e+019
4.66169 2.00418e+019
4.66309 1.99368e+019
4.6645 1.98319e+019
4.6659 1.97273e+019
4.6673 1.96229e+019
4.6687 1.95187e+019
4.67009 1.94147e+019
4.67149 1.93109e+019
4.67288 1.92074e+019
4.67427 1.9104e+019
4.67566 1.90009e+019
4.67705 1.8898e+019
4.67844 1.87953e+019
4.67982 1.86929e+019
4.68121 1.85907e+019
4.68259 1.84887e+019
4.68397 1.83869e+019
4.68535 1.82853e+019
4.68672 1.8184e+019
4.6881 1.80829e+019
4.68947 1.7982e+019
4.69084 1.78814e+019
4.69221 1.7781e+019
4.69358 1.76808e+019
4.69495 1.75809e+019
4.69631 1.74812e+019
4.69768 1.73817e+019
4.69904 1.72825e+019
4.7004 1.71835e+019
4.70176 1.70848e+019
4.70312 1.69863e+019
4.70447 1.6888e+019
4.70583 1.679e+019
4.70718 1.66923e+019
4.70853 1.65947e+019
4.70988 1.64975e+019
4.71122 1.64004e+019
4.71257 1.63037e+019
4.71391 1.62072e+019
4.71526 1.61109e+019
4.7166 1.60149e+019
4.71794 1.59191e+019
4.71927 1.58236e+019
4.72061 1.57284e+019
4.72194 1.56334e+019
4.72328 1.55387e+019
4.72461 1.54443e+019
4.72594 1.53501e+019
4.72727 1.52561e+019
4.72859 1.51625e+019
4.72992 1.50691e+019
4.73124 1.4976e+019
4.73256 1.48831e+019
4.73388 1.47906e+019
4.7352 1.46983e+019
4.73652 1.46062e+019
4.73783 1.45145e+019
4.73915 1.4423e+019
4.74046 1.43318e+019
4.74177 1.42409e+019
4.74308 1.41503e+019
4.74439 1.40599e+019
4.74569 1.39699e+019
4.747 1.38801e+019
4.7483 1.37906e+019
4.7496 1.37014e+019
4.7509 1.36125e+019
4.7522 1.35239e+019
4.75349 1.34355e+019
4.75479 1.33475e+019
4.75608 1.32598e+019
4.75737 1.31723e+019
4.75866 1.30852e+019
4.75995 1.29983e+019
4.76124 1.29118e+019
4.76252 1.28256e+019
4.76381 1.27396e+019
4.76509 1.2654e+019
4.76637 1.25687e+019
4.76765 1.24836e+019
4.76893 1.23989e+019
4.77021 1.23145e+019
4.77148 1.22305e+019
4.77275 1.21467e+019
4.77403 1.20632e+019
4.7753 1.19801e+019
4.77657 1.18973e+019
4.77783 1.18148e+019
4.7791 1.17326e+019
4.78036 1.16507e+019
4.78162 1.15692e+019
4.78289 1.14879e+019
4.78415 1.14071e+019
4.7854 1.13265e+019
4.78666 1.12462e+019
4.78792 1.11663e+019
4.78917 1.10867e+019
4.79042 1.10075e+019
4.79167 1.09286e+019
4.79292 1.085e+019
4.79417 1.07717e+019
4.79541 1.06938e+019
4.79666 1.06162e+019
4.7979 1.05389e+019
4.79914 1.0462e+019
4.80038 1.03855e+019
4.80162 1.03092e+019
4.80286 1.02333e+019
4.80409 1.01578e+019
4.80533 1.00826e+019
4.80656 1.00077e+019
4.80779 9.93319e+018
4.80902 9.85902e+018
4.81025 9.7852e+018
4.81148 9.71172e+018
4.8127 9.63859e+018
4.81393 9.56581e+018
4.81515 9.49338e+018
4.81637 9.4213e+018
4.81759 9.34957e+018
4.81881 9.2782e+018
4.82002 9.20718e+018
4.82124 9.13651e+018
4.82245 9.0662e+018
4.82366 8.99624e+018
4.82488 8.92664e+018
4.82608 8.85739e+018
4.82729 8.78851e+018
4.8285 8.71998e+018
4.8297 8.6518e+018
4.83091 8.58399e+018
4.83211 8.51654e+018
4.83331 8.44944e+018
4.83451 8.38271e+018
4.83571 8.31634e+018
4.8369 8.25033e+018
4.8381 8.18468e+018
4.83929 8.11939e+018
4.84048 8.05446e+018
4.84167 7.9899e+018
4.84286 7.9257e+018
4.84405 7.86186e+018
4.84524 7.79838e+018
4.84642 7.73527e+018
4.8476 7.67252e+018
4.84879 7.61014e+018
4.84997 7.54812e+018
4.85115 7.48646e+018
4.85232 7.42517e+018
4.8535 7.36424e+018
4.85467 7.30367e+018
4.85585 7.24347e+018
4.85702 7.18364e+018
4.85819 7.12416e+018
4.85936 7.06505e+018
4.86053 7.00631e+018
4.86169 6.94792e+018
4.86286 6.8899e+018
4.86402 6.83225e+018
4.86518 6.77495e+018
4.86635 6.71802e+018
4.8675 6.66145e+018
4.86866 6.60525e+018
4.86982 6.5494e+018
4.87097 6.49392e+018
4.87213 6.43879e+018
4.87328 6.38403e+018
4.87443 6.32963e+018
4.87558 6.27558e+018
4.87673 6.2219e+018
4.87788 6.16857e+018
4.87902 6.1156e+018
4.88017 6.06299e+018
4.88131 6.01073e+018
4.88245 5.95883e+018
4.88359 5.90729e+018
4.88473 5.8561e+018
4.88587 5.80526e+018
4.887 5.75478e+018
4.88814 5.70465e+018
4.88927 5.65487e+018
4.8904 5.60544e+018
4.89153 5.55636e+018
4.89266 5.50764e+018
4.89379 5.45925e+018
4.89492 5.41122e+018
4.89604 5.36353e+018
4.89717 5.31619e+018
4.89829 5.26919e+018
4.89941 5.22254e+018
4.90053 5.17623e+018
4.90165 5.13026e+018
4.90276 5.08463e+018
4.90388 5.03934e+018
4.90499 4.99438e+018
4.90611 4.94977e+018
4.90722 4.90549e+018
4.90833 4.86154e+018
4.90944 4.81793e+018
4.91055 4.77465e+018
4.91165 4.7317e+018
4.91276 4.68908e+018
4.91386 4.64679e+018
4.91496 4.60483e+018
4.91607 4.56319e+018
4.91717 4.52188e+018
4.91826 4.48089e+018
4.91936 4.44022e+018
4.92046 4.39987e+018
4.92155 4.35985e+018
4.92264 4.32014e+018
4.92374 4.28074e+018
4.92483 4.24167e+018
4.92592 4.2029e+018
4.927 4.16445e+018
4.92809 4.12631e+018
4.92918 4.08847e+018
4.93026 4.05095e+018
4.93134 4.01373e+018
4.93242 3.97682e+018
4.9335 3.94021e+018
4.93458 3.9039e+018
4.93566 3.86789e+018
4.93674 3.83218e+018
4.93781 3.79677e+018
4.93888 3.76165e+018
4.93996 3.72682e+018
4.94103 3.69229e+018
4.9421 3.65805e+018
4.94317 3.6241e+018
4.94423 3.59043e+018
4.9453 3.55706e+018
4.94636 3.52396e+018
4.94743 3.49115e+018
4.94849 3.45862e+018
4.94955 3.42636e+018
4.95061 3.39439e+018
4.95167 3.36269e+018
4.95273 3.33127e+018
4.95378 3.30011e+018
4.95484 3.26923e+018
4.95589 3.23862e+018
4.95694 3.20828e+018
4.95799 3.1782e+018
4.95904 3.14838e+018
4.96009 3.11883e+018
4.96114 3.08954e+018
4.96218 3.06051e+018
4.96323 3.03173e+018
4.96427 3.00321e+018
4.96531 2.97494e+018
4.96635 2.94693e+018
4.96739 2.91917e+018
4.96843 2.89165e+018
4.96947 2.86439e+018
4.9705 2.83736e+018
4.97154 2.81058e+018
4.97257 2.78405e+018
4.9736 2.75775e+018
4.97463 2.73169e+018
4.97566 2.70587e+018
4.97669 2.68029e+018
4.97772 2.65493e+018
4.97874 2.62981e+018
4.97977 2.60492e+018
4.98079 2.58026e+018
4.98181 2.55582e+018
4.98283 2.53161e+018
4.98385 2.50762e+018
4.98487 2.48385e+018
4.98589 2.4603e+018
4.9869 2.43698e+018
4.98792 2.41386e+018
4.98893 2.39097e+018
4.98994 2.36828e+018
4.99095 2.34581e+018
4.99196 2.32354e+018
4.99297 2.30149e+018
4.99398 2.27964e+018
4.99499 2.258e+018
4.99599 2.23655e+018
4.997 2.21531e+018
4.998 2.19428e+018
4.999 2.17343e+018
5 2.15279e+018
5.001 2.13232e+018
5.002 2.11201e+018
5.003 2.09186e+018
5.004 2.07186e+018
5.00501 2.05201e+018
5.00601 2.03232e+018
5.00701 2.01278e+018
5.00802 1.99339e+018
5.00902 1.97415e+018
5.01003 1.95507e+018
5.01104 1.93613e+018
5.01204 1.91735e+018
5.01305 1.89871e+018
5.01406 1.88022e+018
5.01507 1.86188e+018
5.01608 1.84369e+018
5.01709 1.82564e+018
5.0181 1.80773e+018
5.01911 1.78998e+018
5.02012 1.77236e+018
5.02114 1.75489e+018
5.02215 1.73756e+018
5.02317 1.72037e+018
5.02418 1.70333e+018
5.0252 1.68642e+018
5.02621 1.66966e+018
5.02723 1.65303e+018
5.02825 1.63654e+018
5.02927 1.62019e+018
5.03029 1.60397e+018
5.03131 1.58789e+018
5.03233 1.57195e+018
5.03335 1.55614e+018
5.03437 1.54046e+018
5.03539 1.52492e+018
5.03642 1.50951e+018
5.03744 1.49423e+018
5.03847 1.47908e+018
5.03949 1.46406e+018
5.04052 1.44917e+018
5.04155 1.43441e+018
5.04257 1.41977e+018
5.0436 1.40526e+018
5.04463 1.39088e+018
5.04566 1.37663e+018
5.04669 1.3625e+018
5.04772 1.34849e+018
5.04875 1.3346e+018
5.04979 1.32084e+018
5.05082 1.3072e+018
5.05185 1.29368e+018
5.05289 1.28028e+018
5.05392 1.267e+018
5.05496 1.25384e+018
5.05599 1.24079e+018
5.05703 1.22786e+018
5.05807 1.21505e+018
5.05911 1.20236e+018
5.06015 1.18978e+018
5.06119 1.17731e+018
5.06223 1.16495e+018
5.06327 1.15271e+018
5.06431 1.14058e+018
5.06535 1.12856e+018
5.0664 1.11665e+018
5.06744 1.10485e+018
5.06849 1.09316e+018
5.06953 1.08158e+018
5.07058 1.0701e+018
5.07163 1.05873e+018
5.07267 1.04746e+018
5.07372 1.0363e+018
5.07477 1.02525e+018
5.07582 1.0143e+018
5.07687 1.00345e+018
5.07792 9.92698e+017
5.07897 9.82051e+017
5.08003 9.71504e+017
5.08108 9.61057e+017
5.08213 9.50709e+017
5.08319 9.40459e+017
5.08424 9.30307e+017
5.0853 9.20251e+017
5.08636 9.10291e+017
5.08741 9.00427e+017
5.08847 8.90657e+017
5.08953 8.80981e+017
5.09059 8.71398e+017
5.09165 8.61907e+017
5.09271 8.52508e+017
5.09377 8.432e+017
5.09484 8.33983e+017
5.0959 8.24855e+017
5.09696 8.15816e+017
5.09803 8.06865e+017
5.09909 7.98001e+017
5.10016 7.89225e+017
5.10122 7.80534e+017
5.10229 7.71929e+017
5.10336 7.63408e+017
5.10443 7.54972e+017
5.1055 7.46619e+017
5.10657 7.38349e+017
5.10764 7.3016e+017
5.10871 7.22054e+017
5.10978 7.14027e+017
5.11086 7.06081e+017
5.11193 6.98214e+017
5.113 6.90426e+017
5.11408 6.82716e+017
5.11516 6.75084e+017
5.11623 6.67528e+017
5.11731 6.60048e+017
5.11839 6.52644e+017
5.11947 6.45315e+017
5.12055 6.3806e+017
5.12163 6.30878e+017
5.12271 6.2377e+017
5.12379 6.16733e+017
5.12487 6.09769e+017
5.12596 6.02876e+017
5.12704 5.96053e+017
5.12812 5.893e+017
5.12921 5.82616e+017
5.13029 5.76001e+017
5.13138 5.69454e+017
5.13247 5.62974e+017
5.13356 5.56562e+017
5.13465 5.50216e+017
5.13574 5.43935e+017
5.13683 5.3772e+017
5.13792 5.31569e+017
5.13901 5.25482e+017
5.1401 5.19458e+017
5.1412 5.13498e+017
5.14229 5.07599e+017
5.14338 5.01763e+017
5.14448 4.95987e+017
5.14558 4.90273e+017
5.14667 4.84618e+017
5.14777 4.79023e+017
5.14887 4.73486e+017
5.14997 4.68009e+017
5.15107 4.62589e+017
5.15217 4.57226e+017
5.15327 4.51921e+017
5.15437 4.46671e+017
5.15547 4.41478e+017
5.15658 4.36339e+017
5.15768 4.31256e+017
5.15879 4.26227e+017
5.15989 4.21251e+017
5.161 4.16329e+017
5.16211 4.1146e+017
5.16322 4.06642e+017
5.16432 4.01877e+017
5.16543 3.97163e+017
5.16654 3.925e+017
5.16765 3.87887e+017
5.16877 3.83323e+017
5.16988 3.78809e+017
5.17099 3.74345e+017
5.17211 3.69928e+017
5.17322 3.65559e+017
5.17434 3.61238e+017
5.17545 3.56964e+017
5.17657 3.52737e+017
5.17769 3.48556e+017
5.17881 3.4442e+017
5.17992 3.4033e+017
5.18104 3.36284e+017
5.18216 3.32283e+017
5.18329 3.28326e+017
5.18441 3.24412e+017
5.18553 3.20542e+017
5.18665 3.16714e+017
5.18778 3.12928e+017
5.1889 3.09184e+017
5.19003 3.05481e+017
5.19116 3.0182e+017
5.19228 2.98199e+017
5.19341 2.94618e+017
5.19454 2.91078e+017
5.19567 2.87576e+017
5.1968 2.84114e+017
5.19793 2.8069e+017
5.19906 2.77304e+017
5.2002 2.73956e+017
5.20133 2.70646e+017
5.20246 2.67373e+017
5.2036 2.64136e+017
5.20473 2.60936e+017
5.20587 2.57772e+017
5.20701 2.54643e+017
5.20815 2.5155e+017
5.20929 2.48492e+017
5.21042 2.45468e+017
5.21156 2.42478e+017
5.21271 2.39522e+017
5.21385 2.366e+017
5.21499 2.33711e+017
5.21613 2.30854e+017
5.21728 2.2803e+017
5.21842 2.25238e+017
5.21957 2.22478e+017
5.22071 2.1975e+017
5.22186 2.17052e+017
5.22301 2.14386e+017
5.22416 2.1175e+017
5.22531 2.09144e+017
5.22646 2.06568e+017
5.22761 2.04021e+017
5.22876 2.01504e+017
5.22991 1.99016e+017
5.23107 1.96556e+017
5.23222 1.94125e+017
5.23337 1.91722e+017
5.23453 1.89346e+017
5.23569 1.86998e+017
5.23684 1.84677e+017
5.238 1.82383e+017
5.23916 1.80116e+017
5.24032 1.77875e+017
5.24148 1.7566e+017
5.24264 1.73471e+017
5.2438 1.71307e+017
5.24496 1.69168e+017
5.24613 1.67055e+017
5.24729 1.64966e+017
5.24846 1.62901e+017
5.24962 1.60861e+017
5.25079 1.58844e+017
5.25196 1.56852e+017
5.25312 1.54882e+017
5.25429 1.52936e+017
5.25546 1.51012e+017
5.25663 1.49112e+017
5.2578 1.47233e+017
5.25897 1.45377e+017
5.26015 1.43543e+017
5.26132 1.4173e+017
5.26249 1.39939e+017
5.26367 1.38168e+017
5.26485 1.36419e+017
5.26602 1.34691e+017
5.2672 1.32983e+017
5.26838 1.31296e+017
5.26956 1.29628e+017
5.27074 1.27981e+017
5.27192 1.26353e+017
5.2731 1.24744e+017
5.27428 1.23155e+017
5.27546 1.21584e+017
5.27665 1.20032e+017
5.27783 1.18499e+017
5.27902 1.16985e+017
5.2802 1.15488e+017
5.28139 1.1401e+017
5.28258 1.12549e+017
5.28376 1.11106e+017
5.28495 1.0968e+017
5.28614 1.08271e+017
5.28733 1.06879e+017
5.28853 1.05504e+017
5.28972 1.04146e+017
5.29091 1.02804e+017
5.29211 1.01479e+017
5.2933 1.00169e+017
5.2945 9.88754e+016
5.29569 9.75974e+016
5.29689 9.63349e+016
5.29809 9.50877e+016
5.29929 9.38558e+016
5.30048 9.26388e+016
5.30169 9.14367e+016
5.30289 9.02492e+016
5.30409 8.90762e+016
5.30529 8.79176e+016
5.30649 8.67731e+016
5.3077 8.56427e+016
5.3089 8.45261e+016
5.31011 8.34232e+016
5.31132 8.23338e+016
5.31252 8.12578e+016
5.31373 8.01951e+016
5.31494 7.91454e+016
5.31615 7.81087e+016
5.31736 7.70847e+016
5.31857 7.60734e+016
5.31979 7.50745e+016
5.321 7.4088e+016
5.32221 7.31137e+016
5.32343 7.21515e+016
5.32464 7.12012e+016
5.32586 7.02627e+016
5.32708 6.93358e+016
5.3283 6.84205e+016
5.32951 6.75165e+016
5.33073 6.66238e+016
5.33195 6.57422e+016
5.33318 6.48716e+016
5.3344 6.40119e+016
5.33562 6.31629e+016
5.33684 6.23245e+016
5.33807 6.14966e+016
5.33929 6.0679e+016
5.34052 5.98717e+016
5.34175 5.90746e+016
5.34298 5.82874e+016
5.3442 5.75101e+016
5.34543 5.67426e+016
5.34666 5.59848e+016
5.34789 5.52365e+016
5.34913 5.44976e+016
5.35036 5.37681e+016
5.35159 5.30477e+016
5.35283 5.23365e+016
5.35406 5.16343e+016
5.3553 5.09409e+016
5.35654 5.02564e+016
5.35777 4.95805e+016
5.35901 4.89132e+016
5.36025 4.82543e+016
5.36149 4.76039e+016
5.36273 4.69617e+016
5.36397 4.63277e+016
5.36522 4.57018e+016
5.36646 4.50838e+016
5.3677 4.44738e+016
5.36895 4.38715e+016
5.3702 4.3277e+016
5.37144 4.269e+016
5.37269 4.21106e+016
5.37394 4.15386e+016
5.37519 4.09739e+016
5.37644 4.04165e+016
5.37769 3.98662e+016
5.37894 3.9323e+016
5.38019 3.87868e+016
5.38145 3.82576e+016
5.3827 3.77351e+016
5.38396 3.72194e+016
5.38521 3.67103e+016
5.38647 3.62078e+016
5.38773 3.57118e+016
5.38899 3.52223e+016
5.39024 3.47391e+016
5.39151 3.42621e+016
5.39277 3.37913e+016
5.39403 3.33267e+016
5.39529 3.28681e+016
5.39655 3.24154e+016
5.39782 3.19687e+016
5.39908 3.15277e+016
5.40035 3.10925e+016
5.40162 3.0663e+016
5.40288 3.02391e+016
5.40415 2.98208e+016
5.40542 2.94079e+016
5.40669 2.90004e+016
5.40796 2.85983e+016
5.40924 2.82014e+016
5.41051 2.78098e+016
5.41178 2.74233e+016
5.41306 2.70418e+016
5.41433 2.66654e+016
5.41561 2.6294e+016
5.41689 2.59274e+016
5.41816 2.55657e+016
5.41944 2.52088e+016
5.42072 2.48565e+016
5.422 2.4509e+016
5.42328 2.4166e+016
5.42457 2.38275e+016
5.42585 2.34936e+016
5.42713 2.31641e+016
5.42842 2.28389e+016
5.4297 2.25181e+016
5.43099 2.22016e+016
5.43228 2.18892e+016
5.43357 2.1581e+016
5.43485 2.12769e+016
5.43614 2.09769e+016
5.43744 2.06809e+016
5.43873 2.03888e+016
5.44002 2.01007e+016
5.44131 1.98164e+016
5.44261 1.95359e+016
5.4439 1.92592e+016
5.4452 1.89861e+016
5.4465 1.87168e+016
5.44779 1.84511e+016
5.44909 1.81889e+016
5.45039 1.79303e+016
5.45169 1.76751e+016
5.45299 1.74234e+016
5.45429 1.71751e+016
5.4556 1.69301e+016
5.4569 1.66885e+016
5.45821 1.64501e+016
5.45951 1.62149e+016
5.46082 1.5983e+016
5.46213 1.57541e+016
5.46343 1.55284e+016
5.46474 1.53058e+016
5.46605 1.50861e+016
5.46736 1.48695e+016
5.46867 1.46558e+016
5.46999 1.4445e+016
5.4713 1.42371e+016
5.47261 1.4032e+016
5.47393 1.38297e+016
5.47525 1.36302e+016
5.47656 1.34334e+016
5.47788 1.32393e+016
5.4792 1.30479e+016
5.48052 1.28591e+016
5.48184 1.26729e+016
5.48316 1.24892e+016
5.48448 1.23081e+016
5.48581 1.21294e+016
5.48713 1.19533e+016
5.48845 1.17795e+016
5.48978 1.16081e+016
5.49111 1.14391e+016
5.49243 1.12725e+016
5.49376 1.11081e+016
5.49509 1.0946e+016
5.49642 1.07862e+016
5.49775 1.06286e+016
5.49908 1.04731e+016
5.50042 1.03198e+016
5.50175 1.01687e+016
5.50309 1.00196e+016
5.50442 9.87261e+015
5.50576 9.72767e+015
5.50709 9.58475e+015
5.50843 9.44382e+015
5.50977 9.30486e+015
5.51111 9.16784e+015
5.51245 9.03273e+015
5.51379 8.89951e+015
5.51514 8.76816e+015
5.51648 8.63865e+015
5.51782 8.51095e+015
5.51917 8.38504e+015
5.52052 8.26091e+015
5.52186 8.13851e+015
5.52321 8.01784e+015
5.52456 7.89887e+015
5.52591 7.78157e+015
5.52726 7.66593e+015
5.52861 7.55192e+015
5.52996 7.43952e+015
5.53132 7.3287e+015
5.53267 7.21946e+015
5.53403 7.11176e+015
5.53538 7.00559e+015
5.53674 6.90092e+015
5.5381 6.79774e+015
5.53946 6.69602e+015
5.54082 6.59575e+015
5.54218 6.4969e+015
5.54354 6.39946e+015
5.5449 6.30341e+015
5.54626 6.20873e+015
5.54763 6.1154e+015
5.54899 6.0234e+015
5.55036 5.93272e+015
5.55173 5.84333e+015
5.5531 5.75523e+015
5.55446 5.66838e+015
5.55583 5.58278e+015
5.5572 5.49841e+015
5.55858 5.41525e+015
5.55995 5.33329e+015
5.56132 5.2525e+015
5.5627 5.17288e+015
5.56407 5.09441e+015
5.56545 5.01706e+015
5.56682 4.94084e+015
5.5682 4.86571e+015
5.56958 4.79167e+015
5.57096 4.7187e+015
5.57234 4.64679e+015
5.57372 4.57591e+015
5.57511 4.50607e+015
5.57649 4.43724e+015
5.57787 4.36941e+015
5.57926 4.30256e+015
5.58065 4.23669e+015
5.58203 4.17177e+015
5.58342 4.10781e+015
5.58481 4.04477e+015
5.5862 3.98265e+015
5.58759 3.92145e+015
5.58898 3.86113e+015
5.59038 3.8017e+015
5.59177 3.74314e+015
5.59316 3.68543e+015
5.59456 3.62858e+015
5.59596 3.57255e+015
5.59735 3.51735e+015
5.59875 3.46296e+015
5.60015 3.40937e+015
5.60155 3.35657e+015
5.60295 3.30455e+015
5.60435 3.25329e+015
5.60576 3.2028e+015
5.60716 3.15304e+015
5.60857 3.10402e+015
5.60997 3.05573e+015
5.61138 3.00815e+015
5.61279 2.96128e+015
5.6142 2.9151e+015
5.6156 2.86961e+015
5.61702 2.82479e+015
5.61843 2.78064e+015
5.61984 2.73715e+015
5.62125 2.6943e+015
5.62267 2.65209e+015
5.62408 2.61051e+015
5.6255 2.56956e+015
5.62692 2.52921e+015
5.62833 2.48946e+015
5.62975 2.45032e+015
5.63117 2.41175e+015
5.63259 2.37377e+015
5.63401 2.33635e+015
5.63544 2.2995e+015
5.63686 2.2632e+015
5.63829 2.22744e+015
5.63971 2.19223e+015
5.64114 2.15754e+015
5.64257 2.12337e+015
5.64399 2.08973e+015
5.64542 2.05658e+015
5.64685 2.02394e+015
5.64829 1.9918e+015
5.64972 1.96014e+015
5.65115 1.92895e+015
5.65259 1.89825e+015
5.65402 1.868e+015
5.65546 1.83822e+015
5.65689 1.80889e+015
5.65833 1.78e+015
5.65977 1.75155e+015
5.66121 1.72354e+015
5.66265 1.69595e+015
5.66409 1.66879e+015
5.66554 1.64204e+015
5.66698 1.61569e+015
5.66843 1.58975e+015
5.66987 1.56421e+015
5.67132 1.53906e+015
5.67277 1.51429e+015
5.67421 1.4899e+015
5.67566 1.46589e+015
5.67711 1.44225e+015
5.67857 1.41897e+015
5.68002 1.39605e+015
5.68147 1.37348e+015
5.68293 1.35126e+015
5.68438 1.32938e+015
5.68584 1.30784e+015
5.6873 1.28663e+015
5.68875 1.26575e+015
5.69021 1.24519e+015
5.69167 1.22495e+015
5.69313 1.20503e+015
5.6946 1.18541e+015
5.69606 1.1661e+015
5.69752 1.14709e+015
5.69899 1.12837e+015
5.70046 1.10995e+015
5.70192 1.09181e+015
5.70339 1.07395e+015
5.70486 1.05638e+015
5.70633 1.03907e+015
5.7078 1.02204e+015
5.70927 1.00527e+015
5.71075 9.88771e+014
5.71222 9.72526e+014
5.71369 9.56536e+014
5.71517 9.40796e+014
5.71665 9.25304e+014
5.71813 9.10055e+014
5.7196 8.95045e+014
5.72108 8.80272e+014
5.72257 8.65731e+014
5.72405 8.5142e+014
5.72553 8.37334e+014
5.72701 8.23471e+014
5.7285 8.09827e+014
5.72998 7.96398e+014
5.73147 7.83182e+014
5.73296 7.70176e+014
5.73445 7.57375e+014
5.73594 7.44778e+014
5.73743 7.3238e+014
5.73892 7.2018e+014
5.74041 7.08173e+014
5.74191 6.96358e+014
5.7434 6.8473e+014
5.7449 6.73289e+014
5.74639 6.62029e+014
5.74789 6.5095e+014
5.74939 6.40047e+014
5.75089 6.29319e+014
5.75239 6.18762e+014
5.75389 6.08375e+014
5.7554 5.98154e+014
5.7569 5.88097e+014
5.7584 5.78201e+014
5.75991 5.68465e+014
5.76142 5.58885e+014
5.76292 5.49459e+014
5.76443 5.40185e+014
5.76594 5.31061e+014
5.76745 5.22084e+014
5.76897 5.13251e+014
5.77048 5.04562e+014
5.77199 4.96013e+014
5.77351 4.87602e+014
5.77502 4.79328e+014
5.77654 4.71188e+014
5.77806 4.63179e+014
5.77958 4.55301e+014
5.7811 4.47551e+014
5.78262 4.39927e+014
5.78414 4.32427e+014
5.78566 4.25049e+014
5.78719 4.17792e+014
5.78871 4.10653e+014
5.79024 4.0363e+014
5.79176 3.96723e+014
5.79329 3.89928e+014
5.79482 3.83244e+014
5.79635 3.7667e+014
5.79788 3.70204e+014
5.79941 3.63844e+014
5.80095 3.57588e+014
5.80248 3.51435e+014
5.80402 3.45383e+014
5.80555 3.39431e+014
5.80709 3.33577e+014
5.80863 3.2782e+014
5.81017 3.22157e+014
5.81171 3.16588e+014
5.81325 3.11112e+014
5.81479 3.05725e+014
5.81634 3.00428e+014
5.81788 2.95219e+014
5.81943 2.90096e+014
5.82097 2.85058e+014
5.82252 2.80103e+014
5.82407 2.75231e+014
5.82562 2.7044e+014
5.82717 2.65729e+014
5.82872 2.61097e+014
5.83027 2.56541e+014
5.83183 2.52062e+014
5.83338 2.47657e+014
5.83494 2.43326e+014
5.83649 2.39068e+014
5.83805 2.34881e+014
5.83961 2.30764e+014
5.84117 2.26716e+014
5.84273 2.22736e+014
5.84429 2.18822e+014
5.84586 2.14975e+014
5.84742 2.11192e+014
5.84899 2.07473e+014
5.85055 2.03817e+014
5.85212 2.00222e+014
5.85369 1.96688e+014
5.85526 1.93214e+014
5.85683 1.89798e+014
5.8584 1.86441e+014
5.85997 1.8314e+014
5.86154 1.79895e+014
5.86312 1.76705e+014
5.86469 1.73569e+014
5.86627 1.70486e+014
5.86785 1.67456e+014
5.86943 1.64478e+014
5.87101 1.6155e+014
5.87259 1.58672e+014
5.87417 1.55843e+014
5.87575 1.53063e+014
5.87734 1.5033e+014
5.87892 1.47643e+014
5.88051 1.45003e+014
5.8821 1.42408e+014
5.88368 1.39857e+014
5.88527 1.3735e+014
5.88686 1.34886e+014
5.88846 1.32465e+014
5.89005 1.30085e+014
5.89164 1.27746e+014
5.89324 1.25447e+014
5.89483 1.23188e+014
5.89643 1.20968e+014
5.89803 1.18786e+014
5.89963 1.16642e+014
5.90123 1.14535e+014
5.90283 1.12464e+014
5.90443 1.1043e+014
5.90603 1.0843e+014
5.90764 1.06466e+014
5.90924 1.04535e+014
5.91085 1.02638e+014
5.91246 1.00774e+014
5.91406 9.89422e+013
5.91567 9.71424e+013
5.91728 9.53741e+013
5.9189 9.36365e+013
5.92051 9.19293e+013
5.92212 9.0252e+013
5.92374 8.8604e+013
5.92535 8.69848e+013
5.92697 8.5394e+013
5.92859 8.38311e+013
5.93021 8.22956e+013
5.93183 8.0787e+013
5.93345 7.9305e+013
5.93507 7.7849e+013
5.9367 7.64186e+013
5.93832 7.50135e+013
5.93995 7.36331e+013
5.94157 7.22771e+013
5.9432 7.0945e+013
5.94483 6.96365e+013
5.94646 6.83511e+013
5.94809 6.70884e+013
5.94972 6.58482e+013
5.95136 6.46299e+013
5.95299 6.34332e+013
5.95463 6.22578e+013
5.95626 6.11032e+013
5.9579 5.99692e+013
5.95954 5.88554e+013
5.96118 5.77615e+013
5.96282 5.6687e+013
5.96446 5.56317e+013
5.96611 5.45953e+013
5.96775 5.35773e+013
5.9694 5.25776e+013
5.97104 5.15958e+013
5.97269 5.06316e+013
5.97434 4.96846e+013
5.97599 4.87547e+013
5.97764 4.78414e+013
5.97929 4.69446e+013
5.98095 4.60639e+013
5.9826 4.5199e+013
5.98426 4.43498e+013
5.98591 4.35158e+013
5.98757 4.26969e+013
5.98923 4.18928e+013
5.99089 4.11032e+013
5.99255 4.03279e+013
5.99421 3.95667e+013
5.99587 3.88192e+013
5.99754 3.80853e+013
5.9992 3.73647e+013
6.00087 3.66572e+013
6.00254 3.59626e+013
6.00421 3.52806e+013
6.00588 3.4611e+013
6.00755 3.39536e+013
6.00922 3.33082e+013
6.01089 3.26746e+013
6.01257 3.20525e+013
6.01424 3.14418e+013
6.01592 3.08423e+013
6.0176 3.02538e+013
6.01927 2.9676e+013
6.02095 2.91089e+013
6.02263 2.85522e+013
6.02432 2.80056e+013
6.026 2.74692e+013
6.02768 2.69426e+013
6.02937 2.64257e+013
6.03106 2.59183e+013
6.03274 2.54203e+013
6.03443 2.49315e+013
6.03612 2.44517e+013
6.03781 2.39807e+013
6.03951 2.35185e+013
6.0412 2.30649e+013
6.04289 2.26196e+013
6.04459 2.21826e+013
6.04629 2.17538e+013
6.04798 2.13328e+013
6.04968 2.09198e+013
6.05138 2.05144e+013
6.05308 2.01165e+013
6.05479 1.97261e+013
6.05649 1.93429e+013
6.05819 1.89669e+013
6.0599 1.85979e+013
6.06161 1.82359e+013
6.06331 1.78806e+013
6.06502 1.75319e+013
6.06673 1.71898e+013
6.06845 1.68541e+013
6.07016 1.65247e+013
6.07187 1.62015e+013
6.07359 1.58843e+013
6.0753 1.55732e+013
6.07702 1.52679e+013
6.07874 1.49683e+013
6.08046 1.46744e+013
6.08218 1.43861e+013
6.0839 1.41032e+013
6.08562 1.38256e+013
6.08735 1.35533e+013
6.08907 1.32862e+013
6.0908 1.30241e+013
6.09253 1.2767e+013
6.09425 1.25148e+013
6.09598 1.22673e+013
6.09772 1.20246e+013
6.09945 1.17865e+013
6.10118 1.15529e+013
6.10292 1.13238e+013
6.10465 1.1099e+013
6.10639 1.08786e+013
6.10813 1.06623e+013
6.10986 1.04502e+013
6.11161 1.02421e+013
6.11335 1.00381e+013
6.11509 9.83789e+012
6.11683 9.64157e+012
6.11858 9.44902e+012
6.12032 9.26017e+012
6.12207 9.07495e+012
6.12382 8.89329e+012
6.12557 8.71514e+012
6.12732 8.54042e+012
6.12907 8.36906e+012
6.13082 8.20102e+012
6.13258 8.03622e+012
6.13433 7.87462e+012
6.13609 7.71613e+012
6.13785 7.56072e+012
6.13961 7.40832e+012
6.14137 7.25888e+012
6.14313 7.11234e+012
6.14489 6.96865e+012
6.14665 6.82775e+012
6.14842 6.68959e+012
6.15019 6.55413e+012
6.15195 6.4213e+012
6.15372 6.29107e+012
6.15549 6.16338e+012
6.15726 6.03818e+012
6.15903 5.91544e+012
6.16081 5.79509e+012
6.16258 5.6771e+012
6.16436 5.56143e+012
6.16613 5.44803e+012
6.16791 5.33685e+012
6.16969 5.22785e+012
6.17147 5.12101e+012
6.17325 5.01626e+012
6.17503 4.91358e+012
6.17682 4.81292e+012
6.1786 4.71425e+012
6.18039 4.61752e+012
6.18217 4.52271e+012
6.18396 4.42977e+012
6.18575 4.33867e+012
6.18754 4.24938e+012
6.18934 4.16186e+012
6.19113 4.07607e+012
6.19292 3.99199e+012
6.19472 3.90958e+012
6.19652 3.8288e+012
6.19831 3.74964e+012
6.20011 3.67205e+012
6.20191 3.59601e+012
6.20372 3.52148e+012
6.20552 3.44845e+012
6.20732 3.37687e+012
6.20913 3.30673e+012
6.21093 3.23799e+012
6.21274 3.17062e+012
6.21455 3.10461e+012
6.21636 3.03992e+012
6.21817 2.97653e+012
6.21998 2.91442e+012
6.2218 2.85355e+012
6.22361 2.79391e+012
6.22543 2.73547e+012
6.22725 2.67821e+012
6.22906 2.62211e+012
6.23088 2.56713e+012
6.23271 2.51327e+012
6.23453 2.4605e+012
6.23635 2.4088e+012
6.23818 2.35814e+012
6.24 2.30851e+012
6.24183 2.25989e+012
6.24366 2.21225e+012
6.24549 2.16559e+012
6.24732 2.11987e+012
6.24915 2.07508e+012
6.25098 2.03121e+012
6.25282 1.98823e+012
6.25465 1.94613e+012
6.25649 1.90488e+012
6.25833 1.86448e+012
6.26017 1.82491e+012
6.26201 1.78615e+012
6.26385 1.74818e+012
6.26569 1.71099e+012
6.26754 1.67456e+012
6.26938 1.63888e+012
6.27123 1.60393e+012
6.27307 1.5697e+012
6.27492 1.53618e+012
6.27677 1.50335e+012
6.27863 1.47119e+012
6.28048 1.4397e+012
6.28233 1.40886e+012
6.28419 1.37866e+012
6.28604 1.34908e+012
6.2879 1.32011e+012
6.28976 1.29174e+012
6.29162 1.26397e+012
6.29348 1.23676e+012
6.29535 1.21013e+012
6.29721 1.18404e+012
6.29907 1.1585e+012
6.30094 1.13349e+012
6.30281 1.109e+012
6.30468 1.08503e+012
6.30655 1.06155e+012
6.30842 1.03856e+012
6.31029 1.01606e+012
6.31217 9.9402e+011
6.31404 9.72446e+011
6.31592 9.51323e+011
6.3178 9.30644e+011
6.31967 9.10398e+011
6.32155 8.90578e+011
6.32344 8.71174e+011
6.32532 8.52178e+011
6.3272 8.33583e+011
6.32909 8.15379e+011
6.33097 7.97559e+011
6.33286 7.80115e+011
6.33475 7.63039e+011
6.33664 7.46324e+011
6.33853 7.29963e+011
6.34043 7.13948e+011
6.34232 6.98272e+011
6.34422 6.82929e+011
6.34611 6.67912e+011
6.34801 6.53213e+011
6.34991 6.38827e+011
6.35181 6.24747e+011
6.35371 6.10966e+011
6.35561 5.97479e+011
6.35752 5.8428e+011
6.35942 5.71362e+011
6.36133 5.58721e+011
6.36324 5.46349e+011
6.36515 5.34242e+011
6.36706 5.22394e+011
6.36897 5.108e+011
6.37088 4.99455e+011
6.3728 4.88353e+011
6.37471 4.7749e+011
6.37663 4.6686e+011
6.37855 4.56459e+011
6.38047 4.46281e+011
6.38239 4.36323e+011
6.38431 4.2658e+011
6.38623 4.17046e+011
6.38816 4.07719e+011
6.39008 3.98593e+011
6.39201 3.89665e+011
6.39394 3.8093e+011
6.39587 3.72384e+011
6.3978 3.64024e+011
6.39973 3.55845e+011
6.40167 3.47843e+011
6.4036 3.40016e+011
6.40554 3.32359e+011
6.40747 3.24868e+011
6.40941 3.17541e+011
6.41135 3.10373e+011
6.41329 3.03362e+011
6.41524 2.96504e+011
6.41718 2.89796e+011
6.41913 2.83234e+011
6.42107 2.76816e+011
6.42302 2.70539e+011
6.42497 2.64399e+011
6.42692 2.58395e+011
6.42887 2.52522e+011
6.43082 2.46778e+011
6.43278 2.4116e+011
6.43473 2.35666e+011
6.43669 2.30293e+011
6.43865 2.25039e+011
6.44061 2.199e+011
6.44257 2.14875e+011
6.44453 2.09961e+011
6.4465 2.05156e+011
6.44846 2.00457e+011
6.45043 1.95862e+011
6.45239 1.91369e+011
6.45436 1.86976e+011
6.45633 1.8268e+011
6.4583 1.7848e+011
6.46028 1.74373e+011
6.46225 1.70358e+011
6.46423 1.66432e+011
6.4662 1.62594e+011
6.46818 1.58841e+011
6.47016 1.55172e+011
6.47214 1.51585e+011
6.47412 1.48078e+011
6.47611 1.4465e+011
6.47809 1.41299e+011
6.48008 1.38022e+011
6.48206 1.3482e+011
6.48405 1.31689e+011
6.48604 1.28628e+011
6.48803 1.25636e+011
6.49003 1.22712e+011
6.49202 1.19854e+011
6.49401 1.1706e+011
6.49601 1.14329e+011
6.49801 1.11659e+011
6.50001 1.0905e+011
6.50201 1.065e+011
6.50401 1.04008e+011
6.50601 1.01572e+011
6.50802 9.91917e+010
6.51002 9.68651e+010
6.51203 9.45913e+010
6.51404 9.23692e+010
6.51605 9.01977e+010
6.51806 8.80756e+010
6.52007 8.60018e+010
6.52209 8.39753e+010
6.5241 8.1995e+010
6.52612 8.00599e+010
6.52814 7.81691e+010
6.53016 7.63215e+010
6.53218 7.45162e+010
6.5342 7.27522e+010
6.53622 7.10287e+010
6.53825 6.93447e+010
6.54027 6.76994e+010
6.5423 6.60918e+010
6.54433 6.45213e+010
6.54636 6.29869e+010
6.54839 6.14878e+010
6.55042 6.00233e+010
6.55246 5.85926e+010
6.55449 5.71949e+010
6.55653 5.58295e+010
6.55857 5.44957e+010
6.56061 5.31928e+010
6.56265 5.192e+010
6.56469 5.06767e+010
6.56673 4.94623e+010
6.56878 4.8276e+010
6.57082 4.71174e+010
6.57287 4.59856e+010
6.57492 4.48802e+010
6.57697 4.38006e+010
6.57902 4.27461e+010
6.58108 4.17162e+010
6.58313 4.07104e+010
6.58519 3.9728e+010
6.58725 3.87687e+010
6.5893 3.78318e+010
6.59136 3.69168e+010
6.59343 3.60232e+010
6.59549 3.51507e+010
6.59755 3.42986e+010
6.59962 3.34665e+010
6.60168 3.2654e+010
6.60375 3.18606e+010
6.60582 3.10859e+010
6.60789 3.03294e+010
6.60997 2.95908e+010
6.61204 2.88697e+010
6.61412 2.81655e+010
6.61619 2.74781e+010
6.61827 2.68068e+010
6.62035 2.61515e+010
6.62243 2.55117e+010
6.62451 2.48871e+010
6.6266 2.42773e+010
6.62868 2.3682e+010
6.63077 2.31009e+010
6.63285 2.25335e+010
6.63494 2.19797e+010
6.63703 2.14391e+010
6.63913 2.09114e+010
6.64122 2.03963e+010
6.64331 1.98934e+010
6.64541 1.94026e+010
6.64751 1.89236e+010
6.64961 1.8456e+010
6.65171 1.79996e+010
6.65381 1.75542e+010
6.65591 1.71194e+010
6.65802 1.66951e+010
6.66012 1.6281e+010
6.66223 1.58769e+010
6.66434 1.54825e+010
6.66645 1.50975e+010
6.66856 1.47219e+010
6.67067 1.43554e+010
6.67279 1.39977e+010
6.6749 1.36486e+010
6.67702 1.3308e+010
6.67914 1.29756e+010
6.68126 1.26513e+010
6.68338 1.23348e+010
6.6855 1.20261e+010
6.68763 1.17248e+010
6.68975 1.14308e+010
6.69188 1.11441e+010
6.69401 1.08642e+010
6.69614 1.05912e+010
6.69827 1.03249e+010
6.7004 1.0065e+010
6.70254 9.81155e+009
6.70467 9.56425e+009
6.70681 9.32299e+009
6.70895 9.08765e+009
6.71109 8.85807e+009
6.71323 8.63411e+009
6.71537 8.41566e+009
6.71752 8.20256e+009
6.71966 7.99471e+009
6.72181 7.79197e+009
6.72396 7.59421e+009
6.72611 7.40133e+009
6.72826 7.21321e+009
6.73041 7.02972e+009
6.73256 6.85077e+009
6.73472 6.67624e+009
6.73688 6.50603e+009
6.73904 6.34003e+009
6.7412 6.17814e+009
6.74336 6.02026e+009
6.74552 5.8663e+009
6.74768 5.71617e+009
6.74985 5.56976e+009
6.75202 5.427e+009
6.75419 5.28779e+009
6.75636 5.15204e+009
6.75853 5.01968e+009
6.7607 4.89063e+009
6.76287 4.76479e+009
6.76505 4.6421e+009
6.76723 4.52248e+009
6.76941 4.40585e+009
6.77159 4.29214e+009
6.77377 4.18128e+009
6.77595 4.0732e+009
6.77814 3.96784e+009
6.78032 3.86512e+009
6.78251 3.76499e+009
6.7847 3.66737e+009
6.78689 3.57222e+009
6.78908 3.47946e+009
6.79127 3.38904e+009
6.79347 3.30091e+009
6.79566 3.215e+009
6.79786 3.13126e+009
6.80006 3.04964e+009
6.80226 2.97009e+009
6.80446 2.89256e+009
6.80667 2.81699e+009
6.80887 2.74334e+009
6.81108 2.67156e+009
6.81329 2.60161e+009
6.8155 2.53343e+009
6.81771 2.46699e+009
6.81992 2.40225e+009
6.82213 2.33915e+009
6.82435 2.27767e+009
6.82657 2.21776e+009
6.82879 2.15938e+009
6.831 2.10249e+009
6.83323 2.04706e+009
6.83545 1.99304e+009
6.83767 1.94042e+009
6.8399 1.88914e+009
6.84213 1.83918e+009
6.84435 1.79051e+009
6.84659 1.74309e+009
6.84882 1.69689e+009
6.85105 1.65188e+009
6.85328 1.60803e+009
6.85552 1.56531e+009
6.85776 1.52369e+009
6.86 1.48315e+009
6.86224 1.44366e+009
6.86448 1.40519e+009
6.86672 1.36772e+009
6.86897 1.33122e+009
6.87122 1.29566e+009
6.87346 1.26103e+009
6.87571 1.2273e+009
6.87796 1.19445e+009
6.88022 1.16245e+009
6.88247 1.13129e+009
6.88473 1.10094e+009
6.88698 1.07138e+009
6.88924 1.04259e+009
6.8915 1.01455e+009
6.89376 9.8725e+008
6.89603 9.60661e+008
6.89829 9.3477e+008
6.90056 9.09557e+008
6.90283 8.85005e+008
6.9051 8.61099e+008
6.90737 8.3782e+008
6.90964 8.15153e+008
6.91191 7.93083e+008
6.91419 7.71595e+008
6.91646 7.50672e+008
6.91874 7.30302e+008
6.92102 7.10469e+008
6.9233 6.91161e+008
6.92559 6.72363e+008
6.92787 6.54062e+008
6.93016 6.36246e+008
6.93244 6.18902e+008
6.93473 6.02018e+008
6.93702 5.85583e+008
6.93932 5.69584e+008
6.94161 5.5401e+008
6.9439 5.38851e+008
6.9462 5.24095e+008
6.9485 5.09733e+008
6.9508 4.95753e+008
6.9531 4.82147e+008
6.9554 4.68904e+008
6.95771 4.56015e+008
6.96001 4.43472e+008
6.96232 4.31263e+008
6.96463 4.19382e+008
6.96694 4.0782e+008
6.96925 3.96568e+008
6.97156 3.85618e+008
6.97388 3.74963e+008
6.9762 3.64594e+008
6.97851 3.54504e+008
6.98083 3.44686e+008
6.98316 3.35133e+008
6.98548 3.25838e+008
6.9878 3.16793e+008
6.99013 3.07993e+008
6.99246 2.99432e+008
6.99478 2.91102e+008
6.99712 2.82997e+008
6.99945 2.75112e+008
7.00178 2.67442e+008
7.00412 2.59979e+008
7.00645 2.52719e+008
7.00879 2.45657e+008
7.01113 2.38787e+008
7.01347 2.32104e+008
7.01582 2.25604e+008
7.01816 2.1928e+008
7.02051 2.13129e+008
7.02285 2.07147e+008
7.0252 2.01328e+008
7.02755 1.95668e+008
7.02991 1.90163e+008
7.03226 1.84809e+008
7.03462 1.79602e+008
7.03697 1.74538e+008
7.03933 1.69613e+008
7.04169 1.64824e+008
7.04405 1.60166e+008
7.04642 1.55637e+008
7.04878 1.51232e+008
7.05115 1.46949e+008
7.05352 1.42784e+008
7.05589 1.38734e+008
7.05826 1.34796e+008
7.06063 1.30967e+008
7.06301 1.27244e+008
7.06538 1.23624e+008
7.06776 1.20105e+008
7.07014 1.16683e+008
7.07252 1.13357e+008
7.0749 1.10123e+008
7.07729 1.06978e+008
7.07967 1.03922e+008
7.08206 1.0095e+008
7.08445 9.80616e+007
7.08684 9.52536e+007
7.08923 9.2524e+007
7.09162 8.98707e+007
7.09402 8.72916e+007
7.09642 8.47847e+007
7.09881 8.23481e+007
7.10121 7.99797e+007
7.10361 7.76779e+007
7.10602 7.54406e+007
7.10842 7.32662e+007
7.11083 7.1153e+007
7.11324 6.90993e+007
7.11565 6.71034e+007
7.11806 6.51638e+007
7.12047 6.32789e+007
7.12289 6.14472e+007
7.1253 5.96673e+007
7.12772 5.79377e+007
7.13014 5.6257e+007
7.13256 5.4624e+007
7.13498 5.30372e+007
7.13741 5.14955e+007
7.13983 4.99975e+007
7.14226 4.85421e+007
7.14469 4.71281e+007
7.14712 4.57543e+007
7.14955 4.44196e+007
7.15198 4.3123e+007
7.15442 4.18633e+007
7.15686 4.06396e+007
7.15929 3.94509e+007
7.16174 3.82961e+007
7.16418 3.71744e+007
7.16662 3.60848e+007
7.16907 3.50264e+007
7.17151 3.39984e+007
7.17396 3.29999e+007
7.17641 3.203e+007
7.17886 3.10881e+007
7.18132 3.01732e+007
7.18377 2.92847e+007
7.18623 2.84217e+007
7.18869 2.75837e+007
7.19115 2.67698e+007
7.19361 2.59795e+007
7.19607 2.5212e+007
7.19854 2.44666e+007
7.201 2.37429e+007
7.20347 2.30401e+007
7.20594 2.23577e+007
7.20841 2.16951e+007
7.21088 2.10517e+007
7.21336 2.04271e+007
7.21584 1.98206e+007
7.21831 1.92317e+007
7.22079 1.866e+007
7.22327 1.8105e+007
7.22576 1.75661e+007
7.22824 1.7043e+007
7.23073 1.65352e+007
7.23322 1.60422e+007
7.23571 1.55637e+007
7.2382 1.50991e+007
7.24069 1.46482e+007
7.24318 1.42105e+007
7.24568 1.37856e+007
7.24818 1.33733e+007
7.25068 1.2973e+007
7.25318 1.25846e+007
7.25568 1.22075e+007
7.25819 1.18416e+007
7.26069 1.14865e+007
7.2632 1.11418e+007
7.26571 1.08074e+007
7.26822 1.04828e+007
7.27073 1.01678e+007
7.27325 9.86214e+006
7.27577 9.56554e+006
7.27828 9.27773e+006
7.2808 8.99846e+006
7.28332 8.72749e+006
7.28585 8.46457e+006
7.28837 8.20948e+006
7.2909 7.96197e+006
7.29343 7.72184e+006
7.29596 7.48886e+006
7.29849 7.26284e+006
7.30102 7.04357e+006
7.30356 6.83085e+006
7.30609 6.62449e+006
7.30863 6.4243e+006
7.31117 6.23011e+006
7.31371 6.04175e+006
7.31626 5.85903e+006
7.3188 5.6818e+006
7.32135 5.50989e+006
7.3239 5.34315e+006
7.32645 5.18143e+006
7.329 5.02458e+006
7.33155 4.87245e+006
7.33411 4.72492e+006
7.33666 4.58184e+006
7.33922 4.44307e+006
7.34178 4.30851e+006
7.34434 4.17801e+006
7.34691 4.05147e+006
7.34947 3.92876e+006
7.35204 3.80977e+006
7.35461 3.6944e+006
7.35718 3.58252e+006
7.35975 3.47405e+006
7.36233 3.36888e+006
7.3649 3.26691e+006
7.36748 3.16804e+006
7.37006 3.07219e+006
7.37264 2.97926e+006
7.37522 2.88918e+006
7.37781 2.80184e+006
7.38039 2.71718e+006
7.38298 2.6351e+006
7.38557 2.55554e+006
7.38816 2.47842e+006
7.39075 2.40367e+006
7.39335 2.33121e+006
7.39595 2.26098e+006
7.39854 2.1929e+006
7.40114 2.12692e+006
7.40374 2.06298e+006
7.40635 2.001e+006
7.40895 1.94094e+006
7.41156 1.88273e+006
7.41417 1.82631e+006
7.41678 1.77165e+006
7.41939 1.71867e+006
7.422 1.66733e+006
7.42462 1.61759e+006
7.42724 1.56938e+006
7.42986 1.52268e+006
7.43248 1.47742e+006
7.4351 1.43357e+006
7.43772 1.39109e+006
7.44035 1.34992e+006
7.44298 1.31004e+006
7.44561 1.27141e+006
7.44824 1.23397e+006
7.45087 1.19771e+006
7.45351 1.16258e+006
7.45614 1.12855e+006
7.45878 1.09559e+006
7.46142 1.06365e+006
7.46406 1.03272e+006
7.46671 1.00276e+006
7.46935 973739
7.472 945630
7.47465 918405
7.4773 892036
7.47995 866498
7.48261 841765
7.48526 817812
7.48792 794615
7.49058 772151
7.49324 750397
7.4959 729332
7.49857 708933
7.50123 689181
7.5039 670055
7.50657 651536
7.50925 633605
7.51192 616244
7.51459 599435
7.51727 583162
7.51995 567407
7.52263 552154
7.52531 537388
7.528 523094
7.53069 509256
7.53337 495861
7.53606 482894
7.53875 470343
7.54145 458194
7.54414 446435
7.54684 435053
7.54954 424037
7.55224 413376
7.55494 403057
7.55765 393071
7.56035 383406
7.56306 374053
7.56577 365002
7.56848 356244
7.57119 347768
7.57391 339567
7.57663 331632
7.57935 323953
7.58207 316523
7.58479 309335
7.58751 302380
7.59024 295651
7.59297 289141
7.5957 282843
7.59843 276749
7.60116 270855
7.6039 265153
7.60663 259637
7.60937 254301
7.61211 249140
7.61485 244148
7.6176 239319
7.62034 234649
7.62309 230131
7.62584 225762
7.62859 221537
7.63135 217450
7.6341 213498
7.63686 209676
7.63962 205980
7.64238 202406
7.64514 198950
7.64791 195607
7.65067 192376
7.65344 189251
7.65621 186230
7.65898 183309
7.66175 180484
7.66453 177754
7.66731 175114
7.67009 172562
7.67287 170094
7.67565 167709
7.67844 165403
7.68122 163174
7.68401 161020
7.6868 158937
7.68959 156924
7.69239 154978
7.69518 153098
7.69798 151280
7.70078 149523
7.70358 147826
7.70639 146185
7.70919 144599
7.712 143067
7.71481 141586
7.71762 140155
7.72043 138772
7.72324 137436
7.72606 136144
7.72888 134897
7.7317 133692
7.73452 132527
7.73735 131402
7.74017 130315
7.743 129265
7.74583 128250
7.74866 127270
7.75149 126323
7.75433 125408
7.75717 124525
7.76001 123671
7.76285 122847
7.76569 122051
7.76853 121282
7.77138 120539
7.77423 119822
7.77708 119129
7.77993 118460
7.78279 117813
7.78564 117189
7.7885 116587
7.79136 116005
7.79422 115443
7.79709 114900
7.79995 114376
7.80282 113870
7.80569 113382
7.80856 112910
7.81144 112455
7.81431 112015
7.81719 111591
7.82007 111181
7.82295 110786
7.82583 110404
7.82872 110035
7.8316 109679
7.83449 109336
7.83738 109005
7.84027 108685
7.84317 108376
7.84607 108078
7.84896 107790
7.85186 107512
7.85477 107245
7.85767 106986
7.86058 106736
7.86349 106496
7.8664 106263
7.86931 106039
7.87222 105823
7.87514 105614
7.87806 105413
7.88098 105218
7.8839 105031
7.88682 104850
7.88975 104675
7.89267 104507
7.8956 104345
7.89853 104188
7.90147 104037
7.9044 103891
7.90734 103750
7.91028 103615
7.91322 103484
7.91616 103358
7.91911 103236
7.92206 103118
7.92501 103005
7.92796 102896
7.93091 102791
7.93387 102689
7.93682 102591
7.93978 102497
7.94274 102406
7.9457 102318
7.94867 102233
7.95164 102152
7.95461 102073
7.95758 101997
7.96055 101924
7.96352 101853
7.9665 101785
7.96948 101720
7.97246 101657
7.97544 101596
7.97843 101537
7.98141 101480
7.9844 101426
7.98739 101373
7.99039 101323
7.99338 101274
7.99638 101227
7.99938 101181
8.00238 101138
8.00538 101095
8.00838 101055
8.01139 101016
8.0144 100978
8.01741 100942
8.02042 100907
8.02344 100873
8.02646 100840
8.02947 100809
8.03249 100779
8.03552 100750
8.03854 100722
8.04157 100695
8.0446 100669
8.04763 100644
8.05066 100620
8.0537 100597
8.05673 100574
8.05977 100553
8.06281 100532
8.06586 100512
8.0689 100493
8.07195 100474
8.075 100456
8.07805 100439
8.0811 100422
8.08416 100406
8.08721 100391
8.09027 100376
8.09334 100362
8.0964 100348
8.09946 100335
8.10253 100322
8.1056 100310
8.10867 100298
8.11175 100287
8.11482 100276
8.1179 100266
8.12098 100256
8.12406 100246
8.12714 100236
8.13023 100227
8.13332 100219
8.13641 100210
8.1395 100202
8.1426 100195
8.14569 100187
8.14879 100180
8.15189 100173
8.15499 100166
8.1581 100160
8.1612 100154
8.16431 100148
8.16742 100142
8.17054 100137
8.17365 100131
8.17677 100126
8.17989 100121
8.18301 100117
8.18613 100112
8.18926 100108
8.19238 100104
8.19551 100100
8.19864 100096
8.20178 100092
8.20491 100089
8.20805 100085
8.21119 100082
8.21433 100079
8.21748 100076
8.22062 100073
8.22377 100070
8.22692 100067
8.23007 100064
8.23323 100062
8.23639 100059
8.23955 100057
8.24271 100055
8.24587 100053
8.24903 100051
8.2522 100049
8.25537 100047
8.25854 100045
8.26172 100043
8.26489 100041
8.26807 100040
8.27125 100038
8.27443 100037
8.27762 100035
8.2808 100034
8.28399 100033
8.28718 100031
8.29037 100030
8.29357 100029
8.29677 100028
8.29996 100027
8.30317 100026
8.30637 100025
8.30957 100024
8.31278 100023
8.31599 100022
8.3192 100021
8.32242 100020
8.32563 100019
8.32885 100018
8.33207 100018
8.3353 100017
8.33852 100016
8.34175 100016
8.34498 100015
8.34821 100014
8.35144 100014
8.35468 100013
8.35791 100013
8.36115 100012
8.3644 100012
8.36764 100011
8.37089 100011
8.37413 100010
8.37739 100010
8.38064 100010
8.38389 100009
8.38715 100009
8.39041 100008
8.39367 100008
8.39694 100008
8.4002 100007
8.40347 100007
8.40674 100007
8.41001 100007
8.41329 100006
8.41656 100006
8.41984 100006
8.42312 100006
8.42641 100005
8.42969 100005
8.43298 100005
8.43627 100005
8.43956 100005
8.44286 100004
8.44615 100004
8.44945 100004
8.45275 100004
8.45606 100004
8.45936 100004
8.46267 100003
8.46598 100003
8.46929 100003
8.4726 100003
8.47592 100003
8.47924 100003
8.48256 100003
8.48588 100003
8.48921 100002
8.49254 100002
8.49587 100002
8.4992 100002
8.50253 100002
8.50587 100002
8.50921 100002
8.51255 100002
8.51589 100002
8.51924 100002
8.52258 100002
8.52593 100002
8.52929 100001
8.53264 100001
8.536 100001
8.53935 100001
8.54272 100001
8.54608 100001
8.54944 100001
8.55281 100001
8.55618 100001
8.55955 100001
8.56293 100001
8.5663 100001
8.56968 100001
8.57306 100001
8.57645 100001
8.57983 100001
8.58322 100001
8.58661 100001
8.59 100001
8.5934 100001
8.5968 100001
8.6002 100001
8.6036 100001
8.607 100001
8.61041 100001
8.61381 100000
8.61723 100000
8.62064 100000
8.62405 100000
8.62747 100000
8.63089 100000
8.63431 100000
8.63774 100000
8.64116 100000
8.64459 100000
8.64802 100000
8.65146 100000
8.65489 100000
8.65833 100000
8.66177 100000
8.66521 100000
8.66866 100000
8.67211 100000
8.67555 100000
8.67901 100000
8.68246 100000
8.68592 100000
8.68938 100000
8.69284 100000
8.6963 100000
8.69977 100000
8.70323 100000
8.7067 100000
8.71018 100000
8.71365 100000
8.71713 100000
8.72061 100000
8.72409 100000
8.72757 100000
8.73106 100000
8.73455 100000
8.73804 100000
8.74153 100000
8.74503 100000
8.74853 100000
8.75203 100000
8.75553 100000
8.75904 100000
8.76254 100000
8.76605 100000
8.76956 100000
8.77308 100000
8.7766 100000
8.78012 100000
8.78364 100000
8.78716 100000
8.79069 100000
8.79422 100000
8.79775 100000
8.80128 100000
8.80482 100000
8.80835 100000
8.81189 100000
8.81544 100000
8.81898 100000
8.82253 100000
8.82608 100000
8.82963 100000
8.83319 100000
8.83674 100000
8.8403 100000
8.84386 100000
8.84743 100000
8.85099 100000
8.85456 100000
8.85813 100000
8.86171 100000
8.86528 100000
8.86886 100000
8.87244 100000
8.87603 100000
8.87961 100000
8.8832 100000
8.88679 100000
8.89038 100000
8.89398 100000
8.89757 100000
8.90117 100000
8.90478 100000
8.90838 100000
8.91199 100000
8.9156 100000
8.91921 100000
8.92282 100000
8.92644 100000
8.93006 100000
8.93368 100000
8.93731 100000
8.94093 100000
8.94456 100000
8.94819 100000
8.95183 100000
8.95546 100000
8.9591 100000
8.96274 100000
8.96638 100000
8.97003 100000
8.97368 100000
8.97733 100000
8.98098 100000
8.98464 100000
8.9883 100000
8.99196 100000
8.99562 100000
8.99928 100000
9.00295 100000
9.00662 100000
9.01029 100000
9.01397 100000
9.01765 100000
9.02133 100000
9.02501 100000
9.02869 100000
9.03238 100000
9.03607 100000
9.03976 100000
9.04346 100000
9.04716 100000
9.05086 100000
9.05456 100000
9.05826 100000
9.06197 100000
9.06568 100000
9.06939 100000
9.07311 100000
9.07682 100000
9.08054 100000
9.08426 100000
9.08799 100000
9.09171 100000
9.09544 100000
9.09918 100000
9.10291 100000
9.10665 100000
9.11039 100000
9.11413 100000
9.11787 100000
9.12162 100000
9.12537 100000
9.12912 100000
9.13288 100000
9.13663 100000
9.14039 100000
9.14415 100000
9.14792 100000
9.15168 100000
9.15545 100000
9.15923 100000
9.163 100000
9.16678 100000
9.17056 100000
9.17434 100000
9.17812 100000
9.18191 100000
9.1857 100000
9.18949 100000
9.19329 100000
9.19708 100000
9.20088 100000
9.20469 100000
9.20849 100000
9.2123 100000
9.21611 100000
9.21992 100000
9.22373 100000
9.22755 100000
9.23137 100000
9.23519 100000
9.23902 100000
9.24285 100000
9.24668 100000
9.25051 100000
9.25435 100000
9.25818 100000
9.26202 100000
9.26587 100000
9.26971 100000
9.27356 100000
9.27741 100000
9.28126 100000
9.28512 100000
9.28898 100000
9.29284 100000
9.2967 100000
9.30057 100000
9.30444 100000
9.30831 100000
9.31218 100000
9.31606 100000
9.31994 100000
9.32382 100000
9.3277 100000
9.33159 100000
9.33548 100000
9.33937 100000
9.34327 100000
9.34716 100000
9.35106 100000
9.35497 100000
9.35887 100000
9.36278 100000
9.36669 100000
9.3706 100000
9.37452 100000
9.37844 100000
9.38236 100000
9.38628 100000
9.39021 100000
9.39413 100000
9.39806 100000
9.402 100000
9.40593 100000
9.40987 100000
9.41382 100000
9.41776 100000
9.42171 100000
9.42566 100000
9.42961 100000
9.43356 100000
9.43752 100000
9.44148 100000
9.44544 100000
9.44941 100000
9.45338 100000
9.45735 100000
9.46132 100000
9.4653 100000
9.46928 100000
9.47326 100000
9.47724 100000
9.48123 100000
9.48522 100000
9.48921 100000
9.4932 100000
9.4972 100000
9.5012 100000
9.5052 100000
9.50921 100000
9.51322 100000
9.51723 100000
9.52124 100000
9.52525 100000
9.52927 100000
9.53329 100000
9.53732 100000
9.54135 100000
9.54537 100000
9.54941 100000
9.55344 100000
9.55748 100000
9.56152 100000
9.56556 100000
9.56961 100000
9.57366 100000
9.57771 100000
9.58176 100000
9.58582 100000
9.58987 100000
9.59394 100000
9.598 100000
9.60207 100000
9.60614 100000
9.61021 100000
9.61429 100000
9.61836 100000
9.62244 100000
9.62653 100000
9.63061 100000
9.6347 100000
9.63879 100000
9.64289 100000
9.64699 100000
9.65109 100000
9.65519 100000
9.65929 100000
9.6634 100000
9.66751 100000
9.67163 100000
9.67574 100000
9.67986 100000
9.68398 100000
9.68811 100000
9.69223 100000
9.69636 100000
9.7005 100000
9.70463 100000
9.70877 100000
9.71291 100000
9.71706 100000
9.7212 100000
9.72535 100000
9.7295 100000
9.73366 100000
9.73782 100000
9.74198 100000
9.74614 100000
9.75031 100000
9.75447 100000
9.75865 100000
9.76282 100000
9.767 100000
9.77118 100000
9.77536 100000
9.77955 100000
9.78373 100000
9.78792 100000
9.79212 100000
9.79631 100000
9.80051 100000
9.80472 100000
9.80892 100000
9.81313 100000
9.81734 100000
9.82155 100000
9.82577 100000
9.82999 100000
9.83421 100000
9.83844 100000
9.84266 100000
9.84689 100000
9.85113 100000
9.85536 100000
9.8596 100000
9.86384 100000
9.86809 100000
9.87233 100000
9.87658 100000
9.88084 100000
9.88509 100000
9.88935 100000
9.89361 100000
9.89788 100000
9.90214 100000
9.90641 100000
9.91069 100000
9.91496 100000
9.91924 100000
9.92352 100000
9.92781 100000
9.93209 100000
9.93638 100000
9.94068 100000
9.94497 100000
9.94927 100000
9.95357 100000
9.95788 100000
9.96218 100000
9.96649 100000
9.97081 100000
9.97512 100000
9.97944 100000
9.98376 100000
9.98809 100000
9.99242 100000
9.99675 100000
10.0011 100000
10.0054 100000
10.0098 100000
10.0141 100000
10.0184 100000
10.0228 100000
10.0271 100000
10.0315 100000
10.0358 100000
10.0402 100000
10.0446 100000
10.0489 100000
10.0533 100000
10.0577 100000
10.062 100000
10.0664 100000
10.0708 100000
10.0752 100000
10.0796 100000
10.084 100000
10.0884 100000
10.0927 100000
10.0971 100000
10.1015 100000
10.1059 100000
10.1104 100000
10.1148 100000
10.1192 100000
10.1236 100000
10.128 100000
10.1324 100000
10.1368 100000
10.1413 100000
10.1457 100000
10.1501 100000
10.1546 100000
10.159 100000
10.1635 100000
10.1679 100000
10.1723 100000
10.1768 100000
10.1812 100000
10.1857 100000
10.1902 100000
10.1946 100000
10.1991 100000
10.2036 100000
10.208 100000
10.2125 100000
10.217 100000
10.2215 100000
10.2259 100000
10.2304 100000
10.2349 100000
10.2394 100000
10.2439 100000
10.2484 100000
10.2529 100000
10.2574 100000
10.2619 100000
10.2664 100000
10.2709 100000
10.2755 100000
10.28 100000
10.2845 100000
10.289 100000
10.2935 100000
10.2981 100000
10.3026 100000
10.3072 100000
10.3117 100000
10.3162 100000
10.3208 100000
10.3253 100000
10.3299 100000
10.3344 100000
10.339 100000
10.3436 100000
10.3481 100000
10.3527 100000
10.3573 100000
10.3618 100000
10.3664 100000
10.371 100000
10.3756 100000
10.3802 100000
10.3847 100000
10.3893 100000
10.3939 100000
10.3985 100000
10.4031 100000
10.4077 100000
10.4123 100000
10.417 100000
10.4216 100000
10.4262 100000
10.4308 100000
10.4354 100000
10.4401 100000
10.4447 100000
10.4493 100000
10.4539 100000
10.4586 100000
10.4632 100000
10.4679 100000
10.4725 100000
10.4772 100000
10.4818 100000
10.4865 100000
10.4911 100000
10.4958 100000
10.5005 100000
10.5051 100000
10.5098 100000
10.5145 100000
10.5192 100000
10.5238 100000
10.5285 100000
10.5332 100000
10.5379 100000
10.5426 100000
10.5473 100000
10.552 100000
10.5567 100000
10.5614 100000
10.5661 100000
10.5708 100000
10.5756 100000
10.5803 100000
10.585 100000
10.5897 100000
10.5944 100000
10.5992 100000
10.6039 100000
10.6087 100000
10.6134 100000
10.6181 100000
10.6229 100000
10.6276 100000
10.6324 100000
10.6371 100000
10.6419 100000
10.6467 100000
10.6514 100000
10.6562 100000
10.661 100000
10.6658 100000
10.6705 100000
10.6753 100000
10.6801 100000
10.6849 100000
10.6897 100000
10.6945 100000
10.6993 100000
10.7041 100000
10.7089 100000
10.7137 100000
10.7185 100000
10.7233 100000
10.7281 100000
10.733 100000
10.7378 100000
10.7426 100000
10.7474 100000
10.7523 100000
10.7571 100000
10.762 100000
10.7668 100000
10.7716 100000
10.7765 100000
10.7813 100000
10.7862 100000
10.7911 100000
10.7959 100000
10.8008 100000
10.8057 100000
10.8105 100000
10.8154 100000
10.8203 100000
10.8252 100000
10.8301 100000
10.8349 100000
10.8398 100000
10.8447 100000
10.8496 100000
10.8545 100000
10.8594 100000
10.8643 100000
10.8693 100000
10.8742 100000
10.8791 100000
10.884 100000
10.8889 100000
10.8939 100000
10.8988 100000
10.9037 100000
10.9087 100000
10.9136 100000
10.9186 100000
10.9235 100000
10.9285 100000
10.9334 100000
10.9384 100000
10.9433 100000
10.9483 100000
10.9533 100000
10.9582 100000
10.9632 100000
10.9682 100000
10.9732 100000
10.9782 100000
10.9831 100000
10.9881 100000
10.9931 100000
10.9981 100000
11.0031 100000
11.0081 100000
11.0131 100000
11.0182 100000
11.0232 100000
11.0282 100000
11.0332 100000
11.0382 100000
11.0433 100000
11.0483 100000
11.0533 100000
11.0584 100000
11.0634 100000
11.0684 100000
11.0735 100000
11.0785 100000
11.0836 100000
11.0887 100000
11.0937 100000
11.0988 100000
11.1039 100000
11.1089 100000
11.114 100000
11.1191 100000
11.1242 100000
11.1292 100000
11.1343 100000
11.1394 100000
11.1445 100000
11.1496 100000
11.1547 100000
11.1598 100000
11.1649 100000
11.1701 100000
11.1752 100000
11.1803 100000
11.1854 100000
11.1905 100000
11.1957 100000
11.2008 100000
11.2059 100000
11.2111 100000
11.2162 100000
11.2214 100000
11.2265 100000
11.2317 100000
11.2368 100000
11.242 100000
11.2471 100000
11.2523 100000
11.2575 100000
11.2627 100000
11.2678 100000
11.273 100000
11.2782 100000
11.2834 100000
11.2886 100000
11.2938 100000
11.299 100000
11.3042 100000
11.3094 100000
11.3146 100000
11.3198 100000
11.325 100000
11.3302 100000
11.3355 100000
11.3407 100000
11.3459 100000
11.3511 100000
11.3564 100000
11.3616 100000
11.3669 100000
11.3721 100000
11.3774 100000
11.3826 100000
11.3879 100000
11.3931 100000
11.3984 100000
11.4037 100000
11.4089 100000
11.4142 100000
11.4195 100000
11.4248 100000
11.4301 100000
11.4354 100000
11.4406 100000
11.4459 100000
11.4512 100000
11.4565 100000
11.4619 100000
11.4672 100000
11.4725 100000
11.4778 100000
11.4831 100000
11.4884 100000
11.4938 100000
11.4991 100000
11.5044 100000
11.5098 100000
11.5151 100000
11.5205 100000
11.5258 100000
11.5312 100000
11.5365 100000
11.5419 100000
11.5472 100000
11.5526 100000
11.558 100000
11.5634 100000
11.5687 100000
11.5741 100000
11.5795 100000
11.5849 100000
11.5903 100000
11.5957 100000
11.6011 100000
11.6065 100000
11.6119 100000
11.6173 100000
11.6227 100000
11.6281 100000
11.6336 100000
11.639 100000
11.6444 100000
11.6498 100000
11.6553 100000
11.6607 100000
11.6662 100000
11.6716 100000
11.6771 100000
11.6825 100000
11.688 100000
11.6934 100000
11.6989 100000
11.7044 100000
11.7098 100000
11.7153 100000
11.7208 100000
11.7263 100000
11.7318 100000
11.7373 100000
11.7427 100000
11.7482 100000
11.7537 100000
11.7593 100000
11.7648 100000
11.7703 100000
11.7758 100000
11.7813 100000
11.7868 100000
11.7924 100000
11.7979 100000
11.8034 100000
11.809 100000
11.8145 100000
11.8201 100000
11.8256 100000
11.8312 100000
11.8367 100000
11.8423 100000
11.8478 100000
11.8534 100000
11.859 100000
11.8646 100000
11.8701 100000
11.8757 100000
11.8813 100000
11.8869 100000
11.8925 100000
11.8981 100000
11.9037 100000
11.9093 100000
11.9149 100000
11.9205 100000
11.9261 100000
11.9317 100000
11.9374 100000
11.943 100000
11.9486 100000
11.9543 100000
11.9599 100000
11.9655 100000
11.9712 100000
11.9768 100000
11.9825 100000
11.9882 100000
11.9938 100000
11.9995 100000
12.0052 100000
12.0108 100000
12.0165 100000
12.0222 100000
12.0279 100000
12.0336 100000
12.0392 100000
12.0449 100000
12.0506 100000
12.0563 100000
12.0621 100000
12.0678 100000
12.0735 100000
12.0792 100000
12.0849 100000
12.0906 100000
12.0964 100000
12.1021 100000
12.1078 100000
12.1136 100000
12.1193 100000
12.1251 100000
12.1308 100000
12.1366 100000
12.1424 100000
12.1481 100000
12.1539 100000
12.1597 100000
12.1654 100000
12.1712 100000
12.177 100000
12.1828 100000
12.1886 100000
12.1944 100000
12.2002 100000
12.206 100000
12.2118 100000
12.2176 100000
12.2234 100000
12.2292 100000
12.235 100000
12.2409 100000
12.2467 100000
12.2525 100000
12.2584 100000
12.2642 100000
12.2701 100000
12.2759 100000
12.2818 100000
12.2876 100000
12.2935 100000
12.2993 100000
12.3052 100000
12.3111 100000
12.317 100000
12.3228 100000
12.3287 100000
12.3346 100000
12.3405 100000
12.3464 100000
12.3523 100000
12.3582 100000
12.3641 100000
12.37 100000
12.376 100000
12.3819 100000
12.3878 100000
12.3937 100000
12.3997 100000
12.4056 100000
12.4115 100000
12.4175 100000
12.4234 100000
12.4294 100000
12.4353 100000
12.4413 100000
12.4473 100000
12.4532 100000
12.4592 100000
12.4652 100000
12.4712 100000
12.4771 100000
12.4831 100000
12.4891 100000
12.4951 100000
12.5011 100000
12.5071 100000
12.5131 100000
12.5191 100000
12.5252 100000
12.5312 100000
12.5372 100000
12.5432 100000
12.5493 100000
12.5553 100000
12.5613 100000
12.5674 100000
12.5734 100000
12.5795 100000
12.5855 100000
12.5916 100000
12.5977 100000
12.6037 100000
12.6098 100000
12.6159 100000
12.622 100000
12.628 100000
12.6341 100000
12.6402 100000
12.6463 100000
12.6524 100000
12.6585 100000
12.6646 100000
12.6707 100000
12.6769 100000
12.683 100000
12.6891 100000
12.6952 100000
12.7014 100000
12.7075 100000
12.7136 100000
12.7198 100000
12.7259 100000
12.7321 100000
12.7383 100000
12.7444 100000
12.7506 100000
12.7567 100000
12.7629 100000
12.7691 100000
12.7753 100000
12.7815 100000
12.7877 100000
12.7939 100000
12.8001 100000
12.8063 100000
12.8125 100000
12.8187 100000
12.8249 100000
12.8311 100000
12.8373 100000
12.8436 100000
12.8498 100000
12.856 100000
12.8623 100000
12.8685 100000
12.8748 100000
12.881 100000
12.8873 100000
12.8935 100000
12.8998 100000
12.9061 100000
12.9123 100000
12.9186 100000
12.9249 100000
12.9312 100000
12.9375 100000
12.9438 100000
12.9501 100000
12.9564 100000
12.9627 100000
12.969 100000
12.9753 100000
12.9816 100000
12.988 100000
12.9943 100000
13.0006 100000
13.007 100000
13.0133 100000
13.0196 100000
13.026 100000
13.0323 100000
13.0387 100000
13.0451 100000
13.0514 100000
13.0578 100000
13.0642 100000
13.0706 100000
13.0769 100000
13.0833 100000
13.0897 100000
13.0961 100000
13.1025 100000
13.1089 100000
13.1153 100000
13.1218 100000
13.1282 100000
13.1346 100000
13.141 100000
13.1474 100000
13.1539 100000
13.1603 100000
13.1668 100000
13.1732 100000
13.1797 100000
13.1861 100000
13.1926 100000
13.199 100000
13.2055 100000
13.212 100000
13.2185 100000
13.2249 100000
13.2314 100000
13.2379 100000
13.2444 100000
13.2509 100000
13.2574 100000
13.2639 100000
13.2704 100000
13.277 100000
13.2835 100000
13.29 100000
13.2965 100000
13.3031 100000
13.3096 100000
13.3162 100000
13.3227 100000
13.3293 100000
13.3358 100000
13.3424 100000
13.3489 100000
13.3555 100000
13.3621 100000
13.3687 100000
13.3752 100000
13.3818 100000
13.3884 100000
13.395 100000
13.4016 100000
13.4082 100000
13.4148 100000
13.4214 100000
13.4281 100000
13.4347 100000
13.4413 100000
13.4479 100000
13.4546 100000
13.4612 100000
13.4679 100000
13.4745 100000
13.4812 100000
13.4878 100000
13.4945 100000
13.5011 100000
13.5078 100000
13.5145 100000
13.5212 100000
13.5279 100000
13.5345 100000
13.5412 100000
13.5479 100000
13.5546 100000
13.5613 100000
13.5681 100000
13.5748 100000
13.5815 100000
13.5882 100000
13.5949 100000
13.6017 100000
13.6084 100000
13.6152 100000
13.6219 100000
13.6287 100000
13.6354 100000
13.6422 100000
13.6489 100000
13.6557 100000
13.6625 100000
13.6693 100000
13.676 100000
13.6828 100000
13.6896 100000
13.6964 100000
13.7032 100000
13.71 100000
13.7168 100000
13.7237 100000
13.7305 100000
13.7373 100000
13.7441 100000
13.751 100000
13.7578 100000
13.7646 100000
13.7715 100000
13.7783 100000
13.7852 100000
13.792 100000
13.7989 100000
13.8058 100000
13.8127 100000
13.8195 100000
13.8264 100000
13.8333 100000
13.8402 100000
13.8471 100000
13.854 100000
13.8609 100000
13.8678 100000
13.8747 100000
13.8817 100000
13.8886 100000
13.8955 100000
13.9024 100000
13.9094 100000
13.9163 100000
13.9233 100000
13.9302 100000
13.9372 100000
13.9441 100000
13.9511 100000
13.9581 100000
13.9651 100000
13.972 100000
13.979 100000
13.986 100000
13.993 100000
14 100000
