Boron vs Depth
4541 2 2
Depth
Boron
0 2e+022
0.00700127 1.92677e+022
0.0139941 1.85623e+022
0.0209786 1.78836e+022
0.0279547 1.72308e+022
0.0349224 1.66035e+022
0.0418818 1.6001e+022
0.0488327 1.54226e+022
0.0557754 1.48675e+022
0.0627097 1.43351e+022
0.0696357 1.38245e+022
0.0765534 1.3335e+022
0.0834628 1.28659e+022
0.0903638 1.24162e+022
0.0972566 1.19853e+022
0.104141 1.15724e+022
0.111017 1.11768e+022
0.117885 1.07977e+022
0.124745 1.04344e+022
0.131597 1.00863e+022
0.13844 9.75271e+021
0.145275 9.43295e+021
0.152102 9.12643e+021
0.158921 8.83257e+021
0.165731 8.55078e+021
0.172533 8.28052e+021
0.179328 8.02127e+021
0.186114 7.77253e+021
0.192891 7.53382e+021
0.199661 7.30468e+021
0.206423 7.08469e+021
0.213176 6.87341e+021
0.219922 6.67045e+021
0.226659 6.47544e+021
0.233388 6.28802e+021
0.240109 6.10783e+021
0.246822 5.93456e+021
0.253527 5.7679e+021
0.260224 5.60753e+021
0.266913 5.4532e+021
0.273594 5.30462e+021
0.280267 5.16154e+021
0.286931 5.02372e+021
0.293588 4.89093e+021
0.300237 4.76295e+021
0.306878 4.63956e+021
0.313511 4.52058e+021
0.320136 4.4058e+021
0.326753 4.29506e+021
0.333362 4.18818e+021
0.339963 4.08499e+021
0.346556 3.98534e+021
0.353141 3.88909e+021
0.359718 3.79608e+021
0.366288 3.7062e+021
0.372849 3.6193e+021
0.379403 3.53527e+021
0.385949 3.454e+021
0.392487 3.37536e+021
0.399017 3.29926e+021
0.405539 3.22559e+021
0.412054 3.15427e+021
0.41856 3.08519e+021
0.425059 3.01826e+021
0.43155 2.95342e+021
0.438033 2.89057e+021
0.444509 2.82964e+021
0.450976 2.77055e+021
0.457436 2.71325e+021
0.463889 2.65765e+021
0.470333 2.60371e+021
0.47677 2.55135e+021
0.483198 2.50051e+021
0.48962 2.45115e+021
0.496033 2.40321e+021
0.502439 2.35664e+021
0.508837 2.31139e+021
0.515228 2.26741e+021
0.52161 2.22466e+021
0.527985 2.18309e+021
0.534353 2.14267e+021
0.540713 2.10335e+021
0.547065 2.0651e+021
0.553409 2.02788e+021
0.559746 1.99166e+021
0.566076 1.95639e+021
0.572397 1.92206e+021
0.578711 1.88863e+021
0.585018 1.85606e+021
0.591317 1.82434e+021
0.597608 1.79343e+021
0.603892 1.7633e+021
0.610169 1.73394e+021
0.616437 1.70532e+021
0.622699 1.67741e+021
0.628952 1.65019e+021
0.635199 1.62365e+021
0.641437 1.59775e+021
0.647669 1.57248e+021
0.653892 1.54782e+021
0.660109 1.52376e+021
0.666318 1.50026e+021
0.672519 1.47733e+021
0.678713 1.45493e+021
0.684899 1.43306e+021
0.691078 1.41169e+021
0.69725 1.39082e+021
0.703414 1.37042e+021
0.709571 1.35049e+021
0.715721 1.33102e+021
0.721863 1.31198e+021
0.727997 1.29337e+021
0.734125 1.27517e+021
0.740245 1.25737e+021
0.746357 1.23996e+021
0.752463 1.22294e+021
0.758561 1.20628e+021
0.764651 1.18999e+021
0.770735 1.17404e+021
0.776811 1.15843e+021
0.782879 1.14316e+021
0.788941 1.1282e+021
0.794995 1.11356e+021
0.801042 1.09923e+021
0.807082 1.08519e+021
0.813114 1.07144e+021
0.819139 1.05797e+021
0.825157 1.04478e+021
0.831168 1.03186e+021
0.837171 1.01919e+021
0.843168 1.00678e+021
0.849157 9.94616e+020
0.855139 9.82694e+020
0.861113 9.71006e+020
0.867081 9.59547e+020
0.873041 9.48312e+020
0.878994 9.37295e+020
0.884941 9.26491e+020
0.890879 9.15893e+020
0.896811 9.05499e+020
0.902736 8.95301e+020
0.908654 8.85297e+020
0.914564 8.7548e+020
0.920467 8.65847e+020
0.926364 8.56393e+020
0.932253 8.47115e+020
0.938135 8.38007e+020
0.94401 8.29066e+020
0.949878 8.20288e+020
0.955739 8.1167e+020
0.961593 8.03207e+020
0.96744 7.94896e+020
0.97328 7.86734e+020
0.979113 7.78717e+020
0.984939 7.70842e+020
0.990758 7.63106e+020
0.996569 7.55506e+020
1.00237 7.48038e+020
1.00817 7.407e+020
1.01396 7.33489e+020
1.01975 7.26402e+020
1.02552 7.19436e+020
1.03129 7.1259e+020
1.03706 7.05859e+020
1.04281 6.99243e+020
1.04856 6.92737e+020
1.05431 6.86341e+020
1.06004 6.80051e+020
1.06577 6.73866e+020
1.07149 6.67783e+020
1.07721 6.61799e+020
1.08292 6.55914e+020
1.08862 6.50125e+020
1.09431 6.4443e+020
1.1 6.38827e+020
1.10568 6.33314e+020
1.11135 6.2789e+020
1.11702 6.22552e+020
1.12268 6.17299e+020
1.12833 6.12129e+020
1.13398 6.07041e+020
1.13962 6.02032e+020
1.14525 5.97102e+020
1.15088 5.92248e+020
1.1565 5.8747e+020
1.16211 5.82765e+020
1.16772 5.78133e+020
1.17332 5.73572e+020
1.17891 5.6908e+020
1.1845 5.64657e+020
1.19008 5.603e+020
1.19565 5.56009e+020
1.20122 5.51783e+020
1.20678 5.47619e+020
1.21233 5.43518e+020
1.21787 5.39478e+020
1.22341 5.35497e+020
1.22895 5.31575e+020
1.23447 5.27711e+020
1.23999 5.23903e+020
1.2455 5.2015e+020
1.25101 5.16452e+020
1.25651 5.12807e+020
1.262 5.09215e+020
1.26749 5.05674e+020
1.27297 5.02184e+020
1.27844 4.98743e+020
1.28391 4.95351e+020
1.28937 4.92008e+020
1.29482 4.88711e+020
1.30027 4.8546e+020
1.30571 4.82255e+020
1.31114 4.79095e+020
1.31657 4.75979e+020
1.32199 4.72905e+020
1.3274 4.69874e+020
1.33281 4.66885e+020
1.33821 4.63937e+020
1.34361 4.61028e+020
1.349 4.5816e+020
1.35438 4.5533e+020
1.35975 4.52539e+020
1.36512 4.49785e+020
1.37049 4.47067e+020
1.37584 4.44387e+020
1.38119 4.41742e+020
1.38653 4.39132e+020
1.39187 4.36557e+020
1.3972 4.34015e+020
1.40253 4.31507e+020
1.40784 4.29032e+020
1.41315 4.26589e+020
1.41846 4.24178e+020
1.42376 4.21799e+020
1.42905 4.1945e+020
1.43434 4.17131e+020
1.43961 4.14843e+020
1.44489 4.12583e+020
1.45015 4.10353e+020
1.45542 4.08151e+020
1.46067 4.05977e+020
1.46592 4.0383e+020
1.47116 4.0171e+020
1.47639 3.99618e+020
1.48162 3.97551e+020
1.48685 3.9551e+020
1.49206 3.93495e+020
1.49727 3.91505e+020
1.50248 3.89539e+020
1.50767 3.87598e+020
1.51286 3.8568e+020
1.51805 3.83786e+020
1.52323 3.81916e+020
1.5284 3.80068e+020
1.53357 3.78243e+020
1.53873 3.7644e+020
1.54388 3.74658e+020
1.54903 3.72898e+020
1.55417 3.7116e+020
1.55931 3.69442e+020
1.56444 3.67745e+020
1.56956 3.66068e+020
1.57468 3.64411e+020
1.57979 3.62774e+020
1.58489 3.61156e+020
1.58999 3.59557e+020
1.59508 3.57977e+020
1.60017 3.56416e+020
1.60525 3.54873e+020
1.61033 3.53348e+020
1.61539 3.5184e+020
1.62046 3.5035e+020
1.62551 3.48878e+020
1.63056 3.47422e+020
1.63561 3.45983e+020
1.64064 3.44561e+020
1.64567 3.43155e+020
1.6507 3.41765e+020
1.65572 3.40391e+020
1.66073 3.39033e+020
1.66574 3.3769e+020
1.67074 3.36362e+020
1.67574 3.35049e+020
1.68073 3.33751e+020
1.68571 3.32468e+020
1.69069 3.31199e+020
1.69566 3.29944e+020
1.70063 3.28703e+020
1.70559 3.27476e+020
1.71054 3.26263e+020
1.71549 3.25063e+020
1.72043 3.23876e+020
1.72537 3.22702e+020
1.7303 3.21541e+020
1.73522 3.20393e+020
1.74014 3.19258e+020
1.74505 3.18134e+020
1.74996 3.17023e+020
1.75486 3.15925e+020
1.75975 3.14838e+020
1.76464 3.13762e+020
1.76952 3.12699e+020
1.7744 3.11646e+020
1.77927 3.10605e+020
1.78414 3.09576e+020
1.789 3.08557e+020
1.79385 3.07549e+020
1.7987 3.06552e+020
1.80354 3.05565e+020
1.80838 3.04589e+020
1.81321 3.03623e+020
1.81803 3.02667e+020
1.82285 3.01721e+020
1.82766 3.00786e+020
1.83247 2.9986e+020
1.83727 2.98943e+020
1.84207 2.98037e+020
1.84686 2.97139e+020
1.85164 2.96251e+020
1.85642 2.95372e+020
1.86119 2.94503e+020
1.86596 2.93642e+020
1.87072 2.9279e+020
1.87548 2.91947e+020
1.88023 2.91112e+020
1.88497 2.90286e+020
1.88971 2.89469e+020
1.89444 2.88659e+020
1.89917 2.87858e+020
1.90389 2.87065e+020
1.90861 2.8628e+020
1.91332 2.85503e+020
1.91802 2.84734e+020
1.92272 2.83973e+020
1.92741 2.83219e+020
1.9321 2.82473e+020
1.93678 2.81734e+020
1.94146 2.81002e+020
1.94613 2.80278e+020
1.95079 2.79561e+020
1.95545 2.78852e+020
1.96011 2.78149e+020
1.96476 2.77453e+020
1.9694 2.76764e+020
1.97404 2.76082e+020
1.97867 2.75406e+020
1.98329 2.74737e+020
1.98791 2.74075e+020
1.99253 2.73419e+020
1.99714 2.72769e+020
2.00174 2.72126e+020
2.00634 2.71489e+020
2.01093 2.70858e+020
2.01552 2.70233e+020
2.0201 2.69615e+020
2.02468 2.69002e+020
2.02925 2.68395e+020
2.03381 2.67794e+020
2.03837 2.67199e+020
2.04293 2.66609e+020
2.04748 2.66025e+020
2.05202 2.65447e+020
2.05656 2.64874e+020
2.06109 2.64307e+020
2.06562 2.63745e+020
2.07014 2.63188e+020
2.07465 2.62636e+020
2.07917 2.6209e+020
2.08367 2.61549e+020
2.08817 2.61013e+020
2.09267 2.60482e+020
2.09715 2.59956e+020
2.10164 2.59435e+020
2.10612 2.58918e+020
2.11059 2.58407e+020
2.11506 2.579e+020
2.11952 2.57398e+020
2.12398 2.56901e+020
2.12843 2.56408e+020
2.13287 2.5592e+020
2.13731 2.55436e+020
2.14175 2.54957e+020
2.14618 2.54482e+020
2.15061 2.54011e+020
2.15502 2.53545e+020
2.15944 2.53083e+020
2.16385 2.52625e+020
2.16825 2.52172e+020
2.17265 2.51722e+020
2.17704 2.51277e+020
2.18143 2.50836e+020
2.18581 2.50398e+020
2.19019 2.49965e+020
2.19456 2.49536e+020
2.19893 2.4911e+020
2.20329 2.48688e+020
2.20765 2.4827e+020
2.212 2.47856e+020
2.21634 2.47445e+020
2.22068 2.47039e+020
2.22502 2.46635e+020
2.22935 2.46236e+020
2.23368 2.4584e+020
2.238 2.45447e+020
2.24231 2.45058e+020
2.24662 2.44672e+020
2.25092 2.4429e+020
2.25522 2.43911e+020
2.25952 2.43536e+020
2.26381 2.43164e+020
2.26809 2.42795e+020
2.27237 2.42429e+020
2.27664 2.42066e+020
2.28091 2.41707e+020
2.28517 2.41351e+020
2.28943 2.40998e+020
2.29368 2.40648e+020
2.29793 2.40301e+020
2.30217 2.39957e+020
2.30641 2.39616e+020
2.31064 2.39278e+020
2.31487 2.38943e+020
2.31909 2.38611e+020
2.32331 2.38281e+020
2.32752 2.37955e+020
2.33173 2.37631e+020
2.33593 2.3731e+020
2.34013 2.36992e+020
2.34432 2.36677e+020
2.34851 2.36364e+020
2.35269 2.36054e+020
2.35687 2.35747e+020
2.36104 2.35442e+020
2.36521 2.3514e+020
2.36937 2.3484e+020
2.37353 2.34543e+020
2.37768 2.34248e+020
2.38182 2.33956e+020
2.38597 2.33666e+020
2.3901 2.33379e+020
2.39424 2.33095e+020
2.39836 2.32812e+020
2.40249 2.32532e+020
2.4066 2.32255e+020
2.41071 2.31979e+020
2.41482 2.31706e+020
2.41892 2.31435e+020
2.42302 2.31167e+020
2.42711 2.30901e+020
2.4312 2.30637e+020
2.43528 2.30375e+020
2.43936 2.30115e+020
2.44344 2.29858e+020
2.4475 2.29602e+020
2.45157 2.29349e+020
2.45562 2.29098e+020
2.45968 2.28849e+020
2.46373 2.28602e+020
2.46777 2.28357e+020
2.47181 2.28114e+020
2.47584 2.27873e+020
2.47987 2.27634e+020
2.4839 2.27397e+020
2.48792 2.27161e+020
2.49193 2.26928e+020
2.49594 2.26697e+020
2.49995 2.26467e+020
2.50395 2.2624e+020
2.50794 2.26014e+020
2.51193 2.2579e+020
2.51592 2.25568e+020
2.5199 2.25348e+020
2.52387 2.25129e+020
2.52785 2.24913e+020
2.53181 2.24698e+020
2.53577 2.24484e+020
2.53973 2.24273e+020
2.54368 2.24063e+020
2.54763 2.23855e+020
2.55157 2.23648e+020
2.55551 2.23444e+020
2.55945 2.2324e+020
2.56338 2.23039e+020
2.5673 2.22839e+020
2.57122 2.22641e+020
2.57513 2.22444e+020
2.57904 2.22249e+020
2.58295 2.22055e+020
2.58685 2.21863e+020
2.59075 2.21672e+020
2.59464 2.21483e+020
2.59852 2.21295e+020
2.6024 2.21109e+020
2.60628 2.20925e+020
2.61015 2.20741e+020
2.61402 2.2056e+020
2.61789 2.20379e+020
2.62174 2.202e+020
2.6256 2.20023e+020
2.62945 2.19847e+020
2.63329 2.19672e+020
2.63713 2.19499e+020
2.64097 2.19327e+020
2.6448 2.19156e+020
2.64862 2.18987e+020
2.65245 2.18819e+020
2.65626 2.18652e+020
2.66008 2.18486e+020
2.66388 2.18322e+020
2.66769 2.18159e+020
2.67149 2.17998e+020
2.67528 2.17838e+020
2.67907 2.17678e+020
2.68286 2.1752e+020
2.68664 2.17364e+020
2.69041 2.17208e+020
2.69418 2.17054e+020
2.69795 2.16901e+020
2.70171 2.16749e+020
2.70547 2.16598e+020
2.70922 2.16449e+020
2.71297 2.163e+020
2.71672 2.16153e+020
2.72046 2.16006e+020
2.72419 2.1586e+020
2.72792 2.15714e+020
2.73165 2.15568e+020
2.73537 2.15422e+020
2.73909 2.15276e+020
2.7428 2.1513e+020
2.74651 2.14984e+020
2.75022 2.14839e+020
2.75392 2.14693e+020
2.75761 2.14548e+020
2.7613 2.14403e+020
2.76499 2.14258e+020
2.76867 2.14113e+020
2.77235 2.13968e+020
2.77602 2.13824e+020
2.77969 2.13679e+020
2.78336 2.13535e+020
2.78701 2.13391e+020
2.79067 2.13247e+020
2.79432 2.13103e+020
2.79797 2.12959e+020
2.80161 2.12815e+020
2.80525 2.12672e+020
2.80888 2.12528e+020
2.81251 2.12385e+020
2.81614 2.12242e+020
2.81976 2.12099e+020
2.82337 2.11956e+020
2.82699 2.11813e+020
2.83059 2.1167e+020
2.8342 2.11528e+020
2.8378 2.11385e+020
2.84139 2.11243e+020
2.84498 2.11101e+020
2.84857 2.10959e+020
2.85215 2.10817e+020
2.85573 2.10675e+020
2.8593 2.10533e+020
2.86287 2.10392e+020
2.86643 2.1025e+020
2.86999 2.10109e+020
2.87355 2.09968e+020
2.8771 2.09827e+020
2.88065 2.09686e+020
2.88419 2.09545e+020
2.88773 2.09405e+020
2.89126 2.09264e+020
2.89479 2.09124e+020
2.89832 2.08984e+020
2.90184 2.08843e+020
2.90536 2.08703e+020
2.90887 2.08564e+020
2.91238 2.08424e+020
2.91589 2.08284e+020
2.91939 2.08145e+020
2.92289 2.08005e+020
2.92638 2.07866e+020
2.92987 2.07727e+020
2.93335 2.07588e+020
2.93683 2.07449e+020
2.94031 2.0731e+020
2.94378 2.07172e+020
2.94725 2.07033e+020
2.95071 2.06895e+020
2.95417 2.06757e+020
2.95762 2.06618e+020
2.96107 2.0648e+020
2.96452 2.06343e+020
2.96796 2.06205e+020
2.9714 2.06067e+020
2.97483 2.0593e+020
2.97827 2.05792e+020
2.98169 2.05655e+020
2.98511 2.05518e+020
2.98853 2.05381e+020
2.99194 2.05244e+020
2.99535 2.05108e+020
2.99876 2.04971e+020
3.00216 2.04834e+020
3.00556 2.04698e+020
3.00895 2.04562e+020
3.01234 2.04426e+020
3.01573 2.0429e+020
3.01911 2.04154e+020
3.02248 2.04018e+020
3.02586 2.03883e+020
3.02923 2.03747e+020
3.03259 2.03612e+020
3.03595 2.03476e+020
3.03931 2.03341e+020
3.04266 2.03206e+020
3.04601 2.03071e+020
3.04935 2.02937e+020
3.05269 2.02802e+020
3.05603 2.02668e+020
3.05936 2.02533e+020
3.06269 2.02399e+020
3.06602 2.02265e+020
3.06934 2.02131e+020
3.07265 2.01997e+020
3.07597 2.01863e+020
3.07928 2.0173e+020
3.08258 2.01596e+020
3.08588 2.01463e+020
3.08918 2.0133e+020
3.09247 2.01196e+020
3.09576 2.01063e+020
3.09904 2.00931e+020
3.10233 2.00798e+020
3.1056 2.00665e+020
3.10888 2.00533e+020
3.11214 2.004e+020
3.11541 2.00268e+020
3.11867 2.00136e+020
3.12193 2.00004e+020
3.12518 1.99872e+020
3.12843 1.9974e+020
3.13168 1.99608e+020
3.13492 1.99477e+020
3.13816 1.99346e+020
3.14139 1.99214e+020
3.14462 1.99083e+020
3.14785 1.98952e+020
3.15107 1.98821e+020
3.15429 1.9869e+020
3.1575 1.9856e+020
3.16071 1.98429e+020
3.16392 1.98299e+020
3.16712 1.98168e+020
3.17032 1.98038e+020
3.17352 1.97908e+020
3.17671 1.97778e+020
3.1799 1.97648e+020
3.18308 1.97519e+020
3.18626 1.97389e+020
3.18944 1.9726e+020
3.19261 1.9713e+020
3.19578 1.97001e+020
3.19895 1.96872e+020
3.20211 1.96743e+020
3.20526 1.96614e+020
3.20842 1.96485e+020
3.21157 1.96357e+020
3.21471 1.96228e+020
3.21785 1.961e+020
3.22099 1.95972e+020
3.22413 1.95843e+020
3.22726 1.95715e+020
3.23039 1.95588e+020
3.23351 1.9546e+020
3.23663 1.95332e+020
3.23974 1.95205e+020
3.24286 1.95077e+020
3.24596 1.9495e+020
3.24907 1.94823e+020
3.25217 1.94696e+020
3.25527 1.94569e+020
3.25836 1.94442e+020
3.26145 1.94315e+020
3.26454 1.94189e+020
3.26762 1.94062e+020
3.2707 1.93936e+020
3.27377 1.9381e+020
3.27684 1.93684e+020
3.27991 1.93558e+020
3.28298 1.93432e+020
3.28604 1.93306e+020
3.28909 1.9318e+020
3.29214 1.93055e+020
3.29519 1.9293e+020
3.29824 1.92804e+020
3.30128 1.92679e+020
3.30432 1.92554e+020
3.30735 1.92429e+020
3.31039 1.92305e+020
3.31341 1.9218e+020
3.31644 1.92055e+020
3.31946 1.91931e+020
3.32247 1.91807e+020
3.32549 1.91682e+020
3.32849 1.91558e+020
3.3315 1.91434e+020
3.3345 1.91311e+020
3.3375 1.91187e+020
3.3405 1.91063e+020
3.34349 1.9094e+020
3.34647 1.90816e+020
3.34946 1.90693e+020
3.35244 1.9057e+020
3.35541 1.90447e+020
3.35839 1.90324e+020
3.36136 1.90201e+020
3.36432 1.90079e+020
3.36729 1.89956e+020
3.37025 1.89834e+020
3.3732 1.89711e+020
3.37615 1.89589e+020
3.3791 1.89467e+020
3.38205 1.89345e+020
3.38499 1.89223e+020
3.38792 1.89102e+020
3.39086 1.8898e+020
3.39379 1.88859e+020
3.39672 1.88737e+020
3.39964 1.88616e+020
3.40256 1.88495e+020
3.40548 1.88374e+020
3.40839 1.88253e+020
3.4113 1.88132e+020
3.41421 1.88011e+020
3.41711 1.87891e+020
3.42001 1.8777e+020
3.4229 1.8765e+020
3.4258 1.8753e+020
3.42868 1.8741e+020
3.43157 1.8729e+020
3.43445 1.8717e+020
3.43733 1.8705e+020
3.44021 1.86931e+020
3.44308 1.86811e+020
3.44594 1.86692e+020
3.44881 1.86572e+020
3.45167 1.86453e+020
3.45453 1.86334e+020
3.45738 1.86215e+020
3.46023 1.86096e+020
3.46308 1.85978e+020
3.46592 1.85859e+020
3.46877 1.85741e+020
3.4716 1.85622e+020
3.47444 1.85504e+020
3.47727 1.85386e+020
3.48009 1.85268e+020
3.48292 1.8515e+020
3.48574 1.85032e+020
3.48855 1.84914e+020
3.49137 1.84797e+020
3.49418 1.84679e+020
3.49698 1.84562e+020
3.49979 1.84445e+020
3.50259 1.84328e+020
3.50538 1.84211e+020
3.50818 1.84094e+020
3.51097 1.83977e+020
3.51375 1.83861e+020
3.51654 1.83744e+020
3.51932 1.83628e+020
3.52209 1.83511e+020
3.52487 1.83395e+020
3.52764 1.83279e+020
3.5304 1.83163e+020
3.53317 1.83047e+020
3.53593 1.82931e+020
3.53868 1.82816e+020
3.54143 1.827e+020
3.54418 1.82585e+020
3.54693 1.8247e+020
3.54967 1.82354e+020
3.55241 1.82239e+020
3.55515 1.82124e+020
3.55789 1.82009e+020
3.56062 1.81895e+020
3.56334 1.8178e+020
3.56607 1.81666e+020
3.56879 1.81551e+020
3.5715 1.81437e+020
3.57422 1.81323e+020
3.57693 1.81209e+020
3.57963 1.81095e+020
3.58234 1.80981e+020
3.58504 1.80867e+020
3.58774 1.80754e+020
3.59043 1.8064e+020
3.59312 1.80527e+020
3.59581 1.80413e+020
3.5985 1.803e+020
3.60118 1.80187e+020
3.60386 1.80074e+020
3.60653 1.79961e+020
3.6092 1.79849e+020
3.61187 1.79736e+020
3.61454 1.79624e+020
3.6172 1.79511e+020
3.61986 1.79399e+020
3.62251 1.79287e+020
3.62517 1.79175e+020
3.62781 1.79063e+020
3.63046 1.78951e+020
3.6331 1.78839e+020
3.63574 1.78728e+020
3.63838 1.78616e+020
3.64101 1.78505e+020
3.64364 1.78393e+020
3.64627 1.78282e+020
3.6489 1.78171e+020
3.65152 1.7806e+020
3.65413 1.77949e+020
3.65675 1.77839e+020
3.65936 1.77728e+020
3.66197 1.77617e+020
3.66457 1.77507e+020
3.66718 1.77397e+020
3.66978 1.77286e+020
3.67237 1.77176e+020
3.67496 1.77066e+020
3.67755 1.76957e+020
3.68014 1.76847e+020
3.68272 1.76737e+020
3.6853 1.76628e+020
3.68788 1.76518e+020
3.69046 1.76409e+020
3.69303 1.763e+020
3.69559 1.76191e+020
3.69816 1.76082e+020
3.70072 1.75973e+020
3.70328 1.75864e+020
3.70584 1.75755e+020
3.70839 1.75647e+020
3.71094 1.75538e+020
3.71348 1.7543e+020
3.71603 1.75322e+020
3.71857 1.75213e+020
3.7211 1.75105e+020
3.72364 1.74998e+020
3.72617 1.7489e+020
3.7287 1.74782e+020
3.73122 1.74674e+020
3.73375 1.74567e+020
3.73626 1.7446e+020
3.73878 1.74352e+020
3.74129 1.74245e+020
3.7438 1.74138e+020
3.74631 1.74031e+020
3.74881 1.73924e+020
3.75132 1.73818e+020
3.75381 1.73711e+020
3.75631 1.73604e+020
3.7588 1.73498e+020
3.76129 1.73392e+020
3.76378 1.73285e+020
3.76626 1.73179e+020
3.76874 1.73073e+020
3.77122 1.72967e+020
3.77369 1.72862e+020
3.77616 1.72756e+020
3.77863 1.7265e+020
3.78109 1.72545e+020
3.78356 1.7244e+020
3.78602 1.72334e+020
3.78847 1.72229e+020
3.79093 1.72124e+020
3.79338 1.72019e+020
3.79582 1.71914e+020
3.79827 1.7181e+020
3.80071 1.71705e+020
3.80315 1.716e+020
3.80558 1.71496e+020
3.80802 1.71392e+020
3.81045 1.71288e+020
3.81287 1.71183e+020
3.8153 1.71079e+020
3.81772 1.70976e+020
3.82014 1.70872e+020
3.82255 1.70768e+020
3.82496 1.70665e+020
3.82737 1.70561e+020
3.82978 1.70458e+020
3.83218 1.70354e+020
3.83459 1.70251e+020
3.83698 1.70148e+020
3.83938 1.70045e+020
3.84177 1.69942e+020
3.84416 1.6984e+020
3.84655 1.69737e+020
3.84893 1.69635e+020
3.85131 1.69532e+020
3.85369 1.6943e+020
3.85606 1.69328e+020
3.85844 1.69225e+020
3.86081 1.69123e+020
3.86317 1.69021e+020
3.86554 1.6892e+020
3.8679 1.68818e+020
3.87026 1.68716e+020
3.87261 1.68615e+020
3.87496 1.68513e+020
3.87731 1.68412e+020
3.87966 1.68311e+020
3.882 1.6821e+020
3.88434 1.68109e+020
3.88668 1.68008e+020
3.88902 1.67907e+020
3.89135 1.67806e+020
3.89368 1.67706e+020
3.89601 1.67605e+020
3.89833 1.67505e+020
3.90065 1.67405e+020
3.90297 1.67305e+020
3.90529 1.67205e+020
3.9076 1.67105e+020
3.90991 1.67005e+020
3.91222 1.66905e+020
3.91452 1.66805e+020
3.91683 1.66706e+020
3.91913 1.66606e+020
3.92142 1.66507e+020
3.92372 1.66408e+020
3.92601 1.66308e+020
3.92829 1.66209e+020
3.93058 1.6611e+020
3.93286 1.66012e+020
3.93514 1.65913e+020
3.93742 1.65814e+020
3.93969 1.65716e+020
3.94197 1.65617e+020
3.94424 1.65519e+020
3.9465 1.6542e+020
3.94877 1.65322e+020
3.95103 1.65224e+020
3.95328 1.65126e+020
3.95554 1.65028e+020
3.95779 1.64931e+020
3.96004 1.64833e+020
3.96229 1.64735e+020
3.96454 1.64638e+020
3.96678 1.64541e+020
3.96902 1.64443e+020
3.97125 1.64346e+020
3.97349 1.64249e+020
3.97572 1.64152e+020
3.97795 1.64055e+020
3.98017 1.63959e+020
3.9824 1.63862e+020
3.98462 1.63765e+020
3.98683 1.63669e+020
3.98905 1.63573e+020
3.99126 1.63476e+020
3.99347 1.6338e+020
3.99568 1.63284e+020
3.99788 1.63188e+020
4.00009 1.63092e+020
4.00229 1.62996e+020
4.00448 1.62901e+020
4.00668 1.62805e+020
4.00887 1.6271e+020
4.01106 1.62614e+020
4.01324 1.62519e+020
4.01543 1.62424e+020
4.01761 1.62329e+020
4.01979 1.62234e+020
4.02196 1.62139e+020
4.02413 1.62044e+020
4.02631 1.61949e+020
4.02847 1.61855e+020
4.03064 1.6176e+020
4.0328 1.61666e+020
4.03496 1.61572e+020
4.03712 1.61477e+020
4.03927 1.61383e+020
4.04143 1.61289e+020
4.04358 1.61195e+020
4.04572 1.61101e+020
4.04787 1.61008e+020
4.05001 1.60914e+020
4.05215 1.60821e+020
4.05429 1.60727e+020
4.05642 1.60634e+020
4.05855 1.6054e+020
4.06068 1.60447e+020
4.06281 1.60354e+020
4.06493 1.60261e+020
4.06705 1.60168e+020
4.06917 1.60076e+020
4.07129 1.59983e+020
4.0734 1.5989e+020
4.07551 1.59798e+020
4.07762 1.59706e+020
4.07973 1.59613e+020
4.08183 1.59521e+020
4.08393 1.59429e+020
4.08603 1.59337e+020
4.08813 1.59245e+020
4.09022 1.59153e+020
4.09231 1.59062e+020
4.0944 1.5897e+020
4.09649 1.58878e+020
4.09857 1.58787e+020
4.10065 1.58696e+020
4.10273 1.58604e+020
4.10481 1.58513e+020
4.10688 1.58422e+020
4.10895 1.58331e+020
4.11102 1.5824e+020
4.11309 1.5815e+020
4.11515 1.58059e+020
4.11721 1.57968e+020
4.11927 1.57878e+020
4.12133 1.57787e+020
4.12338 1.57697e+020
4.12543 1.57607e+020
4.12748 1.57517e+020
4.12953 1.57427e+020
4.13157 1.57337e+020
4.13361 1.57247e+020
4.13565 1.57157e+020
4.13769 1.57068e+020
4.13972 1.56978e+020
4.14175 1.56889e+020
4.14378 1.56799e+020
4.14581 1.5671e+020
4.14783 1.56621e+020
4.14986 1.56532e+020
4.15188 1.56443e+020
4.15389 1.56354e+020
4.15591 1.56265e+020
4.15792 1.56176e+020
4.15993 1.56088e+020
4.16194 1.55999e+020
4.16394 1.55911e+020
4.16594 1.55822e+020
4.16794 1.55734e+020
4.16994 1.55646e+020
4.17194 1.55558e+020
4.17393 1.5547e+020
4.17592 1.55382e+020
4.17791 1.55294e+020
4.1799 1.55206e+020
4.18188 1.55119e+020
4.18386 1.55031e+020
4.18584 1.54944e+020
4.18782 1.54857e+020
4.18979 1.54769e+020
4.19176 1.54682e+020
4.19373 1.54595e+020
4.1957 1.54508e+020
4.19766 1.54421e+020
4.19962 1.54334e+020
4.20158 1.54248e+020
4.20354 1.54161e+020
4.2055 1.54075e+020
4.20745 1.53988e+020
4.2094 1.53902e+020
4.21135 1.53816e+020
4.21329 1.53729e+020
4.21524 1.53643e+020
4.21718 1.53557e+020
4.21912 1.53471e+020
4.22105 1.53386e+020
4.22299 1.533e+020
4.22492 1.53214e+020
4.22685 1.53129e+020
4.22878 1.53043e+020
4.2307 1.52958e+020
4.23262 1.52873e+020
4.23454 1.52788e+020
4.23646 1.52702e+020
4.23838 1.52617e+020
4.24029 1.52533e+020
4.2422 1.52448e+020
4.24411 1.52363e+020
4.24602 1.52278e+020
4.24792 1.52194e+020
4.24982 1.52109e+020
4.25172 1.52025e+020
4.25362 1.51941e+020
4.25551 1.51857e+020
4.25741 1.51772e+020
4.2593 1.51688e+020
4.26118 1.51604e+020
4.26307 1.51521e+020
4.26495 1.51437e+020
4.26684 1.51353e+020
4.26871 1.5127e+020
4.27059 1.51186e+020
4.27247 1.51103e+020
4.27434 1.51019e+020
4.27621 1.50936e+020
4.27808 1.50853e+020
4.27994 1.5077e+020
4.28181 1.50687e+020
4.28367 1.50604e+020
4.28553 1.50521e+020
4.28738 1.50439e+020
4.28924 1.50356e+020
4.29109 1.50274e+020
4.29294 1.50191e+020
4.29479 1.50109e+020
4.29663 1.50027e+020
4.29848 1.49944e+020
4.30032 1.49862e+020
4.30216 1.4978e+020
4.30399 1.49698e+020
4.30583 1.49617e+020
4.30766 1.49535e+020
4.30949 1.49453e+020
4.31132 1.49372e+020
4.31314 1.4929e+020
4.31497 1.49209e+020
4.31679 1.49127e+020
4.31861 1.49046e+020
4.32042 1.48965e+020
4.32224 1.48884e+020
4.32405 1.48803e+020
4.32586 1.48722e+020
4.32767 1.48641e+020
4.32948 1.48561e+020
4.33128 1.4848e+020
4.33308 1.48399e+020
4.33488 1.48319e+020
4.33668 1.48239e+020
4.33847 1.48158e+020
4.34027 1.48078e+020
4.34206 1.47998e+020
4.34385 1.47918e+020
4.34563 1.47838e+020
4.34742 1.47758e+020
4.3492 1.47678e+020
4.35098 1.47599e+020
4.35276 1.47519e+020
4.35453 1.4744e+020
4.35631 1.4736e+020
4.35808 1.47281e+020
4.35985 1.47202e+020
4.36162 1.47122e+020
4.36338 1.47043e+020
4.36515 1.46964e+020
4.36691 1.46885e+020
4.36867 1.46806e+020
4.37042 1.46728e+020
4.37218 1.46649e+020
4.37393 1.4657e+020
4.37568 1.46492e+020
4.37743 1.46413e+020
4.37918 1.46335e+020
4.38092 1.46257e+020
4.38266 1.46179e+020
4.3844 1.46101e+020
4.38614 1.46023e+020
4.38788 1.45945e+020
4.38961 1.45867e+020
4.39134 1.45789e+020
4.39307 1.45711e+020
4.3948 1.45634e+020
4.39652 1.45556e+020
4.39825 1.45479e+020
4.39997 1.45401e+020
4.40169 1.45324e+020
4.40341 1.45247e+020
4.40512 1.4517e+020
4.40683 1.45093e+020
4.40854 1.45016e+020
4.41025 1.44939e+020
4.41196 1.44862e+020
4.41367 1.44786e+020
4.41537 1.44709e+020
4.41707 1.44632e+020
4.41877 1.44556e+020
4.42046 1.4448e+020
4.42216 1.44403e+020
4.42385 1.44327e+020
4.42554 1.44251e+020
4.42723 1.44175e+020
4.42892 1.44099e+020
4.4306 1.44023e+020
4.43228 1.43947e+020
4.43397 1.43872e+020
4.43564 1.43796e+020
4.43732 1.43721e+020
4.43899 1.43645e+020
4.44067 1.4357e+020
4.44234 1.43494e+020
4.44401 1.43419e+020
4.44567 1.43344e+020
4.44734 1.43269e+020
4.449 1.43194e+020
4.45066 1.43119e+020
4.45232 1.43044e+020
4.45397 1.42969e+020
4.45563 1.42895e+020
4.45728 1.4282e+020
4.45893 1.42746e+020
4.46058 1.42671e+020
4.46223 1.42597e+020
4.46387 1.42523e+020
4.46551 1.42448e+020
4.46715 1.42374e+020
4.46879 1.423e+020
4.47043 1.42226e+020
4.47206 1.42152e+020
4.4737 1.42079e+020
4.47533 1.42005e+020
4.47696 1.41931e+020
4.47858 1.41858e+020
4.48021 1.41784e+020
4.48183 1.41711e+020
4.48345 1.41638e+020
4.48507 1.41564e+020
4.48669 1.41491e+020
4.4883 1.41418e+020
4.48992 1.41345e+020
4.49153 1.41272e+020
4.49314 1.41199e+020
4.49475 1.41127e+020
4.49635 1.41054e+020
4.49795 1.40981e+020
4.49956 1.40909e+020
4.50116 1.40836e+020
4.50275 1.40764e+020
4.50435 1.40692e+020
4.50594 1.40619e+020
4.50754 1.40547e+020
4.50913 1.40475e+020
4.51071 1.40403e+020
4.5123 1.40331e+020
4.51389 1.40259e+020
4.51547 1.40188e+020
4.51705 1.40116e+020
4.51863 1.40044e+020
4.5202 1.39973e+020
4.52178 1.39901e+020
4.52335 1.3983e+020
4.52492 1.39759e+020
4.52649 1.39688e+020
4.52806 1.39616e+020
4.52963 1.39545e+020
4.53119 1.39474e+020
4.53275 1.39404e+020
4.53431 1.39333e+020
4.53587 1.39262e+020
4.53742 1.39191e+020
4.53898 1.39121e+020
4.54053 1.3905e+020
4.54208 1.3898e+020
4.54363 1.38909e+020
4.54518 1.38839e+020
4.54672 1.38769e+020
4.54827 1.38699e+020
4.54981 1.38629e+020
4.55135 1.38559e+020
4.55288 1.38489e+020
4.55442 1.38419e+020
4.55595 1.38349e+020
4.55749 1.38279e+020
4.55902 1.3821e+020
4.56054 1.3814e+020
4.56207 1.38071e+020
4.5636 1.38001e+020
4.56512 1.37932e+020
4.56664 1.37863e+020
4.56816 1.37794e+020
4.56968 1.37725e+020
4.57119 1.37656e+020
4.57271 1.37587e+020
4.57422 1.37518e+020
4.57573 1.37449e+020
4.57724 1.3738e+020
4.57874 1.37312e+020
4.58025 1.37243e+020
4.58175 1.37175e+020
4.58325 1.37106e+020
4.58475 1.37038e+020
4.58625 1.3697e+020
4.58774 1.36901e+020
4.58924 1.36833e+020
4.59073 1.36765e+020
4.59222 1.36697e+020
4.59371 1.36629e+020
4.59519 1.36561e+020
4.59668 1.36494e+020
4.59816 1.36426e+020
4.59964 1.36358e+020
4.60112 1.36291e+020
4.6026 1.36223e+020
4.60408 1.36156e+020
4.60555 1.36089e+020
4.60702 1.36021e+020
4.6085 1.35954e+020
4.60996 1.35887e+020
4.61143 1.3582e+020
4.6129 1.35753e+020
4.61436 1.35686e+020
4.61582 1.3562e+020
4.61728 1.35553e+020
4.61874 1.35486e+020
4.6202 1.3542e+020
4.62165 1.35353e+020
4.62311 1.35287e+020
4.62456 1.3522e+020
4.62601 1.35154e+020
4.62745 1.35088e+020
4.6289 1.35022e+020
4.63035 1.34956e+020
4.63179 1.3489e+020
4.63323 1.34824e+020
4.63467 1.34758e+020
4.63611 1.34692e+020
4.63754 1.34626e+020
4.63898 1.34561e+020
4.64041 1.34495e+020
4.64184 1.3443e+020
4.64327 1.34364e+020
4.64469 1.34299e+020
4.64612 1.34233e+020
4.64754 1.34168e+020
4.64897 1.34103e+020
4.65039 1.34038e+020
4.65181 1.33973e+020
4.65322 1.33908e+020
4.65464 1.33843e+020
4.65605 1.33778e+020
4.65746 1.33714e+020
4.65887 1.33649e+020
4.66028 1.33584e+020
4.66169 1.3352e+020
4.66309 1.33456e+020
4.6645 1.33391e+020
4.6659 1.33327e+020
4.6673 1.33263e+020
4.6687 1.33198e+020
4.67009 1.33134e+020
4.67149 1.3307e+020
4.67288 1.33006e+020
4.67427 1.32943e+020
4.67566 1.32879e+020
4.67705 1.32815e+020
4.67844 1.32751e+020
4.67982 1.32688e+020
4.68121 1.32624e+020
4.68259 1.32561e+020
4.68397 1.32497e+020
4.68535 1.32434e+020
4.68672 1.32371e+020
4.6881 1.32308e+020
4.68947 1.32244e+020
4.69084 1.32181e+020
4.69221 1.32118e+020
4.69358 1.32056e+020
4.69495 1.31993e+020
4.69631 1.3193e+020
4.69768 1.31867e+020
4.69904 1.31805e+020
4.7004 1.31742e+020
4.70176 1.3168e+020
4.70312 1.31617e+020
4.70447 1.31555e+020
4.70583 1.31492e+020
4.70718 1.3143e+020
4.70853 1.31368e+020
4.70988 1.31306e+020
4.71122 1.31244e+020
4.71257 1.31182e+020
4.71391 1.3112e+020
4.71526 1.31058e+020
4.7166 1.30997e+020
4.71794 1.30935e+020
4.71927 1.30873e+020
4.72061 1.30812e+020
4.72194 1.3075e+020
4.72328 1.30689e+020
4.72461 1.30628e+020
4.72594 1.30566e+020
4.72727 1.30505e+020
4.72859 1.30444e+020
4.72992 1.30383e+020
4.73124 1.30322e+020
4.73256 1.30261e+020
4.73388 1.302e+020
4.7352 1.30139e+020
4.73652 1.30079e+020
4.73783 1.30018e+020
4.73915 1.29957e+020
4.74046 1.29897e+020
4.74177 1.29836e+020
4.74308 1.29776e+020
4.74439 1.29716e+020
4.74569 1.29655e+020
4.747 1.29595e+020
4.7483 1.29535e+020
4.7496 1.29475e+020
4.7509 1.29415e+020
4.7522 1.29355e+020
4.75349 1.29295e+020
4.75479 1.29235e+020
4.75608 1.29176e+020
4.75737 1.29116e+020
4.75866 1.29056e+020
4.75995 1.28997e+020
4.76124 1.28937e+020
4.76252 1.28878e+020
4.76381 1.28819e+020
4.76509 1.28759e+020
4.76637 1.287e+020
4.76765 1.28641e+020
4.76893 1.28582e+020
4.77021 1.28523e+020
4.77148 1.28464e+020
4.77275 1.28405e+020
4.77403 1.28346e+020
4.7753 1.28287e+020
4.77657 1.28229e+020
4.77783 1.2817e+020
4.7791 1.28111e+020
4.78036 1.28053e+020
4.78162 1.27995e+020
4.78289 1.27936e+020
4.78415 1.27878e+020
4.7854 1.2782e+020
4.78666 1.27761e+020
4.78792 1.27703e+020
4.78917 1.27645e+020
4.79042 1.27587e+020
4.79167 1.27529e+020
4.79292 1.27472e+020
4.79417 1.27414e+020
4.79541 1.27356e+020
4.79666 1.27298e+020
4.7979 1.27241e+020
4.79914 1.27183e+020
4.80038 1.27126e+020
4.80162 1.27068e+020
4.80286 1.27011e+020
4.80409 1.26954e+020
4.80533 1.26896e+020
4.80656 1.26839e+020
4.80779 1.26782e+020
4.80902 1.26725e+020
4.81025 1.26668e+020
4.81148 1.26611e+020
4.8127 1.26554e+020
4.81393 1.26498e+020
4.81515 1.26441e+020
4.81637 1.26384e+020
4.81759 1.26328e+020
4.81881 1.26271e+020
4.82002 1.26215e+020
4.82124 1.26158e+020
4.82245 1.26102e+020
4.82366 1.26046e+020
4.82488 1.2599e+020
4.82608 1.25933e+020
4.82729 1.25877e+020
4.8285 1.25821e+020
4.8297 1.25765e+020
4.83091 1.25709e+020
4.83211 1.25654e+020
4.83331 1.25598e+020
4.83451 1.25542e+020
4.83571 1.25486e+020
4.8369 1.25431e+020
4.8381 1.25375e+020
4.83929 1.2532e+020
4.84048 1.25264e+020
4.84167 1.25209e+020
4.84286 1.25154e+020
4.84405 1.25099e+020
4.84524 1.25043e+020
4.84642 1.24988e+020
4.8476 1.24933e+020
4.84879 1.24878e+020
4.84997 1.24823e+020
4.85115 1.24768e+020
4.85232 1.24714e+020
4.8535 1.24659e+020
4.85467 1.24604e+020
4.85585 1.2455e+020
4.85702 1.24495e+020
4.85819 1.24441e+020
4.85936 1.24386e+020
4.86053 1.24332e+020
4.86169 1.24278e+020
4.86286 1.24223e+020
4.86402 1.24169e+020
4.86518 1.24115e+020
4.86635 1.24061e+020
4.8675 1.24007e+020
4.86866 1.23953e+020
4.86982 1.23899e+020
4.87097 1.23845e+020
4.87213 1.23791e+020
4.87328 1.23738e+020
4.87443 1.23684e+020
4.87558 1.2363e+020
4.87673 1.23577e+020
4.87788 1.23523e+020
4.87902 1.2347e+020
4.88017 1.23417e+020
4.88131 1.23363e+020
4.88245 1.2331e+020
4.88359 1.23257e+020
4.88473 1.23204e+020
4.88587 1.23151e+020
4.887 1.23098e+020
4.88814 1.23045e+020
4.88927 1.22992e+020
4.8904 1.22939e+020
4.89153 1.22886e+020
4.89266 1.22834e+020
4.89379 1.22781e+020
4.89492 1.22729e+020
4.89604 1.22676e+020
4.89717 1.22624e+020
4.89829 1.22571e+020
4.89941 1.22519e+020
4.90053 1.22466e+020
4.90165 1.22414e+020
4.90276 1.22362e+020
4.90388 1.2231e+020
4.90499 1.22258e+020
4.90611 1.22206e+020
4.90722 1.22154e+020
4.90833 1.22102e+020
4.90944 1.2205e+020
4.91055 1.21998e+020
4.91165 1.21947e+020
4.91276 1.21895e+020
4.91386 1.21844e+020
4.91496 1.21792e+020
4.91607 1.2174e+020
4.91717 1.21689e+020
4.91826 1.21638e+020
4.91936 1.21586e+020
4.92046 1.21535e+020
4.92155 1.21484e+020
4.92264 1.21433e+020
4.92374 1.21382e+020
4.92483 1.21331e+020
4.92592 1.2128e+020
4.927 1.21229e+020
4.92809 1.21178e+020
4.92918 1.21127e+020
4.93026 1.21076e+020
4.93134 1.21026e+020
4.93242 1.20975e+020
4.9335 1.20925e+020
4.93458 1.20874e+020
4.93566 1.20824e+020
4.93674 1.20773e+020
4.93781 1.20723e+020
4.93888 1.20673e+020
4.93996 1.20622e+020
4.94103 1.20572e+020
4.9421 1.20522e+020
4.94317 1.20472e+020
4.94423 1.20422e+020
4.9453 1.20372e+020
4.94636 1.20322e+020
4.94743 1.20272e+020
4.94849 1.20223e+020
4.94955 1.20173e+020
4.95061 1.20123e+020
4.95167 1.20074e+020
4.95273 1.20024e+020
4.95378 1.19975e+020
4.95484 1.19925e+020
4.95589 1.19876e+020
4.95694 1.19826e+020
4.95799 1.19777e+020
4.95904 1.19728e+020
4.96009 1.19679e+020
4.96114 1.1963e+020
4.96218 1.1958e+020
4.96323 1.19531e+020
4.96427 1.19483e+020
4.96531 1.19434e+020
4.96635 1.19385e+020
4.96739 1.19336e+020
4.96843 1.19287e+020
4.96947 1.19239e+020
4.9705 1.1919e+020
4.97154 1.19141e+020
4.97257 1.19093e+020
4.9736 1.19044e+020
4.97463 1.18996e+020
4.97566 1.18948e+020
4.97669 1.18899e+020
4.97772 1.18851e+020
4.97874 1.18803e+020
4.97977 1.18755e+020
4.98079 1.18707e+020
4.98181 1.18659e+020
4.98283 1.18611e+020
4.98385 1.18563e+020
4.98487 1.18515e+020
4.98589 1.18467e+020
4.9869 1.18419e+020
4.98792 1.18372e+020
4.98893 1.18324e+020
4.98994 1.18277e+020
4.99095 1.18229e+020
4.99196 1.18181e+020
4.99297 1.18134e+020
4.99398 1.18087e+020
4.99499 1.18039e+020
4.99599 1.17992e+020
4.997 1.17945e+020
4.998 1.17898e+020
4.999 1.17851e+020
5 1.17804e+020
5.001 1.17756e+020
5.002 1.17709e+020
5.003 1.17662e+020
5.004 1.17615e+020
5.00501 1.17568e+020
5.00601 1.17521e+020
5.00701 1.17473e+020
5.00802 1.17426e+020
5.00902 1.17379e+020
5.01003 1.17331e+020
5.01104 1.17284e+020
5.01204 1.17237e+020
5.01305 1.17189e+020
5.01406 1.17142e+020
5.01507 1.17094e+020
5.01608 1.17047e+020
5.01709 1.16999e+020
5.0181 1.16951e+020
5.01911 1.16904e+020
5.02012 1.16856e+020
5.02114 1.16808e+020
5.02215 1.1676e+020
5.02317 1.16713e+020
5.02418 1.16665e+020
5.0252 1.16617e+020
5.02621 1.16569e+020
5.02723 1.16521e+020
5.02825 1.16473e+020
5.02927 1.16425e+020
5.03029 1.16377e+020
5.03131 1.16329e+020
5.03233 1.1628e+020
5.03335 1.16232e+020
5.03437 1.16184e+020
5.03539 1.16136e+020
5.03642 1.16088e+020
5.03744 1.16039e+020
5.03847 1.15991e+020
5.03949 1.15942e+020
5.04052 1.15894e+020
5.04155 1.15846e+020
5.04257 1.15797e+020
5.0436 1.15749e+020
5.04463 1.157e+020
5.04566 1.15651e+020
5.04669 1.15603e+020
5.04772 1.15554e+020
5.04875 1.15505e+020
5.04979 1.15457e+020
5.05082 1.15408e+020
5.05185 1.15359e+020
5.05289 1.1531e+020
5.05392 1.15261e+020
5.05496 1.15212e+020
5.05599 1.15163e+020
5.05703 1.15114e+020
5.05807 1.15065e+020
5.05911 1.15016e+020
5.06015 1.14967e+020
5.06119 1.14918e+020
5.06223 1.14869e+020
5.06327 1.14819e+020
5.06431 1.1477e+020
5.06535 1.14721e+020
5.0664 1.14671e+020
5.06744 1.14622e+020
5.06849 1.14573e+020
5.06953 1.14523e+020
5.07058 1.14474e+020
5.07163 1.14424e+020
5.07267 1.14375e+020
5.07372 1.14325e+020
5.07477 1.14275e+020
5.07582 1.14226e+020
5.07687 1.14176e+020
5.07792 1.14126e+020
5.07897 1.14076e+020
5.08003 1.14027e+020
5.08108 1.13977e+020
5.08213 1.13927e+020
5.08319 1.13877e+020
5.08424 1.13827e+020
5.0853 1.13777e+020
5.08636 1.13727e+020
5.08741 1.13677e+020
5.08847 1.13627e+020
5.08953 1.13577e+020
5.09059 1.13526e+020
5.09165 1.13476e+020
5.09271 1.13426e+020
5.09377 1.13376e+020
5.09484 1.13325e+020
5.0959 1.13275e+020
5.09696 1.13224e+020
5.09803 1.13174e+020
5.09909 1.13123e+020
5.10016 1.13073e+020
5.10122 1.13022e+020
5.10229 1.12972e+020
5.10336 1.12921e+020
5.10443 1.1287e+020
5.1055 1.1282e+020
5.10657 1.12769e+020
5.10764 1.12718e+020
5.10871 1.12667e+020
5.10978 1.12616e+020
5.11086 1.12565e+020
5.11193 1.12515e+020
5.113 1.12464e+020
5.11408 1.12413e+020
5.11516 1.12361e+020
5.11623 1.1231e+020
5.11731 1.12259e+020
5.11839 1.12208e+020
5.11947 1.12157e+020
5.12055 1.12106e+020
5.12163 1.12054e+020
5.12271 1.12003e+020
5.12379 1.11952e+020
5.12487 1.119e+020
5.12596 1.11849e+020
5.12704 1.11797e+020
5.12812 1.11746e+020
5.12921 1.11694e+020
5.13029 1.11643e+020
5.13138 1.11591e+020
5.13247 1.11539e+020
5.13356 1.11487e+020
5.13465 1.11436e+020
5.13574 1.11384e+020
5.13683 1.11332e+020
5.13792 1.1128e+020
5.13901 1.11228e+020
5.1401 1.11176e+020
5.1412 1.11124e+020
5.14229 1.11072e+020
5.14338 1.1102e+020
5.14448 1.10968e+020
5.14558 1.10916e+020
5.14667 1.10864e+020
5.14777 1.10812e+020
5.14887 1.10759e+020
5.14997 1.10707e+020
5.15107 1.10655e+020
5.15217 1.10602e+020
5.15327 1.1055e+020
5.15437 1.10497e+020
5.15547 1.10445e+020
5.15658 1.10392e+020
5.15768 1.1034e+020
5.15879 1.10287e+020
5.15989 1.10235e+020
5.161 1.10182e+020
5.16211 1.10129e+020
5.16322 1.10076e+020
5.16432 1.10024e+020
5.16543 1.09971e+020
5.16654 1.09918e+020
5.16765 1.09865e+020
5.16877 1.09812e+020
5.16988 1.09759e+020
5.17099 1.09706e+020
5.17211 1.09653e+020
5.17322 1.096e+020
5.17434 1.09546e+020
5.17545 1.09493e+020
5.17657 1.0944e+020
5.17769 1.09387e+020
5.17881 1.09333e+020
5.17992 1.0928e+020
5.18104 1.09227e+020
5.18216 1.09173e+020
5.18329 1.0912e+020
5.18441 1.09066e+020
5.18553 1.09013e+020
5.18665 1.08959e+020
5.18778 1.08905e+020
5.1889 1.08852e+020
5.19003 1.08798e+020
5.19116 1.08744e+020
5.19228 1.0869e+020
5.19341 1.08636e+020
5.19454 1.08582e+020
5.19567 1.08529e+020
5.1968 1.08475e+020
5.19793 1.08421e+020
5.19906 1.08367e+020
5.2002 1.08312e+020
5.20133 1.08258e+020
5.20246 1.08204e+020
5.2036 1.0815e+020
5.20473 1.08096e+020
5.20587 1.08041e+020
5.20701 1.07987e+020
5.20815 1.07933e+020
5.20929 1.07878e+020
5.21042 1.07824e+020
5.21156 1.07769e+020
5.21271 1.07715e+020
5.21385 1.0766e+020
5.21499 1.07605e+020
5.21613 1.07551e+020
5.21728 1.07496e+020
5.21842 1.07441e+020
5.21957 1.07387e+020
5.22071 1.07332e+020
5.22186 1.07277e+020
5.22301 1.07222e+020
5.22416 1.07167e+020
5.22531 1.07112e+020
5.22646 1.07057e+020
5.22761 1.07002e+020
5.22876 1.06947e+020
5.22991 1.06892e+020
5.23107 1.06836e+020
5.23222 1.06781e+020
5.23337 1.06726e+020
5.23453 1.0667e+020
5.23569 1.06615e+020
5.23684 1.0656e+020
5.238 1.06504e+020
5.23916 1.06449e+020
5.24032 1.06393e+020
5.24148 1.06338e+020
5.24264 1.06282e+020
5.2438 1.06226e+020
5.24496 1.06171e+020
5.24613 1.06115e+020
5.24729 1.06059e+020
5.24846 1.06003e+020
5.24962 1.05947e+020
5.25079 1.05891e+020
5.25196 1.05835e+020
5.25312 1.05779e+020
5.25429 1.05723e+020
5.25546 1.05667e+020
5.25663 1.05611e+020
5.2578 1.05555e+020
5.25897 1.05499e+020
5.26015 1.05443e+020
5.26132 1.05386e+020
5.26249 1.0533e+020
5.26367 1.05274e+020
5.26485 1.05217e+020
5.26602 1.05161e+020
5.2672 1.05104e+020
5.26838 1.05048e+020
5.26956 1.04991e+020
5.27074 1.04934e+020
5.27192 1.04878e+020
5.2731 1.04821e+020
5.27428 1.04764e+020
5.27546 1.04707e+020
5.27665 1.04651e+020
5.27783 1.04594e+020
5.27902 1.04537e+020
5.2802 1.0448e+020
5.28139 1.04423e+020
5.28258 1.04366e+020
5.28376 1.04308e+020
5.28495 1.04251e+020
5.28614 1.04194e+020
5.28733 1.04137e+020
5.28853 1.0408e+020
5.28972 1.04022e+020
5.29091 1.03965e+020
5.29211 1.03908e+020
5.2933 1.0385e+020
5.2945 1.03793e+020
5.29569 1.03735e+020
5.29689 1.03677e+020
5.29809 1.0362e+020
5.29929 1.03562e+020
5.30048 1.03504e+020
5.30169 1.03447e+020
5.30289 1.03389e+020
5.30409 1.03331e+020
5.30529 1.03273e+020
5.30649 1.03215e+020
5.3077 1.03157e+020
5.3089 1.03099e+020
5.31011 1.03041e+020
5.31132 1.02983e+020
5.31252 1.02925e+020
5.31373 1.02867e+020
5.31494 1.02808e+020
5.31615 1.0275e+020
5.31736 1.02692e+020
5.31857 1.02633e+020
5.31979 1.02575e+020
5.321 1.02517e+020
5.32221 1.02458e+020
5.32343 1.02399e+020
5.32464 1.02341e+020
5.32586 1.02282e+020
5.32708 1.02224e+020
5.3283 1.02165e+020
5.32951 1.02106e+020
5.33073 1.02047e+020
5.33195 1.01988e+020
5.33318 1.01929e+020
5.3344 1.0187e+020
5.33562 1.01811e+020
5.33684 1.01752e+020
5.33807 1.01693e+020
5.33929 1.01634e+020
5.34052 1.01575e+020
5.34175 1.01516e+020
5.34298 1.01457e+020
5.3442 1.01397e+020
5.34543 1.01338e+020
5.34666 1.01279e+020
5.34789 1.01219e+020
5.34913 1.0116e+020
5.35036 1.011e+020
5.35159 1.0104e+020
5.35283 1.00981e+020
5.35406 1.00921e+020
5.3553 1.00861e+020
5.35654 1.00802e+020
5.35777 1.00742e+020
5.35901 1.00682e+020
5.36025 1.00622e+020
5.36149 1.00562e+020
5.36273 1.00502e+020
5.36397 1.00442e+020
5.36522 1.00382e+020
5.36646 1.00322e+020
5.3677 1.00262e+020
5.36895 1.00202e+020
5.3702 1.00141e+020
5.37144 1.00081e+020
5.37269 1.00021e+020
5.37394 9.99603e+019
5.37519 9.98998e+019
5.37644 9.98393e+019
5.37769 9.97788e+019
5.37894 9.97182e+019
5.38019 9.96576e+019
5.38145 9.95969e+019
5.3827 9.95362e+019
5.38396 9.94754e+019
5.38521 9.94146e+019
5.38647 9.93538e+019
5.38773 9.92929e+019
5.38899 9.92319e+019
5.39024 9.91709e+019
5.39151 9.91099e+019
5.39277 9.90488e+019
5.39403 9.89876e+019
5.39529 9.89265e+019
5.39655 9.88652e+019
5.39782 9.8804e+019
5.39908 9.87426e+019
5.40035 9.86813e+019
5.40162 9.86198e+019
5.40288 9.85584e+019
5.40415 9.84969e+019
5.40542 9.84353e+019
5.40669 9.83737e+019
5.40796 9.83121e+019
5.40924 9.82504e+019
5.41051 9.81886e+019
5.41178 9.81268e+019
5.41306 9.8065e+019
5.41433 9.80031e+019
5.41561 9.79412e+019
5.41689 9.78792e+019
5.41816 9.78172e+019
5.41944 9.77551e+019
5.42072 9.7693e+019
5.422 9.76308e+019
5.42328 9.75686e+019
5.42457 9.75064e+019
5.42585 9.7444e+019
5.42713 9.73817e+019
5.42842 9.73193e+019
5.4297 9.72568e+019
5.43099 9.71943e+019
5.43228 9.71318e+019
5.43357 9.70692e+019
5.43485 9.70066e+019
5.43614 9.69439e+019
5.43744 9.68811e+019
5.43873 9.68183e+019
5.44002 9.67555e+019
5.44131 9.66926e+019
5.44261 9.66297e+019
5.4439 9.65667e+019
5.4452 9.65037e+019
5.4465 9.64406e+019
5.44779 9.63775e+019
5.44909 9.63144e+019
5.45039 9.62511e+019
5.45169 9.61879e+019
5.45299 9.61246e+019
5.45429 9.60612e+019
5.4556 9.59978e+019
5.4569 9.59343e+019
5.45821 9.58708e+019
5.45951 9.58073e+019
5.46082 9.57437e+019
5.46213 9.568e+019
5.46343 9.56163e+019
5.46474 9.55526e+019
5.46605 9.54888e+019
5.46736 9.54249e+019
5.46867 9.5361e+019
5.46999 9.52971e+019
5.4713 9.52331e+019
5.47261 9.51691e+019
5.47393 9.5105e+019
5.47525 9.50408e+019
5.47656 9.49767e+019
5.47788 9.49124e+019
5.4792 9.48481e+019
5.48052 9.47838e+019
5.48184 9.47194e+019
5.48316 9.4655e+019
5.48448 9.45905e+019
5.48581 9.4526e+019
5.48713 9.44614e+019
5.48845 9.43968e+019
5.48978 9.43321e+019
5.49111 9.42674e+019
5.49243 9.42026e+019
5.49376 9.41378e+019
5.49509 9.40729e+019
5.49642 9.4008e+019
5.49775 9.3943e+019
5.49908 9.3878e+019
5.50042 9.38129e+019
5.50175 9.37478e+019
5.50309 9.36826e+019
5.50442 9.36174e+019
5.50576 9.35521e+019
5.50709 9.34868e+019
5.50843 9.34214e+019
5.50977 9.3356e+019
5.51111 9.32905e+019
5.51245 9.3225e+019
5.51379 9.31594e+019
5.51514 9.30938e+019
5.51648 9.30281e+019
5.51782 9.29624e+019
5.51917 9.28966e+019
5.52052 9.28308e+019
5.52186 9.27649e+019
5.52321 9.2699e+019
5.52456 9.2633e+019
5.52591 9.2567e+019
5.52726 9.25009e+019
5.52861 9.24348e+019
5.52996 9.23686e+019
5.53132 9.23024e+019
5.53267 9.22361e+019
5.53403 9.21698e+019
5.53538 9.21034e+019
5.53674 9.2037e+019
5.5381 9.19705e+019
5.53946 9.19039e+019
5.54082 9.18374e+019
5.54218 9.17707e+019
5.54354 9.1704e+019
5.5449 9.16373e+019
5.54626 9.15705e+019
5.54763 9.15037e+019
5.54899 9.14368e+019
5.55036 9.13699e+019
5.55173 9.13029e+019
5.5531 9.12358e+019
5.55446 9.11687e+019
5.55583 9.11016e+019
5.5572 9.10344e+019
5.55858 9.09671e+019
5.55995 9.08998e+019
5.56132 9.08325e+019
5.5627 9.07651e+019
5.56407 9.06976e+019
5.56545 9.06301e+019
5.56682 9.05626e+019
5.5682 9.04949e+019
5.56958 9.04273e+019
5.57096 9.03596e+019
5.57234 9.02918e+019
5.57372 9.0224e+019
5.57511 9.01561e+019
5.57649 9.00882e+019
5.57787 9.00202e+019
5.57926 8.99522e+019
5.58065 8.98841e+019
5.58203 8.9816e+019
5.58342 8.97478e+019
5.58481 8.96796e+019
5.5862 8.96113e+019
5.58759 8.95429e+019
5.58898 8.94745e+019
5.59038 8.94061e+019
5.59177 8.93376e+019
5.59316 8.92691e+019
5.59456 8.92005e+019
5.59596 8.91318e+019
5.59735 8.90631e+019
5.59875 8.89943e+019
5.60015 8.89255e+019
5.60155 8.88567e+019
5.60295 8.87877e+019
5.60435 8.87188e+019
5.60576 8.86497e+019
5.60716 8.85807e+019
5.60857 8.85115e+019
5.60997 8.84423e+019
5.61138 8.83731e+019
5.61279 8.83038e+019
5.6142 8.82345e+019
5.6156 8.81651e+019
5.61702 8.80956e+019
5.61843 8.80261e+019
5.61984 8.79566e+019
5.62125 8.7887e+019
5.62267 8.78173e+019
5.62408 8.77476e+019
5.6255 8.76778e+019
5.62692 8.7608e+019
5.62833 8.75381e+019
5.62975 8.74682e+019
5.63117 8.73982e+019
5.63259 8.73282e+019
5.63401 8.72581e+019
5.63544 8.71879e+019
5.63686 8.71177e+019
5.63829 8.70475e+019
5.63971 8.69772e+019
5.64114 8.69068e+019
5.64257 8.68364e+019
5.64399 8.67659e+019
5.64542 8.66954e+019
5.64685 8.66248e+019
5.64829 8.65542e+019
5.64972 8.64835e+019
5.65115 8.64127e+019
5.65259 8.63419e+019
5.65402 8.62711e+019
5.65546 8.62002e+019
5.65689 8.61292e+019
5.65833 8.60582e+019
5.65977 8.59871e+019
5.66121 8.5916e+019
5.66265 8.58448e+019
5.66409 8.57736e+019
5.66554 8.57023e+019
5.66698 8.5631e+019
5.66843 8.55596e+019
5.66987 8.54881e+019
5.67132 8.54166e+019
5.67277 8.5345e+019
5.67421 8.52734e+019
5.67566 8.52018e+019
5.67711 8.513e+019
5.67857 8.50582e+019
5.68002 8.49864e+019
5.68147 8.49145e+019
5.68293 8.48426e+019
5.68438 8.47706e+019
5.68584 8.46985e+019
5.6873 8.46264e+019
5.68875 8.45542e+019
5.69021 8.4482e+019
5.69167 8.44097e+019
5.69313 8.43374e+019
5.6946 8.4265e+019
5.69606 8.41925e+019
5.69752 8.412e+019
5.69899 8.40474e+019
5.70046 8.39748e+019
5.70192 8.39021e+019
5.70339 8.38294e+019
5.70486 8.37566e+019
5.70633 8.36838e+019
5.7078 8.36109e+019
5.70927 8.35379e+019
5.71075 8.34649e+019
5.71222 8.33919e+019
5.71369 8.33187e+019
5.71517 8.32456e+019
5.71665 8.31723e+019
5.71813 8.3099e+019
5.7196 8.30257e+019
5.72108 8.29523e+019
5.72257 8.28788e+019
5.72405 8.28053e+019
5.72553 8.27317e+019
5.72701 8.26581e+019
5.7285 8.25844e+019
5.72998 8.25106e+019
5.73147 8.24368e+019
5.73296 8.2363e+019
5.73445 8.22891e+019
5.73594 8.22151e+019
5.73743 8.2141e+019
5.73892 8.2067e+019
5.74041 8.19928e+019
5.74191 8.19186e+019
5.7434 8.18443e+019
5.7449 8.177e+019
5.74639 8.16957e+019
5.74789 8.16212e+019
5.74939 8.15467e+019
5.75089 8.14722e+019
5.75239 8.13976e+019
5.75389 8.13229e+019
5.7554 8.12482e+019
5.7569 8.11734e+019
5.7584 8.10986e+019
5.75991 8.10237e+019
5.76142 8.09487e+019
5.76292 8.08737e+019
5.76443 8.07987e+019
5.76594 8.07235e+019
5.76745 8.06483e+019
5.76897 8.05731e+019
5.77048 8.04978e+019
5.77199 8.04224e+019
5.77351 8.0347e+019
5.77502 8.02715e+019
5.77654 8.0196e+019
5.77806 8.01204e+019
5.77958 8.00448e+019
5.7811 7.99691e+019
5.78262 7.98933e+019
5.78414 7.98175e+019
5.78566 7.97416e+019
5.78719 7.96656e+019
5.78871 7.95896e+019
5.79024 7.95136e+019
5.79176 7.94375e+019
5.79329 7.93613e+019
5.79482 7.9285e+019
5.79635 7.92087e+019
5.79788 7.91324e+019
5.79941 7.9056e+019
5.80095 7.89795e+019
5.80248 7.8903e+019
5.80402 7.88264e+019
5.80555 7.87497e+019
5.80709 7.8673e+019
5.80863 7.85962e+019
5.81017 7.85194e+019
5.81171 7.84425e+019
5.81325 7.83656e+019
5.81479 7.82886e+019
5.81634 7.82115e+019
5.81788 7.81344e+019
5.81943 7.80572e+019
5.82097 7.79799e+019
5.82252 7.79026e+019
5.82407 7.78253e+019
5.82562 7.77478e+019
5.82717 7.76703e+019
5.82872 7.75928e+019
5.83027 7.75152e+019
5.83183 7.74375e+019
5.83338 7.73598e+019
5.83494 7.7282e+019
5.83649 7.72042e+019
5.83805 7.71262e+019
5.83961 7.70483e+019
5.84117 7.69702e+019
5.84273 7.68922e+019
5.84429 7.6814e+019
5.84586 7.67358e+019
5.84742 7.66575e+019
5.84899 7.65792e+019
5.85055 7.65008e+019
5.85212 7.64223e+019
5.85369 7.63438e+019
5.85526 7.62653e+019
5.85683 7.61866e+019
5.8584 7.61079e+019
5.85997 7.60292e+019
5.86154 7.59503e+019
5.86312 7.58715e+019
5.86469 7.57925e+019
5.86627 7.57135e+019
5.86785 7.56344e+019
5.86943 7.55553e+019
5.87101 7.54761e+019
5.87259 7.53969e+019
5.87417 7.53176e+019
5.87575 7.52382e+019
5.87734 7.51588e+019
5.87892 7.50793e+019
5.88051 7.49997e+019
5.8821 7.49201e+019
5.88368 7.48404e+019
5.88527 7.47607e+019
5.88686 7.46809e+019
5.88846 7.4601e+019
5.89005 7.45211e+019
5.89164 7.44411e+019
5.89324 7.4361e+019
5.89483 7.42809e+019
5.89643 7.42007e+019
5.89803 7.41205e+019
5.89963 7.40402e+019
5.90123 7.39598e+019
5.90283 7.38794e+019
5.90443 7.37989e+019
5.90603 7.37184e+019
5.90764 7.36378e+019
5.90924 7.35571e+019
5.91085 7.34763e+019
5.91246 7.33955e+019
5.91406 7.33147e+019
5.91567 7.32338e+019
5.91728 7.31528e+019
5.9189 7.30717e+019
5.92051 7.29906e+019
5.92212 7.29094e+019
5.92374 7.28282e+019
5.92535 7.27469e+019
5.92697 7.26655e+019
5.92859 7.25841e+019
5.93021 7.25026e+019
5.93183 7.2421e+019
5.93345 7.23394e+019
5.93507 7.22577e+019
5.9367 7.2176e+019
5.93832 7.20941e+019
5.93995 7.20123e+019
5.94157 7.19303e+019
5.9432 7.18483e+019
5.94483 7.17663e+019
5.94646 7.16841e+019
5.94809 7.16019e+019
5.94972 7.15197e+019
5.95136 7.14374e+019
5.95299 7.1355e+019
5.95463 7.12725e+019
5.95626 7.119e+019
5.9579 7.11074e+019
5.95954 7.10248e+019
5.96118 7.09421e+019
5.96282 7.08593e+019
5.96446 7.07765e+019
5.96611 7.06936e+019
5.96775 7.06106e+019
5.9694 7.05276e+019
5.97104 7.04445e+019
5.97269 7.03613e+019
5.97434 7.02781e+019
5.97599 7.01948e+019
5.97764 7.01115e+019
5.97929 7.0028e+019
5.98095 6.99446e+019
5.9826 6.9861e+019
5.98426 6.97774e+019
5.98591 6.96937e+019
5.98757 6.961e+019
5.98923 6.95262e+019
5.99089 6.94423e+019
5.99255 6.93584e+019
5.99421 6.92743e+019
5.99587 6.91903e+019
5.99754 6.91061e+019
5.9992 6.90219e+019
6.00087 6.89377e+019
6.00254 6.88533e+019
6.00421 6.87689e+019
6.00588 6.86845e+019
6.00755 6.86e+019
6.00922 6.85154e+019
6.01089 6.84307e+019
6.01257 6.8346e+019
6.01424 6.82612e+019
6.01592 6.81763e+019
6.0176 6.80914e+019
6.01927 6.80064e+019
6.02095 6.79214e+019
6.02263 6.78362e+019
6.02432 6.7751e+019
6.026 6.76658e+019
6.02768 6.75805e+019
6.02937 6.74951e+019
6.03106 6.74096e+019
6.03274 6.73241e+019
6.03443 6.72385e+019
6.03612 6.71529e+019
6.03781 6.70671e+019
6.03951 6.69813e+019
6.0412 6.68955e+019
6.04289 6.68096e+019
6.04459 6.67236e+019
6.04629 6.66375e+019
6.04798 6.65514e+019
6.04968 6.64652e+019
6.05138 6.6379e+019
6.05308 6.62926e+019
6.05479 6.62062e+019
6.05649 6.61198e+019
6.05819 6.60333e+019
6.0599 6.59467e+019
6.06161 6.586e+019
6.06331 6.57733e+019
6.06502 6.56865e+019
6.06673 6.55996e+019
6.06845 6.55127e+019
6.07016 6.54257e+019
6.07187 6.53386e+019
6.07359 6.52515e+019
6.0753 6.51643e+019
6.07702 6.5077e+019
6.07874 6.49897e+019
6.08046 6.49023e+019
6.08218 6.48148e+019
6.0839 6.47272e+019
6.08562 6.46396e+019
6.08735 6.4552e+019
6.08907 6.44642e+019
6.0908 6.43764e+019
6.09253 6.42885e+019
6.09425 6.42006e+019
6.09598 6.41125e+019
6.09772 6.40245e+019
6.09945 6.39363e+019
6.10118 6.38481e+019
6.10292 6.37598e+019
6.10465 6.36714e+019
6.10639 6.3583e+019
6.10813 6.34945e+019
6.10986 6.34059e+019
6.11161 6.33173e+019
6.11335 6.32285e+019
6.11509 6.31398e+019
6.11683 6.30509e+019
6.11858 6.2962e+019
6.12032 6.2873e+019
6.12207 6.2784e+019
6.12382 6.26948e+019
6.12557 6.26056e+019
6.12732 6.25164e+019
6.12907 6.24271e+019
6.13082 6.23377e+019
6.13258 6.22482e+019
6.13433 6.21586e+019
6.13609 6.2069e+019
6.13785 6.19793e+019
6.13961 6.18896e+019
6.14137 6.17998e+019
6.14313 6.17099e+019
6.14489 6.16199e+019
6.14665 6.15299e+019
6.14842 6.14398e+019
6.15019 6.13496e+019
6.15195 6.12594e+019
6.15372 6.11691e+019
6.15549 6.10787e+019
6.15726 6.09882e+019
6.15903 6.08977e+019
6.16081 6.08071e+019
6.16258 6.07165e+019
6.16436 6.06257e+019
6.16613 6.05349e+019
6.16791 6.0444e+019
6.16969 6.03531e+019
6.17147 6.02621e+019
6.17325 6.0171e+019
6.17503 6.00798e+019
6.17682 5.99886e+019
6.1786 5.98973e+019
6.18039 5.98059e+019
6.18217 5.97145e+019
6.18396 5.9623e+019
6.18575 5.95314e+019
6.18754 5.94397e+019
6.18934 5.9348e+019
6.19113 5.92562e+019
6.19292 5.91643e+019
6.19472 5.90724e+019
6.19652 5.89804e+019
6.19831 5.88883e+019
6.20011 5.87961e+019
6.20191 5.87039e+019
6.20372 5.86116e+019
6.20552 5.85192e+019
6.20732 5.84268e+019
6.20913 5.83343e+019
6.21093 5.82417e+019
6.21274 5.8149e+019
6.21455 5.80563e+019
6.21636 5.79635e+019
6.21817 5.78706e+019
6.21998 5.77777e+019
6.2218 5.76847e+019
6.22361 5.75916e+019
6.22543 5.74984e+019
6.22725 5.74052e+019
6.22906 5.73119e+019
6.23088 5.72185e+019
6.23271 5.7125e+019
6.23453 5.70315e+019
6.23635 5.69379e+019
6.23818 5.68443e+019
6.24 5.67505e+019
6.24183 5.66567e+019
6.24366 5.65628e+019
6.24549 5.64689e+019
6.24732 5.63748e+019
6.24915 5.62807e+019
6.25098 5.61865e+019
6.25282 5.60923e+019
6.25465 5.5998e+019
6.25649 5.59036e+019
6.25833 5.58091e+019
6.26017 5.57145e+019
6.26201 5.56199e+019
6.26385 5.55252e+019
6.26569 5.54305e+019
6.26754 5.53356e+019
6.26938 5.52407e+019
6.27123 5.51457e+019
6.27307 5.50507e+019
6.27492 5.49555e+019
6.27677 5.48603e+019
6.27863 5.47651e+019
6.28048 5.46697e+019
6.28233 5.45743e+019
6.28419 5.44788e+019
6.28604 5.43832e+019
6.2879 5.42876e+019
6.28976 5.41918e+019
6.29162 5.4096e+019
6.29348 5.40002e+019
6.29535 5.39042e+019
6.29721 5.38082e+019
6.29907 5.37121e+019
6.30094 5.3616e+019
6.30281 5.35197e+019
6.30468 5.34234e+019
6.30655 5.3327e+019
6.30842 5.32306e+019
6.31029 5.3134e+019
6.31217 5.30374e+019
6.31404 5.29407e+019
6.31592 5.2844e+019
6.3178 5.27471e+019
6.31967 5.26502e+019
6.32155 5.25532e+019
6.32344 5.24562e+019
6.32532 5.23591e+019
6.3272 5.22618e+019
6.32909 5.21646e+019
6.33097 5.20672e+019
6.33286 5.19698e+019
6.33475 5.18723e+019
6.33664 5.17747e+019
6.33853 5.1677e+019
6.34043 5.15793e+019
6.34232 5.14815e+019
6.34422 5.13836e+019
6.34611 5.12857e+019
6.34801 5.11876e+019
6.34991 5.10895e+019
6.35181 5.09914e+019
6.35371 5.08931e+019
6.35561 5.07948e+019
6.35752 5.06964e+019
6.35942 5.05979e+019
6.36133 5.04993e+019
6.36324 5.04007e+019
6.36515 5.0302e+019
6.36706 5.02032e+019
6.36897 5.01043e+019
6.37088 5.00054e+019
6.3728 4.99064e+019
6.37471 4.98073e+019
6.37663 4.97082e+019
6.37855 4.96089e+019
6.38047 4.95096e+019
6.38239 4.94102e+019
6.38431 4.93108e+019
6.38623 4.92112e+019
6.38816 4.91116e+019
6.39008 4.90119e+019
6.39201 4.89122e+019
6.39394 4.88123e+019
6.39587 4.87124e+019
6.3978 4.86124e+019
6.39973 4.85123e+019
6.40167 4.84122e+019
6.4036 4.8312e+019
6.40554 4.82117e+019
6.40747 4.81113e+019
6.40941 4.80109e+019
6.41135 4.79103e+019
6.41329 4.78097e+019
6.41524 4.77091e+019
6.41718 4.76083e+019
6.41913 4.75075e+019
6.42107 4.74066e+019
6.42302 4.73056e+019
6.42497 4.72046e+019
6.42692 4.71034e+019
6.42887 4.70022e+019
6.43082 4.69009e+019
6.43278 4.67996e+019
6.43473 4.66981e+019
6.43669 4.65966e+019
6.43865 4.6495e+019
6.44061 4.63934e+019
6.44257 4.62916e+019
6.44453 4.61898e+019
6.4465 4.60879e+019
6.44846 4.5986e+019
6.45043 4.58839e+019
6.45239 4.57818e+019
6.45436 4.56796e+019
6.45633 4.55773e+019
6.4583 4.5475e+019
6.46028 4.53725e+019
6.46225 4.527e+019
6.46423 4.51675e+019
6.4662 4.50648e+019
6.46818 4.49621e+019
6.47016 4.48593e+019
6.47214 4.47564e+019
6.47412 4.46534e+019
6.47611 4.45504e+019
6.47809 4.44473e+019
6.48008 4.43441e+019
6.48206 4.42408e+019
6.48405 4.41375e+019
6.48604 4.40341e+019
6.48803 4.39306e+019
6.49003 4.3827e+019
6.49202 4.37234e+019
6.49401 4.36196e+019
6.49601 4.35158e+019
6.49801 4.3412e+019
6.50001 4.3308e+019
6.50201 4.3204e+019
6.50401 4.30999e+019
6.50601 4.29957e+019
6.50802 4.28915e+019
6.51002 4.27871e+019
6.51203 4.26827e+019
6.51404 4.25782e+019
6.51605 4.24737e+019
6.51806 4.2369e+019
6.52007 4.22643e+019
6.52209 4.21595e+019
6.5241 4.20547e+019
6.52612 4.19497e+019
6.52814 4.18447e+019
6.53016 4.17396e+019
6.53218 4.16345e+019
6.5342 4.15292e+019
6.53622 4.14239e+019
6.53825 4.13185e+019
6.54027 4.12131e+019
6.5423 4.11075e+019
6.54433 4.10019e+019
6.54636 4.08962e+019
6.54839 4.07904e+019
6.55042 4.06846e+019
6.55246 4.05787e+019
6.55449 4.04727e+019
6.55653 4.03666e+019
6.55857 4.02604e+019
6.56061 4.01542e+019
6.56265 4.00479e+019
6.56469 3.99415e+019
6.56673 3.98351e+019
6.56878 3.97286e+019
6.57082 3.9622e+019
6.57287 3.95153e+019
6.57492 3.94085e+019
6.57697 3.93017e+019
6.57902 3.91948e+019
6.58108 3.90878e+019
6.58313 3.89808e+019
6.58519 3.88737e+019
6.58725 3.87665e+019
6.5893 3.86592e+019
6.59136 3.85518e+019
6.59343 3.84444e+019
6.59549 3.83369e+019
6.59755 3.82294e+019
6.59962 3.81217e+019
6.60168 3.8014e+019
6.60375 3.79062e+019
6.60582 3.77983e+019
6.60789 3.76904e+019
6.60997 3.75824e+019
6.61204 3.74743e+019
6.61412 3.73661e+019
6.61619 3.72579e+019
6.61827 3.71496e+019
6.62035 3.70412e+019
6.62243 3.69328e+019
6.62451 3.68242e+019
6.6266 3.67156e+019
6.62868 3.6607e+019
6.63077 3.64982e+019
6.63285 3.63894e+019
6.63494 3.62805e+019
6.63703 3.61715e+019
6.63913 3.60625e+019
6.64122 3.59534e+019
6.64331 3.58442e+019
6.64541 3.5735e+019
6.64751 3.56256e+019
6.64961 3.55162e+019
6.65171 3.54068e+019
6.65381 3.52972e+019
6.65591 3.51876e+019
6.65802 3.50779e+019
6.66012 3.49682e+019
6.66223 3.48584e+019
6.66434 3.47485e+019
6.66645 3.46385e+019
6.66856 3.45285e+019
6.67067 3.44184e+019
6.67279 3.43082e+019
6.6749 3.41979e+019
6.67702 3.40876e+019
6.67914 3.39772e+019
6.68126 3.38668e+019
6.68338 3.37563e+019
6.6855 3.36457e+019
6.68763 3.3535e+019
6.68975 3.34243e+019
6.69188 3.33135e+019
6.69401 3.32026e+019
6.69614 3.30917e+019
6.69827 3.29807e+019
6.7004 3.28696e+019
6.70254 3.27584e+019
6.70467 3.26472e+019
6.70681 3.2536e+019
6.70895 3.24246e+019
6.71109 3.23132e+019
6.71323 3.22017e+019
6.71537 3.20902e+019
6.71752 3.19786e+019
6.71966 3.18669e+019
6.72181 3.17552e+019
6.72396 3.16434e+019
6.72611 3.15315e+019
6.72826 3.14196e+019
6.73041 3.13076e+019
6.73256 3.11955e+019
6.73472 3.10834e+019
6.73688 3.09712e+019
6.73904 3.08589e+019
6.7412 3.07466e+019
6.74336 3.06342e+019
6.74552 3.05218e+019
6.74768 3.04093e+019
6.74985 3.02967e+019
6.75202 3.01841e+019
6.75419 3.00714e+019
6.75636 2.99586e+019
6.75853 2.98458e+019
6.7607 2.9733e+019
6.76287 2.962e+019
6.76505 2.9507e+019
6.76723 2.9394e+019
6.76941 2.92809e+019
6.77159 2.91677e+019
6.77377 2.90545e+019
6.77595 2.89412e+019
6.77814 2.88279e+019
6.78032 2.87145e+019
6.78251 2.8601e+019
6.7847 2.84875e+019
6.78689 2.8374e+019
6.78908 2.82604e+019
6.79127 2.81467e+019
6.79347 2.8033e+019
6.79566 2.79192e+019
6.79786 2.78054e+019
6.80006 2.76915e+019
6.80226 2.75775e+019
6.80446 2.74636e+019
6.80667 2.73495e+019
6.80887 2.72354e+019
6.81108 2.71213e+019
6.81329 2.70071e+019
6.8155 2.68929e+019
6.81771 2.67786e+019
6.81992 2.66643e+019
6.82213 2.65499e+019
6.82435 2.64355e+019
6.82657 2.6321e+019
6.82879 2.62065e+019
6.831 2.6092e+019
6.83323 2.59774e+019
6.83545 2.58627e+019
6.83767 2.5748e+019
6.8399 2.56333e+019
6.84213 2.55186e+019
6.84435 2.54038e+019
6.84659 2.52889e+019
6.84882 2.5174e+019
6.85105 2.50591e+019
6.85328 2.49442e+019
6.85552 2.48292e+019
6.85776 2.47142e+019
6.86 2.45991e+019
6.86224 2.4484e+019
6.86448 2.43689e+019
6.86672 2.42537e+019
6.86897 2.41386e+019
6.87122 2.40234e+019
6.87346 2.39081e+019
6.87571 2.37929e+019
6.87796 2.36776e+019
6.88022 2.35623e+019
6.88247 2.34469e+019
6.88473 2.33316e+019
6.88698 2.32162e+019
6.88924 2.31008e+019
6.8915 2.29854e+019
6.89376 2.28699e+019
6.89603 2.27545e+019
6.89829 2.2639e+019
6.90056 2.25235e+019
6.90283 2.2408e+019
6.9051 2.22925e+019
6.90737 2.2177e+019
6.90964 2.20614e+019
6.91191 2.19459e+019
6.91419 2.18304e+019
6.91646 2.17148e+019
6.91874 2.15993e+019
6.92102 2.14837e+019
6.9233 2.13682e+019
6.92559 2.12526e+019
6.92787 2.11371e+019
6.93016 2.10215e+019
6.93244 2.0906e+019
6.93473 2.07905e+019
6.93702 2.0675e+019
6.93932 2.05595e+019
6.94161 2.0444e+019
6.9439 2.03285e+019
6.9462 2.0213e+019
6.9485 2.00976e+019
6.9508 1.99822e+019
6.9531 1.98668e+019
6.9554 1.97514e+019
6.95771 1.96361e+019
6.96001 1.95208e+019
6.96232 1.94055e+019
6.96463 1.92903e+019
6.96694 1.9175e+019
6.96925 1.90599e+019
6.97156 1.89447e+019
6.97388 1.88297e+019
6.9762 1.87146e+019
6.97851 1.85996e+019
6.98083 1.84847e+019
6.98316 1.83698e+019
6.98548 1.82549e+019
6.9878 1.81401e+019
6.99013 1.80254e+019
6.99246 1.79108e+019
6.99478 1.77962e+019
6.99712 1.76816e+019
6.99945 1.75672e+019
7.00178 1.74528e+019
7.00412 1.73385e+019
7.00645 1.72243e+019
7.00879 1.71101e+019
7.01113 1.69961e+019
7.01347 1.68821e+019
7.01582 1.67682e+019
7.01816 1.66545e+019
7.02051 1.65408e+019
7.02285 1.64272e+019
7.0252 1.63137e+019
7.02755 1.62004e+019
7.02991 1.60871e+019
7.03226 1.5974e+019
7.03462 1.58609e+019
7.03697 1.5748e+019
7.03933 1.56353e+019
7.04169 1.55226e+019
7.04405 1.54101e+019
7.04642 1.52977e+019
7.04878 1.51855e+019
7.05115 1.50734e+019
7.05352 1.49615e+019
7.05589 1.48497e+019
7.05826 1.4738e+019
7.06063 1.46266e+019
7.06301 1.45153e+019
7.06538 1.44041e+019
7.06776 1.42932e+019
7.07014 1.41824e+019
7.07252 1.40718e+019
7.0749 1.39614e+019
7.07729 1.38511e+019
7.07967 1.37411e+019
7.08206 1.36313e+019
7.08445 1.35216e+019
7.08684 1.34122e+019
7.08923 1.3303e+019
7.09162 1.3194e+019
7.09402 1.30852e+019
7.09642 1.29767e+019
7.09881 1.28684e+019
7.10121 1.27603e+019
7.10361 1.26525e+019
7.10602 1.25449e+019
7.10842 1.24376e+019
7.11083 1.23305e+019
7.11324 1.22237e+019
7.11565 1.21172e+019
7.11806 1.20109e+019
7.12047 1.19049e+019
7.12289 1.17992e+019
7.1253 1.16938e+019
7.12772 1.15886e+019
7.13014 1.14838e+019
7.13256 1.13793e+019
7.13498 1.12751e+019
7.13741 1.11712e+019
7.13983 1.10676e+019
7.14226 1.09643e+019
7.14469 1.08614e+019
7.14712 1.07588e+019
7.14955 1.06566e+019
7.15198 1.05547e+019
7.15442 1.04531e+019
7.15686 1.0352e+019
7.15929 1.02511e+019
7.16174 1.01507e+019
7.16418 1.00506e+019
7.16662 9.95091e+018
7.16907 9.8516e+018
7.17151 9.75269e+018
7.17396 9.65417e+018
7.17641 9.55605e+018
7.17886 9.45834e+018
7.18132 9.36105e+018
7.18377 9.26418e+018
7.18623 9.16773e+018
7.18869 9.07171e+018
7.19115 8.97612e+018
7.19361 8.88098e+018
7.19607 8.78629e+018
7.19854 8.69205e+018
7.201 8.59826e+018
7.20347 8.50494e+018
7.20594 8.41209e+018
7.20841 8.31971e+018
7.21088 8.2278e+018
7.21336 8.13638e+018
7.21584 8.04545e+018
7.21831 7.95502e+018
7.22079 7.86508e+018
7.22327 7.77565e+018
7.22576 7.68672e+018
7.22824 7.59831e+018
7.23073 7.51042e+018
7.23322 7.42304e+018
7.23571 7.3362e+018
7.2382 7.24989e+018
7.24069 7.16411e+018
7.24318 7.07888e+018
7.24568 6.99419e+018
7.24818 6.91005e+018
7.25068 6.82646e+018
7.25318 6.74343e+018
7.25568 6.66096e+018
7.25819 6.57906e+018
7.26069 6.49772e+018
7.2632 6.41696e+018
7.26571 6.33677e+018
7.26822 6.25716e+018
7.27073 6.17814e+018
7.27325 6.0997e+018
7.27577 6.02185e+018
7.27828 5.9446e+018
7.2808 5.86793e+018
7.28332 5.79187e+018
7.28585 5.71641e+018
7.28837 5.64155e+018
7.2909 5.56729e+018
7.29343 5.49365e+018
7.29596 5.42061e+018
7.29849 5.34819e+018
7.30102 5.27638e+018
7.30356 5.20518e+018
7.30609 5.13461e+018
7.30863 5.06465e+018
7.31117 4.99532e+018
7.31371 4.9266e+018
7.31626 4.85851e+018
7.3188 4.79105e+018
7.32135 4.72421e+018
7.3239 4.65799e+018
7.32645 4.5924e+018
7.329 4.52744e+018
7.33155 4.46311e+018
7.33411 4.3994e+018
7.33666 4.33632e+018
7.33922 4.27387e+018
7.34178 4.21205e+018
7.34434 4.15086e+018
7.34691 4.09029e+018
7.34947 4.03035e+018
7.35204 3.97104e+018
7.35461 3.91235e+018
7.35718 3.85428e+018
7.35975 3.79684e+018
7.36233 3.74002e+018
7.3649 3.68383e+018
7.36748 3.62825e+018
7.37006 3.57329e+018
7.37264 3.51894e+018
7.37522 3.46522e+018
7.37781 3.4121e+018
7.38039 3.3596e+018
7.38298 3.3077e+018
7.38557 3.25641e+018
7.38816 3.20573e+018
7.39075 3.15565e+018
7.39335 3.10616e+018
7.39595 3.05728e+018
7.39854 3.00898e+018
7.40114 2.96128e+018
7.40374 2.91417e+018
7.40635 2.86765e+018
7.40895 2.8217e+018
7.41156 2.77634e+018
7.41417 2.73155e+018
7.41678 2.68733e+018
7.41939 2.64369e+018
7.422 2.60061e+018
7.42462 2.55809e+018
7.42724 2.51613e+018
7.42986 2.47472e+018
7.43248 2.43387e+018
7.4351 2.39356e+018
7.43772 2.35379e+018
7.44035 2.31457e+018
7.44298 2.27588e+018
7.44561 2.23772e+018
7.44824 2.20009e+018
7.45087 2.16298e+018
7.45351 2.12639e+018
7.45614 2.09031e+018
7.45878 2.05474e+018
7.46142 2.01968e+018
7.46406 1.98512e+018
7.46671 1.95106e+018
7.46935 1.91748e+018
7.472 1.8844e+018
7.47465 1.8518e+018
7.4773 1.81967e+018
7.47995 1.78802e+018
7.48261 1.75684e+018
7.48526 1.72612e+018
7.48792 1.69587e+018
7.49058 1.66606e+018
7.49324 1.63671e+018
7.4959 1.6078e+018
7.49857 1.57934e+018
7.50123 1.55131e+018
7.5039 1.52371e+018
7.50657 1.49654e+018
7.50925 1.46979e+018
7.51192 1.44345e+018
7.51459 1.41753e+018
7.51727 1.39202e+018
7.51995 1.36691e+018
7.52263 1.3422e+018
7.52531 1.31788e+018
7.528 1.29395e+018
7.53069 1.2704e+018
7.53337 1.24723e+018
7.53606 1.22444e+018
7.53875 1.20201e+018
7.54145 1.17996e+018
7.54414 1.15826e+018
7.54684 1.13692e+018
7.54954 1.11593e+018
7.55224 1.09528e+018
7.55494 1.07498e+018
7.55765 1.05502e+018
7.56035 1.03538e+018
7.56306 1.01608e+018
7.56577 9.97104e+017
7.56848 9.78446e+017
7.57119 9.60103e+017
7.57391 9.42072e+017
7.57663 9.24347e+017
7.57935 9.06924e+017
7.58207 8.898e+017
7.58479 8.7297e+017
7.58751 8.56429e+017
7.59024 8.40174e+017
7.59297 8.24201e+017
7.5957 8.08505e+017
7.59843 7.93082e+017
7.60116 7.77929e+017
7.6039 7.63041e+017
7.60663 7.48414e+017
7.60937 7.34044e+017
7.61211 7.19929e+017
7.61485 7.06063e+017
7.6176 6.92442e+017
7.62034 6.79065e+017
7.62309 6.65925e+017
7.62584 6.5302e+017
7.62859 6.40347e+017
7.63135 6.27901e+017
7.6341 6.15679e+017
7.63686 6.03677e+017
7.63962 5.91893e+017
7.64238 5.80321e+017
7.64514 5.6896e+017
7.64791 5.57806e+017
7.65067 5.46856e+017
7.65344 5.36105e+017
7.65621 5.25551e+017
7.65898 5.15191e+017
7.66175 5.05022e+017
7.66453 4.9504e+017
7.66731 4.85242e+017
7.67009 4.75626e+017
7.67287 4.66188e+017
7.67565 4.56925e+017
7.67844 4.47835e+017
7.68122 4.38914e+017
7.68401 4.3016e+017
7.6868 4.2157e+017
7.68959 4.13141e+017
7.69239 4.0487e+017
7.69518 3.96755e+017
7.69798 3.88793e+017
7.70078 3.80981e+017
7.70358 3.73317e+017
7.70639 3.65798e+017
7.70919 3.58422e+017
7.712 3.51186e+017
7.71481 3.44089e+017
7.71762 3.37126e+017
7.72043 3.30297e+017
7.72324 3.23598e+017
7.72606 3.17028e+017
7.72888 3.10583e+017
7.7317 3.04263e+017
7.73452 2.98065e+017
7.73735 2.91986e+017
7.74017 2.86024e+017
7.743 2.80178e+017
7.74583 2.74445e+017
7.74866 2.68824e+017
7.75149 2.63311e+017
7.75433 2.57906e+017
7.75717 2.52606e+017
7.76001 2.4741e+017
7.76285 2.42315e+017
7.76569 2.3732e+017
7.76853 2.32423e+017
7.77138 2.27622e+017
7.77423 2.22915e+017
7.77708 2.18301e+017
7.77993 2.13778e+017
7.78279 2.09344e+017
7.78564 2.04998e+017
7.7885 2.00737e+017
7.79136 1.96561e+017
7.79422 1.92468e+017
7.79709 1.88456e+017
7.79995 1.84524e+017
7.80282 1.8067e+017
7.80569 1.76893e+017
7.80856 1.73192e+017
7.81144 1.69564e+017
7.81431 1.66009e+017
7.81719 1.62525e+017
7.82007 1.59111e+017
7.82295 1.55765e+017
7.82583 1.52487e+017
7.82872 1.49274e+017
7.8316 1.46127e+017
7.83449 1.43043e+017
7.83738 1.40021e+017
7.84027 1.3706e+017
7.84317 1.34159e+017
7.84607 1.31317e+017
7.84896 1.28533e+017
7.85186 1.25805e+017
7.85477 1.23132e+017
7.85767 1.20514e+017
7.86058 1.17949e+017
7.86349 1.15437e+017
7.8664 1.12976e+017
7.86931 1.10565e+017
7.87222 1.08203e+017
7.87514 1.0589e+017
7.87806 1.03624e+017
7.88098 1.01405e+017
7.8839 9.92315e+016
7.88682 9.71025e+016
7.88975 9.50174e+016
7.89267 9.29753e+016
7.8956 9.09753e+016
7.89853 8.90165e+016
7.90147 8.70983e+016
7.9044 8.52198e+016
7.90734 8.33801e+016
7.91028 8.15786e+016
7.91322 7.98145e+016
7.91616 7.80871e+016
7.91911 7.63956e+016
7.92206 7.47392e+016
7.92501 7.31174e+016
7.92796 7.15294e+016
7.93091 6.99746e+016
7.93387 6.84523e+016
7.93682 6.69618e+016
7.93978 6.55025e+016
7.94274 6.40737e+016
7.9457 6.2675e+016
7.94867 6.13056e+016
7.95164 5.9965e+016
7.95461 5.86526e+016
7.95758 5.73678e+016
7.96055 5.61102e+016
7.96352 5.4879e+016
7.9665 5.36738e+016
7.96948 5.24942e+016
7.97246 5.13394e+016
7.97544 5.02091e+016
7.97843 4.91028e+016
7.98141 4.80199e+016
7.9844 4.69601e+016
7.98739 4.59227e+016
7.99039 4.49074e+016
7.99338 4.39138e+016
7.99638 4.29413e+016
7.99938 4.19895e+016
8.00238 4.10581e+016
8.00538 4.01465e+016
8.00838 3.92545e+016
8.01139 3.83816e+016
8.0144 3.75273e+016
8.01741 3.66914e+016
8.02042 3.58734e+016
8.02344 3.5073e+016
8.02646 3.42898e+016
8.02947 3.35235e+016
8.03249 3.27736e+016
8.03552 3.204e+016
8.03854 3.13221e+016
8.04157 3.06198e+016
8.0446 2.99326e+016
8.04763 2.92603e+016
8.05066 2.86026e+016
8.0537 2.79591e+016
8.05673 2.73296e+016
8.05977 2.67138e+016
8.06281 2.61113e+016
8.06586 2.55219e+016
8.0689 2.49454e+016
8.07195 2.43814e+016
8.075 2.38297e+016
8.07805 2.32901e+016
8.0811 2.27622e+016
8.08416 2.22459e+016
8.08721 2.17409e+016
8.09027 2.12469e+016
8.09334 2.07638e+016
8.0964 2.02913e+016
8.09946 1.98291e+016
8.10253 1.93771e+016
8.1056 1.89351e+016
8.10867 1.85027e+016
8.11175 1.80799e+016
8.11482 1.76665e+016
8.1179 1.72621e+016
8.12098 1.68667e+016
8.12406 1.648e+016
8.12714 1.61019e+016
8.13023 1.57321e+016
8.13332 1.53706e+016
8.13641 1.5017e+016
8.1395 1.46714e+016
8.1426 1.43334e+016
8.14569 1.40029e+016
8.14879 1.36797e+016
8.15189 1.33638e+016
8.15499 1.30549e+016
8.1581 1.27529e+016
8.1612 1.24577e+016
8.16431 1.2169e+016
8.16742 1.18868e+016
8.17054 1.1611e+016
8.17365 1.13413e+016
8.17677 1.10776e+016
8.17989 1.08199e+016
8.18301 1.0568e+016
8.18613 1.03217e+016
8.18926 1.0081e+016
8.19238 9.84568e+015
8.19551 9.61568e+015
8.19864 9.39087e+015
8.20178 9.17114e+015
8.20491 8.95638e+015
8.20805 8.74647e+015
8.21119 8.54131e+015
8.21433 8.34081e+015
8.21748 8.14485e+015
8.22062 7.95334e+015
8.22377 7.76617e+015
8.22692 7.58327e+015
8.23007 7.40452e+015
8.23323 7.22985e+015
8.23639 7.05916e+015
8.23955 6.89236e+015
8.24271 6.72937e+015
8.24587 6.5701e+015
8.24903 6.41448e+015
8.2522 6.26242e+015
8.25537 6.11384e+015
8.25854 5.96867e+015
8.26172 5.82683e+015
8.26489 5.68825e+015
8.26807 5.55285e+015
8.27125 5.42057e+015
8.27443 5.29133e+015
8.27762 5.16507e+015
8.2808 5.04173e+015
8.28399 4.92123e+015
8.28718 4.80351e+015
8.29037 4.68852e+015
8.29357 4.57619e+015
8.29677 4.46646e+015
8.29996 4.35927e+015
8.30317 4.25457e+015
8.30637 4.1523e+015
8.30957 4.05241e+015
8.31278 3.95484e+015
8.31599 3.85954e+015
8.3192 3.76647e+015
8.32242 3.67556e+015
8.32563 3.58678e+015
8.32885 3.50006e+015
8.33207 3.41538e+015
8.3353 3.33268e+015
8.33852 3.25191e+015
8.34175 3.17304e+015
8.34498 3.09601e+015
8.34821 3.0208e+015
8.35144 2.94735e+015
8.35468 2.87563e+015
8.35791 2.80559e+015
8.36115 2.73721e+015
8.3644 2.67044e+015
8.36764 2.60524e+015
8.37089 2.54159e+015
8.37413 2.47943e+015
8.37739 2.41875e+015
8.38064 2.35951e+015
8.38389 2.30167e+015
8.38715 2.2452e+015
8.39041 2.19007e+015
8.39367 2.13625e+015
8.39694 2.08371e+015
8.4002 2.03242e+015
8.40347 1.98235e+015
8.40674 1.93347e+015
8.41001 1.88576e+015
8.41329 1.83919e+015
8.41656 1.79374e+015
8.41984 1.74937e+015
8.42312 1.70606e+015
8.42641 1.66379e+015
8.42969 1.62253e+015
8.43298 1.58226e+015
8.43627 1.54296e+015
8.43956 1.50461e+015
8.44286 1.46717e+015
8.44615 1.43064e+015
8.44945 1.39499e+015
8.45275 1.3602e+015
8.45606 1.32625e+015
8.45936 1.29312e+015
8.46267 1.26079e+015
8.46598 1.22924e+015
8.46929 1.19846e+015
8.4726 1.16842e+015
8.47592 1.13911e+015
8.47924 1.11052e+015
8.48256 1.08261e+015
8.48588 1.05539e+015
8.48921 1.02883e+015
8.49254 1.00292e+015
8.49587 9.77635e+014
8.4992 9.52971e+014
8.50253 9.28909e+014
8.50587 9.05436e+014
8.50921 8.82536e+014
8.51255 8.60198e+014
8.51589 8.38407e+014
8.51924 8.17151e+014
8.52258 7.96416e+014
8.52593 7.76191e+014
8.52929 7.56464e+014
8.53264 7.37222e+014
8.536 7.18453e+014
8.53935 7.00148e+014
8.54272 6.82295e+014
8.54608 6.64882e+014
8.54944 6.479e+014
8.55281 6.31338e+014
8.55618 6.15186e+014
8.55955 5.99434e+014
8.56293 5.84073e+014
8.5663 5.69093e+014
8.56968 5.54486e+014
8.57306 5.40241e+014
8.57645 5.26351e+014
8.57983 5.12808e+014
8.58322 4.99601e+014
8.58661 4.86725e+014
8.59 4.74169e+014
8.5934 4.61928e+014
8.5968 4.49993e+014
8.6002 4.38356e+014
8.6036 4.27012e+014
8.607 4.15951e+014
8.61041 4.05169e+014
8.61381 3.94657e+014
8.61723 3.84409e+014
8.62064 3.74419e+014
8.62405 3.64681e+014
8.62747 3.55189e+014
8.63089 3.45935e+014
8.63431 3.36916e+014
8.63774 3.28124e+014
8.64116 3.19555e+014
8.64459 3.11202e+014
8.64802 3.03062e+014
8.65146 2.95127e+014
8.65489 2.87394e+014
8.65833 2.79858e+014
8.66177 2.72513e+014
8.66521 2.65355e+014
8.66866 2.58379e+014
8.67211 2.51581e+014
8.67555 2.44956e+014
8.67901 2.38501e+014
8.68246 2.3221e+014
8.68592 2.2608e+014
8.68938 2.20107e+014
8.69284 2.14288e+014
8.6963 2.08617e+014
8.69977 2.03092e+014
8.70323 1.97709e+014
8.7067 1.92464e+014
8.71018 1.87354e+014
8.71365 1.82375e+014
8.71713 1.77525e+014
8.72061 1.728e+014
8.72409 1.68197e+014
8.72757 1.63713e+014
8.73106 1.59345e+014
8.73455 1.5509e+014
8.73804 1.50945e+014
8.74153 1.46908e+014
8.74503 1.42975e+014
8.74853 1.39144e+014
8.75203 1.35413e+014
8.75553 1.31779e+014
8.75904 1.2824e+014
8.76254 1.24793e+014
8.76605 1.21435e+014
8.76956 1.18166e+014
8.77308 1.14982e+014
8.7766 1.11881e+014
8.78012 1.08861e+014
8.78364 1.0592e+014
8.78716 1.03056e+014
8.79069 1.00268e+014
8.79422 9.75524e+013
8.79775 9.49084e+013
8.80128 9.2334e+013
8.80482 8.98273e+013
8.80835 8.73867e+013
8.81189 8.50104e+013
8.81544 8.26968e+013
8.81898 8.04444e+013
8.82253 7.82514e+013
8.82608 7.61165e+013
8.82963 7.40382e+013
8.83319 7.20149e+013
8.83674 7.00453e+013
8.8403 6.81279e+013
8.84386 6.62615e+013
8.84743 6.44448e+013
8.85099 6.26764e+013
8.85456 6.09551e+013
8.85813 5.92797e+013
8.86171 5.7649e+013
8.86528 5.60619e+013
8.86886 5.45171e+013
8.87244 5.30137e+013
8.87603 5.15506e+013
8.87961 5.01266e+013
8.8832 4.87409e+013
8.88679 4.73924e+013
8.89038 4.608e+013
8.89398 4.4803e+013
8.89757 4.35603e+013
8.90117 4.23511e+013
8.90478 4.11745e+013
8.90838 4.00297e+013
8.91199 3.89157e+013
8.9156 3.78319e+013
8.91921 3.67774e+013
8.92282 3.57514e+013
8.92644 3.47532e+013
8.93006 3.37821e+013
8.93368 3.28374e+013
8.93731 3.19183e+013
8.94093 3.10242e+013
8.94456 3.01545e+013
8.94819 2.93084e+013
8.95183 2.84854e+013
8.95546 2.76848e+013
8.9591 2.69061e+013
8.96274 2.61487e+013
8.96638 2.5412e+013
8.97003 2.46954e+013
8.97368 2.39985e+013
8.97733 2.33207e+013
8.98098 2.26615e+013
8.98464 2.20204e+013
8.9883 2.13969e+013
8.99196 2.07906e+013
8.99562 2.0201e+013
8.99928 1.96276e+013
9.00295 1.907e+013
9.00662 1.85278e+013
9.01029 1.80007e+013
9.01397 1.74881e+013
9.01765 1.69896e+013
9.02133 1.6505e+013
9.02501 1.60338e+013
9.02869 1.55757e+013
9.03238 1.51303e+013
9.03607 1.46973e+013
9.03976 1.42764e+013
9.04346 1.38671e+013
9.04716 1.34693e+013
9.05086 1.30826e+013
9.05456 1.27066e+013
9.05826 1.23412e+013
9.06197 1.19859e+013
9.06568 1.16407e+013
9.06939 1.13051e+013
9.07311 1.09788e+013
9.07682 1.06618e+013
9.08054 1.03536e+013
9.08426 1.00542e+013
9.08799 9.76308e+012
9.09171 9.48021e+012
9.09544 9.20531e+012
9.09918 8.93815e+012
9.10291 8.67854e+012
9.10665 8.42626e+012
9.11039 8.18112e+012
9.11413 7.94291e+012
9.11787 7.71144e+012
9.12162 7.48654e+012
9.12537 7.26801e+012
9.12912 7.05569e+012
9.13288 6.8494e+012
9.13663 6.64898e+012
9.14039 6.45427e+012
9.14415 6.2651e+012
9.14792 6.08132e+012
9.15168 5.90279e+012
9.15545 5.72935e+012
9.15923 5.56088e+012
9.163 5.39722e+012
9.16678 5.23825e+012
9.17056 5.08384e+012
9.17434 4.93385e+012
9.17812 4.78817e+012
9.18191 4.64667e+012
9.1857 4.50925e+012
9.18949 4.37577e+012
9.19329 4.24615e+012
9.19708 4.12026e+012
9.20088 3.998e+012
9.20469 3.87927e+012
9.20849 3.76397e+012
9.2123 3.65201e+012
9.21611 3.54329e+012
9.21992 3.43771e+012
9.22373 3.3352e+012
9.22755 3.23567e+012
9.23137 3.13903e+012
9.23519 3.04519e+012
9.23902 2.95409e+012
9.24285 2.86564e+012
9.24668 2.77976e+012
9.25051 2.6964e+012
9.25435 2.61546e+012
9.25818 2.53689e+012
9.26202 2.46062e+012
9.26587 2.38658e+012
9.26971 2.31471e+012
9.27356 2.24495e+012
9.27741 2.17723e+012
9.28126 2.11151e+012
9.28512 2.04771e+012
9.28898 1.98579e+012
9.29284 1.9257e+012
9.2967 1.86737e+012
9.30057 1.81077e+012
9.30444 1.75583e+012
9.30831 1.70252e+012
9.31218 1.65079e+012
9.31606 1.60058e+012
9.31994 1.55187e+012
9.32382 1.50459e+012
9.3277 1.45872e+012
9.33159 1.41422e+012
9.33548 1.37103e+012
9.33937 1.32913e+012
9.34327 1.28848e+012
9.34716 1.24903e+012
9.35106 1.21077e+012
9.35497 1.17364e+012
9.35887 1.13763e+012
9.36278 1.10269e+012
9.36669 1.06879e+012
9.3706 1.03591e+012
9.37452 1.00402e+012
9.37844 9.73083e+011
9.38236 9.43075e+011
9.38628 9.13968e+011
9.39021 8.85737e+011
9.39413 8.58355e+011
9.39806 8.31798e+011
9.402 8.06042e+011
9.40593 7.81063e+011
9.40987 7.56838e+011
9.41382 7.33345e+011
9.41776 7.10563e+011
9.42171 6.8847e+011
9.42566 6.67047e+011
9.42961 6.46274e+011
9.43356 6.26131e+011
9.43752 6.06599e+011
9.44148 5.87662e+011
9.44544 5.69301e+011
9.44941 5.51499e+011
9.45338 5.34239e+011
9.45735 5.17506e+011
9.46132 5.01284e+011
9.4653 4.85558e+011
9.46928 4.70312e+011
9.47326 4.55533e+011
9.47724 4.41207e+011
9.48123 4.2732e+011
9.48522 4.13859e+011
9.48921 4.00812e+011
9.4932 3.88165e+011
9.4972 3.75908e+011
9.5012 3.64028e+011
9.5052 3.52514e+011
9.50921 3.41355e+011
9.51322 3.3054e+011
9.51723 3.2006e+011
9.52124 3.09903e+011
9.52525 3.00061e+011
9.52927 2.90524e+011
9.53329 2.81282e+011
9.53732 2.72327e+011
9.54135 2.6365e+011
9.54537 2.55243e+011
9.54941 2.47097e+011
9.55344 2.39204e+011
9.55748 2.31558e+011
9.56152 2.24149e+011
9.56556 2.16972e+011
9.56961 2.1002e+011
9.57366 2.03284e+011
9.57771 1.96759e+011
9.58176 1.90439e+011
9.58582 1.84316e+011
9.58987 1.78386e+011
9.59394 1.72641e+011
9.598 1.67077e+011
9.60207 1.61688e+011
9.60614 1.56469e+011
9.61021 1.51414e+011
9.61429 1.46518e+011
9.61836 1.41777e+011
9.62244 1.37185e+011
9.62653 1.32739e+011
9.63061 1.28433e+011
9.6347 1.24263e+011
9.63879 1.20226e+011
9.64289 1.16316e+011
9.64699 1.12531e+011
9.65109 1.08865e+011
9.65519 1.05317e+011
9.65929 1.01881e+011
9.6634 9.85544e+010
9.66751 9.53339e+010
9.67163 9.22162e+010
9.67574 8.91979e+010
9.67986 8.6276e+010
9.68398 8.34476e+010
9.68811 8.07097e+010
9.69223 7.80594e+010
9.69636 7.54941e+010
9.7005 7.30111e+010
9.70463 7.06078e+010
9.70877 6.82817e+010
9.71291 6.60304e+010
9.71706 6.38516e+010
9.7212 6.17429e+010
9.72535 5.97022e+010
9.7295 5.77274e+010
9.73366 5.58164e+010
9.73782 5.39671e+010
9.74198 5.21776e+010
9.74614 5.04461e+010
9.75031 4.87706e+010
9.75447 4.71495e+010
9.75865 4.55811e+010
9.76282 4.40635e+010
9.767 4.25953e+010
9.77118 4.11749e+010
9.77536 3.98007e+010
9.77955 3.84713e+010
9.78373 3.71852e+010
9.78792 3.59412e+010
9.79212 3.47378e+010
9.79631 3.35737e+010
9.80051 3.24477e+010
9.80472 3.13586e+010
9.80892 3.03053e+010
9.81313 2.92864e+010
9.81734 2.83011e+010
9.82155 2.73481e+010
9.82577 2.64264e+010
9.82999 2.55351e+010
9.83421 2.46732e+010
9.83844 2.38397e+010
9.84266 2.30336e+010
9.84689 2.22542e+010
9.85113 2.15006e+010
9.85536 2.07719e+010
9.8596 2.00673e+010
9.86384 1.93861e+010
9.86809 1.87275e+010
9.87233 1.80907e+010
9.87658 1.74751e+010
9.88084 1.68799e+010
9.88509 1.63046e+010
9.88935 1.57484e+010
9.89361 1.52108e+010
9.89788 1.4691e+010
9.90214 1.41887e+010
9.90641 1.37031e+010
9.91069 1.32338e+010
9.91496 1.27801e+010
9.91924 1.23417e+010
9.92352 1.1918e+010
9.92781 1.15085e+010
9.93209 1.11127e+010
9.93638 1.07302e+010
9.94068 1.03606e+010
9.94497 1.00035e+010
9.94927 9.65835e+009
9.95357 9.32487e+009
9.95788 9.00264e+009
9.96218 8.69129e+009
9.96649 8.39047e+009
9.97081 8.09983e+009
9.97512 7.81903e+009
9.97944 7.54774e+009
9.98376 7.28565e+009
9.98809 7.03246e+009
9.99242 6.78788e+009
9.99675 6.55161e+009
10.0011 6.32338e+009
10.0054 6.10292e+009
10.0098 5.88997e+009
10.0141 5.68429e+009
10.0184 5.48564e+009
10.0228 5.29377e+009
10.0271 5.10846e+009
10.0315 4.9295e+009
10.0358 4.75666e+009
10.0402 4.58976e+009
10.0446 4.42857e+009
10.0489 4.27293e+009
10.0533 4.12263e+009
10.0577 3.9775e+009
10.062 3.83737e+009
10.0664 3.70207e+009
10.0708 3.57143e+009
10.0752 3.44531e+009
10.0796 3.32353e+009
10.084 3.20597e+009
10.0884 3.09247e+009
10.0927 2.98291e+009
10.0971 2.87714e+009
10.1015 2.77504e+009
10.1059 2.67648e+009
10.1104 2.58135e+009
10.1148 2.48953e+009
10.1192 2.4009e+009
10.1236 2.31535e+009
10.128 2.23279e+009
10.1324 2.15311e+009
10.1368 2.07621e+009
10.1413 2.002e+009
10.1457 1.93038e+009
10.1501 1.86127e+009
10.1546 1.79458e+009
10.159 1.73023e+009
10.1635 1.66814e+009
10.1679 1.60822e+009
10.1723 1.55042e+009
10.1768 1.49464e+009
10.1812 1.44083e+009
10.1857 1.38891e+009
10.1902 1.33883e+009
10.1946 1.29051e+009
10.1991 1.2439e+009
10.2036 1.19894e+009
10.208 1.15557e+009
10.2125 1.11373e+009
10.217 1.07337e+009
10.2215 1.03445e+009
10.2259 9.96907e+008
10.2304 9.60699e+008
10.2349 9.25778e+008
10.2394 8.92099e+008
10.2439 8.59619e+008
10.2484 8.28297e+008
10.2529 7.98093e+008
10.2574 7.68966e+008
10.2619 7.4088e+008
10.2664 7.13799e+008
10.2709 6.87686e+008
10.2755 6.62509e+008
10.28 6.38234e+008
10.2845 6.1483e+008
10.289 5.92266e+008
10.2935 5.70514e+008
10.2981 5.49543e+008
10.3026 5.29327e+008
10.3072 5.09839e+008
10.3117 4.91054e+008
10.3162 4.72947e+008
10.3208 4.55494e+008
10.3253 4.38671e+008
10.3299 4.22457e+008
10.3344 4.0683e+008
10.339 3.91769e+008
10.3436 3.77254e+008
10.3481 3.63265e+008
10.3527 3.49785e+008
10.3573 3.36795e+008
10.3618 3.24277e+008
10.3664 3.12215e+008
10.371 3.00593e+008
10.3756 2.89395e+008
10.3802 2.78605e+008
10.3847 2.68209e+008
10.3893 2.58193e+008
10.3939 2.48544e+008
10.3985 2.39248e+008
10.4031 2.30293e+008
10.4077 2.21666e+008
10.4123 2.13356e+008
10.417 2.05351e+008
10.4216 1.97641e+008
10.4262 1.90214e+008
10.4308 1.83061e+008
10.4354 1.76171e+008
10.4401 1.69536e+008
10.4447 1.63145e+008
10.4493 1.56991e+008
10.4539 1.51064e+008
10.4586 1.45356e+008
10.4632 1.3986e+008
10.4679 1.34568e+008
10.4725 1.29472e+008
10.4772 1.24565e+008
10.4818 1.19841e+008
10.4865 1.15292e+008
10.4911 1.10913e+008
10.4958 1.06696e+008
10.5005 1.02637e+008
10.5051 9.87297e+007
10.5098 9.49679e+007
10.5145 9.13468e+007
10.5192 8.78611e+007
10.5238 8.45059e+007
10.5285 8.12764e+007
10.5332 7.8168e+007
10.5379 7.51763e+007
10.5426 7.22969e+007
10.5473 6.95257e+007
10.552 6.68588e+007
10.5567 6.42922e+007
10.5614 6.18224e+007
10.5661 5.94458e+007
10.5708 5.71588e+007
10.5756 5.49582e+007
10.5803 5.28408e+007
10.585 5.08035e+007
10.5897 4.88433e+007
10.5944 4.69574e+007
10.5992 4.5143e+007
10.6039 4.33976e+007
10.6087 4.17184e+007
10.6134 4.0103e+007
10.6181 3.85491e+007
10.6229 3.70544e+007
10.6276 3.56167e+007
10.6324 3.42338e+007
10.6371 3.29037e+007
10.6419 3.16244e+007
10.6467 3.0394e+007
10.6514 2.92107e+007
10.6562 2.80727e+007
10.661 2.69783e+007
10.6658 2.59259e+007
10.6705 2.49139e+007
10.6753 2.39408e+007
10.6801 2.30051e+007
10.6849 2.21055e+007
10.6897 2.12404e+007
10.6945 2.04088e+007
10.6993 1.96092e+007
10.7041 1.88404e+007
10.7089 1.81014e+007
10.7137 1.7391e+007
10.7185 1.6708e+007
10.7233 1.60516e+007
10.7281 1.54205e+007
10.733 1.4814e+007
10.7378 1.4231e+007
10.7426 1.36706e+007
10.7474 1.31321e+007
10.7523 1.26145e+007
10.7571 1.2117e+007
10.762 1.1639e+007
10.7668 1.11796e+007
10.7716 1.07382e+007
10.7765 1.0314e+007
10.7813 9.9064e+006
10.7862 9.51476e+006
10.7911 9.13846e+006
10.7959 8.77692e+006
10.8008 8.42956e+006
10.8057 8.09585e+006
10.8105 7.77525e+006
10.8154 7.46726e+006
10.8203 7.1714e+006
10.8252 6.8872e+006
10.8301 6.6142e+006
10.8349 6.35197e+006
10.8398 6.1001e+006
10.8447 5.85819e+006
10.8496 5.62585e+006
10.8545 5.4027e+006
10.8594 5.1884e+006
10.8643 4.9826e+006
10.8693 4.78496e+006
10.8742 4.59517e+006
10.8791 4.41293e+006
10.884 4.23794e+006
10.8889 4.06992e+006
10.8939 3.90859e+006
10.8988 3.75369e+006
10.9037 3.60498e+006
10.9087 3.46221e+006
10.9136 3.32514e+006
10.9186 3.19356e+006
10.9235 3.06725e+006
10.9285 2.946e+006
10.9334 2.82962e+006
10.9384 2.7179e+006
10.9433 2.61067e+006
10.9483 2.50775e+006
10.9533 2.40898e+006
10.9582 2.31418e+006
10.9632 2.2232e+006
10.9682 2.13589e+006
10.9732 2.05211e+006
10.9782 1.97171e+006
10.9831 1.89456e+006
10.9881 1.82053e+006
10.9931 1.7495e+006
10.9981 1.68135e+006
11.0031 1.61597e+006
11.0081 1.55323e+006
11.0131 1.49305e+006
11.0182 1.43531e+006
11.0232 1.37993e+006
11.0282 1.3268e+006
11.0332 1.27583e+006
11.0382 1.22694e+006
11.0433 1.18005e+006
11.0483 1.13508e+006
11.0533 1.09194e+006
11.0584 1.05057e+006
11.0634 1.01089e+006
11.0684 972840
11.0735 936350
11.0785 901358
11.0836 867804
11.0887 835630
11.0937 804779
11.0988 775199
11.1039 746839
11.1089 719648
11.114 693580
11.1191 668589
11.1242 644631
11.1292 621665
11.1343 599650
11.1394 578548
11.1445 558321
11.1496 538933
11.1547 520352
11.1598 502542
11.1649 485475
11.1701 469118
11.1752 453442
11.1803 438421
11.1854 424027
11.1905 410234
11.1957 397018
11.2008 384355
11.2059 372223
11.2111 360599
11.2162 349463
11.2214 338794
11.2265 328574
11.2317 318783
11.2368 309404
11.242 300421
11.2471 291816
11.2523 283574
11.2575 275680
11.2627 268120
11.2678 260879
11.273 253945
11.2782 247304
11.2834 240945
11.2886 234856
11.2938 229025
11.299 223442
11.3042 218096
11.3094 212978
11.3146 208078
11.3198 203387
11.325 198896
11.3302 194596
11.3355 190481
11.3407 186541
11.3459 182770
11.3511 179160
11.3564 175706
11.3616 172399
11.3669 169234
11.3721 166206
11.3774 163307
11.3826 160533
11.3879 157879
11.3931 155339
11.3984 152909
11.4037 150583
11.4089 148359
11.4142 146230
11.4195 144193
11.4248 142245
11.4301 140381
11.4354 138598
11.4406 136892
11.4459 135261
11.4512 133700
11.4565 132207
11.4619 130779
11.4672 129414
11.4725 128108
11.4778 126859
11.4831 125665
11.4884 124523
11.4938 123430
11.4991 122386
11.5044 121388
11.5098 120433
11.5151 119520
11.5205 118647
11.5258 117813
11.5312 117015
11.5365 116253
11.5419 115524
11.5472 114827
11.5526 114161
11.558 113524
11.5634 112916
11.5687 112334
11.5741 111779
11.5795 111248
11.5849 110740
11.5903 110255
11.5957 109791
11.6011 109348
11.6065 108925
11.6119 108521
11.6173 108135
11.6227 107765
11.6281 107413
11.6336 107076
11.639 106754
11.6444 106447
11.6498 106153
11.6553 105873
11.6607 105605
11.6662 105349
11.6716 105104
11.6771 104871
11.6825 104648
11.688 104435
11.6934 104232
11.6989 104038
11.7044 103852
11.7098 103675
11.7153 103506
11.7208 103345
11.7263 103191
11.7318 103044
11.7373 102904
11.7427 102770
11.7482 102642
11.7537 102520
11.7593 102403
11.7648 102292
11.7703 102186
11.7758 102084
11.7813 101987
11.7868 101895
11.7924 101807
11.7979 101723
11.8034 101643
11.809 101566
11.8145 101493
11.8201 101424
11.8256 101357
11.8312 101294
11.8367 101233
11.8423 101175
11.8478 101120
11.8534 101068
11.859 101018
11.8646 100970
11.8701 100924
11.8757 100881
11.8813 100840
11.8869 100800
11.8925 100762
11.8981 100726
11.9037 100692
11.9093 100659
11.9149 100628
11.9205 100598
11.9261 100570
11.9317 100543
11.9374 100517
11.943 100493
11.9486 100469
11.9543 100447
11.9599 100426
11.9655 100406
11.9712 100386
11.9768 100368
11.9825 100350
11.9882 100334
11.9938 100318
11.9995 100302
12.0052 100288
12.0108 100274
12.0165 100261
12.0222 100248
12.0279 100237
12.0336 100225
12.0392 100214
12.0449 100204
12.0506 100194
12.0563 100185
12.0621 100176
12.0678 100167
12.0735 100159
12.0792 100152
12.0849 100144
12.0906 100137
12.0964 100131
12.1021 100124
12.1078 100118
12.1136 100113
12.1193 100107
12.1251 100102
12.1308 100097
12.1366 100092
12.1424 100088
12.1481 100083
12.1539 100079
12.1597 100075
12.1654 100072
12.1712 100068
12.177 100065
12.1828 100062
12.1886 100059
12.1944 100056
12.2002 100053
12.206 100050
12.2118 100048
12.2176 100046
12.2234 100043
12.2292 100041
12.235 100039
12.2409 100037
12.2467 100035
12.2525 100034
12.2584 100032
12.2642 100030
12.2701 100029
12.2759 100027
12.2818 100026
12.2876 100025
12.2935 100024
12.2993 100022
12.3052 100021
12.3111 100020
12.317 100019
12.3228 100018
12.3287 100017
12.3346 100016
12.3405 100016
12.3464 100015
12.3523 100014
12.3582 100013
12.3641 100013
12.37 100012
12.376 100012
12.3819 100011
12.3878 100010
12.3937 100010
12.3997 100009
12.4056 100009
12.4115 100008
12.4175 100008
12.4234 100008
12.4294 100007
12.4353 100007
12.4413 100007
12.4473 100006
12.4532 100006
12.4592 100006
12.4652 100005
12.4712 100005
12.4771 100005
12.4831 100005
12.4891 100004
12.4951 100004
12.5011 100004
12.5071 100004
12.5131 100003
12.5191 100003
12.5252 100003
12.5312 100003
12.5372 100003
12.5432 100003
12.5493 100003
12.5553 100002
12.5613 100002
12.5674 100002
12.5734 100002
12.5795 100002
12.5855 100002
12.5916 100002
12.5977 100002
12.6037 100002
12.6098 100001
12.6159 100001
12.622 100001
12.628 100001
12.6341 100001
12.6402 100001
12.6463 100001
12.6524 100001
12.6585 100001
12.6646 100001
12.6707 100001
12.6769 100001
12.683 100001
12.6891 100001
12.6952 100001
12.7014 100001
12.7075 100001
12.7136 100001
12.7198 100001
12.7259 100001
12.7321 100001
12.7383 100000
12.7444 100000
12.7506 100000
12.7567 100000
12.7629 100000
12.7691 100000
12.7753 100000
12.7815 100000
12.7877 100000
12.7939 100000
12.8001 100000
12.8063 100000
12.8125 100000
12.8187 100000
12.8249 100000
12.8311 100000
12.8373 100000
12.8436 100000
12.8498 100000
12.856 100000
12.8623 100000
12.8685 100000
12.8748 100000
12.881 100000
12.8873 100000
12.8935 100000
12.8998 100000
12.9061 100000
12.9123 100000
12.9186 100000
12.9249 100000
12.9312 100000
12.9375 100000
12.9438 100000
12.9501 100000
12.9564 100000
12.9627 100000
12.969 100000
12.9753 100000
12.9816 100000
12.988 100000
12.9943 100000
13.0006 100000
13.007 100000
13.0133 100000
13.0196 100000
13.026 100000
13.0323 100000
13.0387 100000
13.0451 100000
13.0514 100000
13.0578 100000
13.0642 100000
13.0706 100000
13.0769 100000
13.0833 100000
13.0897 100000
13.0961 100000
13.1025 100000
13.1089 100000
13.1153 100000
13.1218 100000
13.1282 100000
13.1346 100000
13.141 100000
13.1474 100000
13.1539 100000
13.1603 100000
13.1668 100000
13.1732 100000
13.1797 100000
13.1861 100000
13.1926 100000
13.199 100000
13.2055 100000
13.212 100000
13.2185 100000
13.2249 100000
13.2314 100000
13.2379 100000
13.2444 100000
13.2509 100000
13.2574 100000
13.2639 100000
13.2704 100000
13.277 100000
13.2835 100000
13.29 100000
13.2965 100000
13.3031 100000
13.3096 100000
13.3162 100000
13.3227 100000
13.3293 100000
13.3358 100000
13.3424 100000
13.3489 100000
13.3555 100000
13.3621 100000
13.3687 100000
13.3752 100000
13.3818 100000
13.3884 100000
13.395 100000
13.4016 100000
13.4082 100000
13.4148 100000
13.4214 100000
13.4281 100000
13.4347 100000
13.4413 100000
13.4479 100000
13.4546 100000
13.4612 100000
13.4679 100000
13.4745 100000
13.4812 100000
13.4878 100000
13.4945 100000
13.5011 100000
13.5078 100000
13.5145 100000
13.5212 100000
13.5279 100000
13.5345 100000
13.5412 100000
13.5479 100000
13.5546 100000
13.5613 100000
13.5681 100000
13.5748 100000
13.5815 100000
13.5882 100000
13.5949 100000
13.6017 100000
13.6084 100000
13.6152 100000
13.6219 100000
13.6287 100000
13.6354 100000
13.6422 100000
13.6489 100000
13.6557 100000
13.6625 100000
13.6693 100000
13.676 100000
13.6828 100000
13.6896 100000
13.6964 100000
13.7032 100000
13.71 100000
13.7168 100000
13.7237 100000
13.7305 100000
13.7373 100000
13.7441 100000
13.751 100000
13.7578 100000
13.7646 100000
13.7715 100000
13.7783 100000
13.7852 100000
13.792 100000
13.7989 100000
13.8058 100000
13.8127 100000
13.8195 100000
13.8264 100000
13.8333 100000
13.8402 100000
13.8471 100000
13.854 100000
13.8609 100000
13.8678 100000
13.8747 100000
13.8817 100000
13.8886 100000
13.8955 100000
13.9024 100000
13.9094 100000
13.9163 100000
13.9233 100000
13.9302 100000
13.9372 100000
13.9441 100000
13.9511 100000
13.9581 100000
13.9651 100000
13.972 100000
13.979 100000
13.986 100000
13.993 100000
14 100000
