Boron vs Depth
4541 2 2
Depth
Boron
0 2e+022
0.00700127 1.85613e+022
0.0139941 1.72274e+022
0.0209786 1.59941e+022
0.0279547 1.48565e+022
0.0349224 1.38089e+022
0.0418818 1.28454e+022
0.0488327 1.19598e+022
0.0557754 1.11463e+022
0.0627097 1.03992e+022
0.0696357 9.71279e+021
0.0765534 9.08211e+021
0.0834628 8.50231e+021
0.0903638 7.96896e+021
0.0972566 7.47797e+021
0.104141 7.02559e+021
0.111017 6.60842e+021
0.117885 6.22333e+021
0.124745 5.8675e+021
0.131597 5.53835e+021
0.13844 5.23356e+021
0.145275 4.95102e+021
0.152102 4.68881e+021
0.158921 4.4452e+021
0.165731 4.21863e+021
0.172533 4.00767e+021
0.179328 3.81104e+021
0.186114 3.62756e+021
0.192891 3.45616e+021
0.199661 3.2959e+021
0.206423 3.14589e+021
0.213176 3.00533e+021
0.219922 2.8735e+021
0.226659 2.74974e+021
0.233388 2.63344e+021
0.240109 2.52405e+021
0.246822 2.42106e+021
0.253527 2.32402e+021
0.260224 2.2325e+021
0.266913 2.14612e+021
0.273594 2.06452e+021
0.280267 1.98736e+021
0.286931 1.91436e+021
0.293588 1.84524e+021
0.300237 1.77973e+021
0.306878 1.71761e+021
0.313511 1.65865e+021
0.320136 1.60267e+021
0.326753 1.54946e+021
0.333362 1.49887e+021
0.339963 1.45072e+021
0.346556 1.40488e+021
0.353141 1.3612e+021
0.359718 1.31956e+021
0.366288 1.27984e+021
0.372849 1.24193e+021
0.379403 1.20572e+021
0.385949 1.17113e+021
0.392487 1.13806e+021
0.399017 1.10642e+021
0.405539 1.07615e+021
0.412054 1.04716e+021
0.41856 1.01939e+021
0.425059 9.92773e+020
0.43155 9.67254e+020
0.438033 9.42773e+020
0.444509 9.19278e+020
0.450976 8.9672e+020
0.457436 8.75052e+020
0.463889 8.5423e+020
0.470333 8.34213e+020
0.47677 8.14962e+020
0.483198 7.96442e+020
0.48962 7.78616e+020
0.496033 7.61454e+020
0.502439 7.44923e+020
0.508837 7.28996e+020
0.515228 7.13645e+020
0.52161 6.98844e+020
0.527985 6.84569e+020
0.534353 6.70796e+020
0.540713 6.57503e+020
0.547065 6.4467e+020
0.553409 6.32277e+020
0.559746 6.20306e+020
0.566076 6.08738e+020
0.572397 5.97557e+020
0.578711 5.86746e+020
0.585018 5.76292e+020
0.591317 5.66178e+020
0.597608 5.56392e+020
0.603892 5.4692e+020
0.610169 5.3775e+020
0.616437 5.2887e+020
0.622699 5.20269e+020
0.628952 5.11936e+020
0.635199 5.03861e+020
0.641437 4.96034e+020
0.647669 4.88445e+020
0.653892 4.81087e+020
0.660109 4.73949e+020
0.666318 4.67025e+020
0.672519 4.60305e+020
0.678713 4.53784e+020
0.684899 4.47454e+020
0.691078 4.41307e+020
0.69725 4.35338e+020
0.703414 4.2954e+020
0.709571 4.23907e+020
0.715721 4.18434e+020
0.721863 4.13115e+020
0.727997 4.07945e+020
0.734125 4.02919e+020
0.740245 3.98031e+020
0.746357 3.93278e+020
0.752463 3.88655e+020
0.758561 3.84157e+020
0.764651 3.7978e+020
0.770735 3.75522e+020
0.776811 3.71376e+020
0.782879 3.67341e+020
0.788941 3.63413e+020
0.794995 3.59588e+020
0.801042 3.55862e+020
0.807082 3.52234e+020
0.813114 3.48699e+020
0.819139 3.45255e+020
0.825157 3.41899e+020
0.831168 3.38629e+020
0.837171 3.35442e+020
0.843168 3.32335e+020
0.849157 3.29306e+020
0.855139 3.26353e+020
0.861113 3.23473e+020
0.867081 3.20664e+020
0.873041 3.17924e+020
0.878994 3.15252e+020
0.884941 3.12645e+020
0.890879 3.10101e+020
0.896811 3.07619e+020
0.902736 3.05197e+020
0.908654 3.02833e+020
0.914564 3.00525e+020
0.920467 2.98272e+020
0.926364 2.96072e+020
0.932253 2.93925e+020
0.938135 2.91828e+020
0.94401 2.8978e+020
0.949878 2.8778e+020
0.955739 2.85826e+020
0.961593 2.83917e+020
0.96744 2.82053e+020
0.97328 2.80231e+020
0.979113 2.78451e+020
0.984939 2.76712e+020
0.990758 2.75012e+020
0.996569 2.7335e+020
1.00237 2.71726e+020
1.00817 2.70139e+020
1.01396 2.68587e+020
1.01975 2.6707e+020
1.02552 2.65587e+020
1.03129 2.64136e+020
1.03706 2.62718e+020
1.04281 2.61331e+020
1.04856 2.59975e+020
1.05431 2.58648e+020
1.06004 2.5735e+020
1.06577 2.56081e+020
1.07149 2.54839e+020
1.07721 2.53624e+020
1.08292 2.52435e+020
1.08862 2.51272e+020
1.09431 2.50134e+020
1.1 2.4902e+020
1.10568 2.4793e+020
1.11135 2.46863e+020
1.11702 2.45819e+020
1.12268 2.44798e+020
1.12833 2.43797e+020
1.13398 2.42818e+020
1.13962 2.4186e+020
1.14525 2.40921e+020
1.15088 2.40002e+020
1.1565 2.39103e+020
1.16211 2.38222e+020
1.16772 2.37359e+020
1.17332 2.36515e+020
1.17891 2.35688e+020
1.1845 2.34878e+020
1.19008 2.34084e+020
1.19565 2.33307e+020
1.20122 2.32546e+020
1.20678 2.31801e+020
1.21233 2.31071e+020
1.21787 2.30355e+020
1.22341 2.29654e+020
1.22895 2.28968e+020
1.23447 2.28295e+020
1.23999 2.27636e+020
1.2455 2.26991e+020
1.25101 2.26358e+020
1.25651 2.25738e+020
1.262 2.25131e+020
1.26749 2.24536e+020
1.27297 2.23953e+020
1.27844 2.23381e+020
1.28391 2.22821e+020
1.28937 2.22272e+020
1.29482 2.21734e+020
1.30027 2.21207e+020
1.30571 2.2069e+020
1.31114 2.20183e+020
1.31657 2.19687e+020
1.32199 2.192e+020
1.3274 2.18723e+020
1.33281 2.18255e+020
1.33821 2.17796e+020
1.34361 2.17347e+020
1.349 2.16906e+020
1.35438 2.16474e+020
1.35975 2.1605e+020
1.36512 2.15629e+020
1.37049 2.15209e+020
1.37584 2.14788e+020
1.38119 2.14367e+020
1.38653 2.13947e+020
1.39187 2.13527e+020
1.3972 2.13106e+020
1.40253 2.12686e+020
1.40784 2.12266e+020
1.41315 2.11847e+020
1.41846 2.11427e+020
1.42376 2.11007e+020
1.42905 2.10588e+020
1.43434 2.10169e+020
1.43961 2.09749e+020
1.44489 2.0933e+020
1.45015 2.08911e+020
1.45542 2.08493e+020
1.46067 2.08074e+020
1.46592 2.07656e+020
1.47116 2.07237e+020
1.47639 2.06819e+020
1.48162 2.06401e+020
1.48685 2.05983e+020
1.49206 2.05565e+020
1.49727 2.05147e+020
1.50248 2.0473e+020
1.50767 2.04312e+020
1.51286 2.03895e+020
1.51805 2.03478e+020
1.52323 2.03061e+020
1.5284 2.02644e+020
1.53357 2.02227e+020
1.53873 2.01811e+020
1.54388 2.01394e+020
1.54903 2.00978e+020
1.55417 2.00562e+020
1.55931 2.00146e+020
1.56444 1.9973e+020
1.56956 1.99314e+020
1.57468 1.98898e+020
1.57979 1.98483e+020
1.58489 1.98068e+020
1.58999 1.97653e+020
1.59508 1.97238e+020
1.60017 1.96823e+020
1.60525 1.96408e+020
1.61033 1.95993e+020
1.61539 1.95579e+020
1.62046 1.95165e+020
1.62551 1.94751e+020
1.63056 1.94337e+020
1.63561 1.93923e+020
1.64064 1.93509e+020
1.64567 1.93096e+020
1.6507 1.92682e+020
1.65572 1.92269e+020
1.66073 1.91856e+020
1.66574 1.91443e+020
1.67074 1.9103e+020
1.67574 1.90618e+020
1.68073 1.90205e+020
1.68571 1.89793e+020
1.69069 1.89381e+020
1.69566 1.88969e+020
1.70063 1.88557e+020
1.70559 1.88145e+020
1.71054 1.87734e+020
1.71549 1.87323e+020
1.72043 1.86911e+020
1.72537 1.865e+020
1.7303 1.8609e+020
1.73522 1.85679e+020
1.74014 1.85268e+020
1.74505 1.84858e+020
1.74996 1.84448e+020
1.75486 1.84038e+020
1.75975 1.83628e+020
1.76464 1.83218e+020
1.76952 1.82809e+020
1.7744 1.82399e+020
1.77927 1.8199e+020
1.78414 1.81581e+020
1.789 1.81172e+020
1.79385 1.80763e+020
1.7987 1.80355e+020
1.80354 1.79946e+020
1.80838 1.79538e+020
1.81321 1.7913e+020
1.81803 1.78722e+020
1.82285 1.78315e+020
1.82766 1.77907e+020
1.83247 1.775e+020
1.83727 1.77093e+020
1.84207 1.76686e+020
1.84686 1.76279e+020
1.85164 1.75872e+020
1.85642 1.75466e+020
1.86119 1.75059e+020
1.86596 1.74653e+020
1.87072 1.74247e+020
1.87548 1.73841e+020
1.88023 1.73436e+020
1.88497 1.7303e+020
1.88971 1.72625e+020
1.89444 1.7222e+020
1.89917 1.71815e+020
1.90389 1.7141e+020
1.90861 1.71006e+020
1.91332 1.70601e+020
1.91802 1.70197e+020
1.92272 1.69793e+020
1.92741 1.69389e+020
1.9321 1.68985e+020
1.93678 1.68582e+020
1.94146 1.68179e+020
1.94613 1.67776e+020
1.95079 1.67373e+020
1.95545 1.6697e+020
1.96011 1.66567e+020
1.96476 1.66165e+020
1.9694 1.65763e+020
1.97404 1.65361e+020
1.97867 1.64959e+020
1.98329 1.64557e+020
1.98791 1.64156e+020
1.99253 1.63755e+020
1.99714 1.63353e+020
2.00174 1.62953e+020
2.00634 1.62552e+020
2.01093 1.62151e+020
2.01552 1.61751e+020
2.0201 1.61351e+020
2.02468 1.60951e+020
2.02925 1.60551e+020
2.03381 1.60151e+020
2.03837 1.59752e+020
2.04293 1.59353e+020
2.04748 1.58954e+020
2.05202 1.58555e+020
2.05656 1.58156e+020
2.06109 1.57758e+020
2.06562 1.5736e+020
2.07014 1.56962e+020
2.07465 1.56564e+020
2.07917 1.56166e+020
2.08367 1.55769e+020
2.08817 1.55371e+020
2.09267 1.54974e+020
2.09715 1.54577e+020
2.10164 1.54181e+020
2.10612 1.53784e+020
2.11059 1.53388e+020
2.11506 1.52992e+020
2.11952 1.52596e+020
2.12398 1.522e+020
2.12843 1.51805e+020
2.13287 1.51409e+020
2.13731 1.51014e+020
2.14175 1.50619e+020
2.14618 1.50225e+020
2.15061 1.4983e+020
2.15502 1.49436e+020
2.15944 1.49042e+020
2.16385 1.48648e+020
2.16825 1.48254e+020
2.17265 1.4786e+020
2.17704 1.47467e+020
2.18143 1.47074e+020
2.18581 1.46681e+020
2.19019 1.46288e+020
2.19456 1.45896e+020
2.19893 1.45504e+020
2.20329 1.45111e+020
2.20765 1.4472e+020
2.212 1.44328e+020
2.21634 1.43936e+020
2.22068 1.43545e+020
2.22502 1.43154e+020
2.22935 1.42763e+020
2.23368 1.42372e+020
2.238 1.41982e+020
2.24231 1.41592e+020
2.24662 1.41202e+020
2.25092 1.40812e+020
2.25522 1.40422e+020
2.25952 1.40033e+020
2.26381 1.39644e+020
2.26809 1.39255e+020
2.27237 1.38866e+020
2.27664 1.38477e+020
2.28091 1.38089e+020
2.28517 1.37701e+020
2.28943 1.37313e+020
2.29368 1.36925e+020
2.29793 1.36537e+020
2.30217 1.3615e+020
2.30641 1.35763e+020
2.31064 1.35376e+020
2.31487 1.34989e+020
2.31909 1.34603e+020
2.32331 1.34217e+020
2.32752 1.33831e+020
2.33173 1.33445e+020
2.33593 1.33059e+020
2.34013 1.32674e+020
2.34432 1.32288e+020
2.34851 1.31903e+020
2.35269 1.31519e+020
2.35687 1.31134e+020
2.36104 1.3075e+020
2.36521 1.30366e+020
2.36937 1.29982e+020
2.37353 1.29598e+020
2.37768 1.29215e+020
2.38182 1.28831e+020
2.38597 1.28448e+020
2.3901 1.28065e+020
2.39424 1.27683e+020
2.39836 1.273e+020
2.40249 1.26918e+020
2.4066 1.26536e+020
2.41071 1.26155e+020
2.41482 1.25773e+020
2.41892 1.25392e+020
2.42302 1.25011e+020
2.42711 1.2463e+020
2.4312 1.24249e+020
2.43528 1.23869e+020
2.43936 1.23489e+020
2.44344 1.23109e+020
2.4475 1.22729e+020
2.45157 1.22349e+020
2.45562 1.2197e+020
2.45968 1.21591e+020
2.46373 1.21212e+020
2.46777 1.20833e+020
2.47181 1.20455e+020
2.47584 1.20077e+020
2.47987 1.19699e+020
2.4839 1.19321e+020
2.48792 1.18943e+020
2.49193 1.18566e+020
2.49594 1.18189e+020
2.49995 1.17812e+020
2.50395 1.17435e+020
2.50794 1.17059e+020
2.51193 1.16683e+020
2.51592 1.16307e+020
2.5199 1.15931e+020
2.52387 1.15556e+020
2.52785 1.1518e+020
2.53181 1.14805e+020
2.53577 1.1443e+020
2.53973 1.14056e+020
2.54368 1.13682e+020
2.54763 1.13307e+020
2.55157 1.12933e+020
2.55551 1.1256e+020
2.55945 1.12186e+020
2.56338 1.11813e+020
2.5673 1.1144e+020
2.57122 1.11067e+020
2.57513 1.10695e+020
2.57904 1.10322e+020
2.58295 1.0995e+020
2.58685 1.09578e+020
2.59075 1.09207e+020
2.59464 1.08835e+020
2.59852 1.08464e+020
2.6024 1.08093e+020
2.60628 1.07723e+020
2.61015 1.07352e+020
2.61402 1.06982e+020
2.61789 1.06612e+020
2.62174 1.06242e+020
2.6256 1.05872e+020
2.62945 1.05503e+020
2.63329 1.05134e+020
2.63713 1.04765e+020
2.64097 1.04397e+020
2.6448 1.04028e+020
2.64862 1.0366e+020
2.65245 1.03292e+020
2.65626 1.02924e+020
2.66008 1.02557e+020
2.66388 1.0219e+020
2.66769 1.01823e+020
2.67149 1.01456e+020
2.67528 1.01089e+020
2.67907 1.00723e+020
2.68286 1.00357e+020
2.68664 9.99912e+019
2.69041 9.96256e+019
2.69418 9.92603e+019
2.69795 9.88952e+019
2.70171 9.85303e+019
2.70547 9.81657e+019
2.70922 9.78013e+019
2.71297 9.74371e+019
2.71672 9.70732e+019
2.72046 9.67095e+019
2.72419 9.6346e+019
2.72792 9.59828e+019
2.73165 9.56199e+019
2.73537 9.52571e+019
2.73909 9.48946e+019
2.7428 9.45324e+019
2.74651 9.41703e+019
2.75022 9.38086e+019
2.75392 9.3447e+019
2.75761 9.30857e+019
2.7613 9.27246e+019
2.76499 9.23638e+019
2.76867 9.20032e+019
2.77235 9.16429e+019
2.77602 9.12828e+019
2.77969 9.09229e+019
2.78336 9.05633e+019
2.78701 9.02039e+019
2.79067 8.98448e+019
2.79432 8.94859e+019
2.79797 8.91272e+019
2.80161 8.87688e+019
2.80525 8.84106e+019
2.80888 8.80527e+019
2.81251 8.7695e+019
2.81614 8.73375e+019
2.81976 8.69803e+019
2.82337 8.66234e+019
2.82699 8.62667e+019
2.83059 8.59102e+019
2.8342 8.5554e+019
2.8378 8.5198e+019
2.84139 8.48422e+019
2.84498 8.44867e+019
2.84857 8.41315e+019
2.85215 8.37765e+019
2.85573 8.34217e+019
2.8593 8.30672e+019
2.86287 8.27129e+019
2.86643 8.23589e+019
2.86999 8.20051e+019
2.87355 8.16515e+019
2.8771 8.12982e+019
2.88065 8.09452e+019
2.88419 8.05924e+019
2.88773 8.02398e+019
2.89126 7.98875e+019
2.89479 7.95355e+019
2.89832 7.91837e+019
2.90184 7.88321e+019
2.90536 7.84808e+019
2.90887 7.81297e+019
2.91238 7.77789e+019
2.91589 7.74283e+019
2.91939 7.7078e+019
2.92289 7.67279e+019
2.92638 7.63781e+019
2.92987 7.60285e+019
2.93335 7.56792e+019
2.93683 7.53301e+019
2.94031 7.49813e+019
2.94378 7.46327e+019
2.94725 7.42844e+019
2.95071 7.39363e+019
2.95417 7.35884e+019
2.95762 7.32409e+019
2.96107 7.28935e+019
2.96452 7.25465e+019
2.96796 7.21996e+019
2.9714 7.18531e+019
2.97483 7.15068e+019
2.97827 7.11607e+019
2.98169 7.08149e+019
2.98511 7.04693e+019
2.98853 7.0124e+019
2.99194 6.9779e+019
2.99535 6.94342e+019
2.99876 6.90896e+019
3.00216 6.87453e+019
3.00556 6.84013e+019
3.00895 6.80575e+019
3.01234 6.7714e+019
3.01573 6.73707e+019
3.01911 6.70277e+019
3.02248 6.6685e+019
3.02586 6.63425e+019
3.02923 6.60002e+019
3.03259 6.56582e+019
3.03595 6.53165e+019
3.03931 6.4975e+019
3.04266 6.46338e+019
3.04601 6.42929e+019
3.04935 6.39522e+019
3.05269 6.36118e+019
3.05603 6.32716e+019
3.05936 6.29317e+019
3.06269 6.25921e+019
3.06602 6.22527e+019
3.06934 6.19136e+019
3.07265 6.15747e+019
3.07597 6.12361e+019
3.07928 6.08978e+019
3.08258 6.05597e+019
3.08588 6.02219e+019
3.08918 5.98844e+019
3.09247 5.95471e+019
3.09576 5.92101e+019
3.09904 5.88734e+019
3.10233 5.85369e+019
3.1056 5.82008e+019
3.10888 5.78648e+019
3.11214 5.75292e+019
3.11541 5.71938e+019
3.11867 5.68587e+019
3.12193 5.65239e+019
3.12518 5.61893e+019
3.12843 5.5855e+019
3.13168 5.5521e+019
3.13492 5.51873e+019
3.13816 5.48539e+019
3.14139 5.45207e+019
3.14462 5.41878e+019
3.14785 5.38552e+019
3.15107 5.35228e+019
3.15429 5.31908e+019
3.1575 5.2859e+019
3.16071 5.25276e+019
3.16392 5.21964e+019
3.16712 5.18655e+019
3.17032 5.15348e+019
3.17352 5.12045e+019
3.17671 5.08745e+019
3.1799 5.05447e+019
3.18308 5.02153e+019
3.18626 4.98861e+019
3.18944 4.95573e+019
3.19261 4.92287e+019
3.19578 4.89004e+019
3.19895 4.85725e+019
3.20211 4.82448e+019
3.20526 4.79174e+019
3.20842 4.75904e+019
3.21157 4.72636e+019
3.21471 4.69372e+019
3.21785 4.6611e+019
3.22099 4.62852e+019
3.22413 4.59597e+019
3.22726 4.56345e+019
3.23039 4.53096e+019
3.23351 4.49851e+019
3.23663 4.46608e+019
3.23974 4.43369e+019
3.24286 4.40133e+019
3.24596 4.369e+019
3.24907 4.33671e+019
3.25217 4.30444e+019
3.25527 4.27221e+019
3.25836 4.24002e+019
3.26145 4.20785e+019
3.26454 4.17573e+019
3.26762 4.14363e+019
3.2707 4.11157e+019
3.27377 4.07954e+019
3.27684 4.04755e+019
3.27991 4.01559e+019
3.28298 3.98367e+019
3.28604 3.95178e+019
3.28909 3.91993e+019
3.29214 3.88811e+019
3.29519 3.85633e+019
3.29824 3.82459e+019
3.30128 3.79288e+019
3.30432 3.76121e+019
3.30735 3.72957e+019
3.31039 3.69798e+019
3.31341 3.66642e+019
3.31644 3.6349e+019
3.31946 3.60341e+019
3.32247 3.57197e+019
3.32549 3.54056e+019
3.32849 3.5092e+019
3.3315 3.47787e+019
3.3345 3.44658e+019
3.3375 3.41533e+019
3.3405 3.38413e+019
3.34349 3.35296e+019
3.34647 3.32184e+019
3.34946 3.29076e+019
3.35244 3.25972e+019
3.35541 3.22872e+019
3.35839 3.19777e+019
3.36136 3.16686e+019
3.36432 3.13599e+019
3.36729 3.10517e+019
3.37025 3.0744e+019
3.3732 3.04367e+019
3.37615 3.01299e+019
3.3791 2.98235e+019
3.38205 2.95177e+019
3.38499 2.92123e+019
3.38792 2.89074e+019
3.39086 2.8603e+019
3.39379 2.82991e+019
3.39672 2.79958e+019
3.39964 2.7693e+019
3.40256 2.73907e+019
3.40548 2.70889e+019
3.40839 2.67878e+019
3.4113 2.64871e+019
3.41421 2.61871e+019
3.41711 2.58876e+019
3.42001 2.55888e+019
3.4229 2.52905e+019
3.4258 2.49929e+019
3.42868 2.46959e+019
3.43157 2.43996e+019
3.43445 2.41039e+019
3.43733 2.38089e+019
3.44021 2.35147e+019
3.44308 2.32211e+019
3.44594 2.29282e+019
3.44881 2.26362e+019
3.45167 2.23448e+019
3.45453 2.20543e+019
3.45738 2.17645e+019
3.46023 2.14756e+019
3.46308 2.11876e+019
3.46592 2.09004e+019
3.46877 2.06141e+019
3.4716 2.03287e+019
3.47444 2.00442e+019
3.47727 1.97608e+019
3.48009 1.94783e+019
3.48292 1.91968e+019
3.48574 1.89164e+019
3.48855 1.8637e+019
3.49137 1.83588e+019
3.49418 1.80817e+019
3.49698 1.78057e+019
3.49979 1.7531e+019
3.50259 1.72575e+019
3.50538 1.69852e+019
3.50818 1.67143e+019
3.51097 1.64447e+019
3.51375 1.61764e+019
3.51654 1.59096e+019
3.51932 1.56442e+019
3.52209 1.53803e+019
3.52487 1.5118e+019
3.52764 1.48572e+019
3.5304 1.4598e+019
3.53317 1.43404e+019
3.53593 1.40846e+019
3.53868 1.38305e+019
3.54143 1.35781e+019
3.54418 1.33276e+019
3.54693 1.3079e+019
3.54967 1.28322e+019
3.55241 1.25874e+019
3.55515 1.23446e+019
3.55789 1.21039e+019
3.56062 1.18652e+019
3.56334 1.16287e+019
3.56607 1.13944e+019
3.56879 1.11622e+019
3.5715 1.09324e+019
3.57422 1.07048e+019
3.57693 1.04796e+019
3.57963 1.02568e+019
3.58234 1.00364e+019
3.58504 9.81849e+018
3.58774 9.6031e+018
3.59043 9.39026e+018
3.59312 9.18002e+018
3.59581 8.97241e+018
3.5985 8.76746e+018
3.60118 8.56521e+018
3.60386 8.36569e+018
3.60653 8.16893e+018
3.6092 7.97496e+018
3.61187 7.78381e+018
3.61454 7.5955e+018
3.6172 7.41005e+018
3.61986 7.2275e+018
3.62251 7.04785e+018
3.62517 6.87113e+018
3.62781 6.69735e+018
3.63046 6.52652e+018
3.6331 6.35865e+018
3.63574 6.19376e+018
3.63838 6.03185e+018
3.64101 5.87292e+018
3.64364 5.71698e+018
3.64627 5.56402e+018
3.6489 5.41404e+018
3.65152 5.26704e+018
3.65413 5.123e+018
3.65675 4.98193e+018
3.65936 4.8438e+018
3.66197 4.70861e+018
3.66457 4.57633e+018
3.66718 4.44695e+018
3.66978 4.32044e+018
3.67237 4.1968e+018
3.67496 4.07598e+018
3.67755 3.95797e+018
3.68014 3.84274e+018
3.68272 3.73026e+018
3.6853 3.62049e+018
3.68788 3.51341e+018
3.69046 3.40898e+018
3.69303 3.30717e+018
3.69559 3.20794e+018
3.69816 3.11125e+018
3.70072 3.01707e+018
3.70328 2.92535e+018
3.70584 2.83605e+018
3.70839 2.74914e+018
3.71094 2.66458e+018
3.71348 2.58231e+018
3.71603 2.5023e+018
3.71857 2.42451e+018
3.7211 2.34888e+018
3.72364 2.27539e+018
3.72617 2.20398e+018
3.7287 2.1346e+018
3.73122 2.06723e+018
3.73375 2.00181e+018
3.73626 1.93829e+018
3.73878 1.87664e+018
3.74129 1.81681e+018
3.7438 1.75876e+018
3.74631 1.70244e+018
3.74881 1.64782e+018
3.75132 1.59484e+018
3.75381 1.54348e+018
3.75631 1.49368e+018
3.7588 1.44541e+018
3.76129 1.39863e+018
3.76378 1.35329e+018
3.76626 1.30937e+018
3.76874 1.26681e+018
3.77122 1.22559e+018
3.77369 1.18566e+018
3.77616 1.14699e+018
3.77863 1.10954e+018
3.78109 1.07328e+018
3.78356 1.03818e+018
3.78602 1.0042e+018
3.78847 9.71307e+017
3.79093 9.39469e+017
3.79338 9.08656e+017
3.79582 8.78837e+017
3.79827 8.49983e+017
3.80071 8.22064e+017
3.80315 7.95051e+017
3.80558 7.68917e+017
3.80802 7.43635e+017
3.81045 7.19179e+017
3.81287 6.95522e+017
3.8153 6.7264e+017
3.81772 6.50509e+017
3.82014 6.29104e+017
3.82255 6.08404e+017
3.82496 5.88385e+017
3.82737 5.69026e+017
3.82978 5.50306e+017
3.83218 5.32203e+017
3.83459 5.147e+017
3.83698 4.97775e+017
3.83938 4.81411e+017
3.84177 4.65588e+017
3.84416 4.5029e+017
3.84655 4.355e+017
3.84893 4.212e+017
3.85131 4.07375e+017
3.85369 3.94009e+017
3.85606 3.81087e+017
3.85844 3.68595e+017
3.86081 3.56517e+017
3.86317 3.44841e+017
3.86554 3.33554e+017
3.8679 3.22641e+017
3.87026 3.12092e+017
3.87261 3.01893e+017
3.87496 2.92033e+017
3.87731 2.82501e+017
3.87966 2.73286e+017
3.882 2.64377e+017
3.88434 2.55765e+017
3.88668 2.47438e+017
3.88902 2.39388e+017
3.89135 2.31606e+017
3.89368 2.24081e+017
3.89601 2.16807e+017
3.89833 2.09774e+017
3.90065 2.02974e+017
3.90297 1.96399e+017
3.90529 1.90042e+017
3.9076 1.83896e+017
3.90991 1.77954e+017
3.91222 1.72208e+017
3.91452 1.66652e+017
3.91683 1.61279e+017
3.91913 1.56085e+017
3.92142 1.51061e+017
3.92372 1.46204e+017
3.92601 1.41506e+017
3.92829 1.36964e+017
3.93058 1.32571e+017
3.93286 1.28323e+017
3.93514 1.24214e+017
3.93742 1.20241e+017
3.93969 1.16398e+017
3.94197 1.12681e+017
3.94424 1.09086e+017
3.9465 1.05609e+017
3.94877 1.02246e+017
3.95103 9.89929e+016
3.95328 9.58463e+016
3.95554 9.28024e+016
3.95779 8.9858e+016
3.96004 8.70097e+016
3.96229 8.42542e+016
3.96454 8.15885e+016
3.96678 7.90096e+016
3.96902 7.65145e+016
3.97125 7.41005e+016
3.97349 7.1765e+016
3.97572 6.95051e+016
3.97795 6.73186e+016
3.98017 6.52029e+016
3.9824 6.31556e+016
3.98462 6.11745e+016
3.98683 5.92575e+016
3.98905 5.74023e+016
3.99126 5.56069e+016
3.99347 5.38694e+016
3.99568 5.21878e+016
3.99788 5.05604e+016
4.00009 4.89852e+016
4.00229 4.74605e+016
4.00448 4.59848e+016
4.00668 4.45564e+016
4.00887 4.31737e+016
4.01106 4.18353e+016
4.01324 4.05396e+016
4.01543 3.92853e+016
4.01761 3.8071e+016
4.01979 3.68954e+016
4.02196 3.57572e+016
4.02413 3.46553e+016
4.02631 3.35883e+016
4.02847 3.25553e+016
4.03064 3.1555e+016
4.0328 3.05864e+016
4.03496 2.96485e+016
4.03712 2.87402e+016
4.03927 2.78607e+016
4.04143 2.70089e+016
4.04358 2.6184e+016
4.04572 2.53851e+016
4.04787 2.46114e+016
4.05001 2.38619e+016
4.05215 2.31361e+016
4.05429 2.2433e+016
4.05642 2.1752e+016
4.05855 2.10923e+016
4.06068 2.04532e+016
4.06281 1.98342e+016
4.06493 1.92345e+016
4.06705 1.86535e+016
4.06917 1.80906e+016
4.07129 1.75452e+016
4.0734 1.70169e+016
4.07551 1.65049e+016
4.07762 1.60089e+016
4.07973 1.55282e+016
4.08183 1.50625e+016
4.08393 1.46112e+016
4.08603 1.41738e+016
4.08813 1.375e+016
4.09022 1.33392e+016
4.09231 1.29411e+016
4.0944 1.25553e+016
4.09649 1.21814e+016
4.09857 1.1819e+016
4.10065 1.14677e+016
4.10273 1.11272e+016
4.10481 1.07972e+016
4.10688 1.04772e+016
4.10895 1.01671e+016
4.11102 9.86641e+015
4.11309 9.57494e+015
4.11515 9.29236e+015
4.11721 9.0184e+015
4.11927 8.75279e+015
4.12133 8.49526e+015
4.12338 8.24556e+015
4.12543 8.00345e+015
4.12748 7.76868e+015
4.12953 7.54103e+015
4.13157 7.32028e+015
4.13361 7.1062e+015
4.13565 6.8986e+015
4.13769 6.69726e+015
4.13972 6.502e+015
4.14175 6.31262e+015
4.14378 6.12895e+015
4.14581 5.9508e+015
4.14783 5.77801e+015
4.14986 5.6104e+015
4.15188 5.44782e+015
4.15389 5.29011e+015
4.15591 5.13712e+015
4.15792 4.98871e+015
4.15993 4.84473e+015
4.16194 4.70505e+015
4.16394 4.56953e+015
4.16594 4.43805e+015
4.16794 4.31049e+015
4.16994 4.18671e+015
4.17194 4.06661e+015
4.17393 3.95008e+015
4.17592 3.837e+015
4.17791 3.72727e+015
4.1799 3.62078e+015
4.18188 3.51745e+015
4.18386 3.41716e+015
4.18584 3.31983e+015
4.18782 3.22537e+015
4.18979 3.13369e+015
4.19176 3.04471e+015
4.19373 2.95834e+015
4.1957 2.87451e+015
4.19766 2.79314e+015
4.19962 2.71415e+015
4.20158 2.63747e+015
4.20354 2.56303e+015
4.2055 2.49077e+015
4.20745 2.42062e+015
4.2094 2.35251e+015
4.21135 2.28639e+015
4.21329 2.22219e+015
4.21524 2.15986e+015
4.21718 2.09933e+015
4.21912 2.04057e+015
4.22105 1.9835e+015
4.22299 1.92809e+015
4.22492 1.87428e+015
4.22685 1.82203e+015
4.22878 1.77129e+015
4.2307 1.72201e+015
4.23262 1.67414e+015
4.23454 1.62766e+015
4.23646 1.58251e+015
4.23838 1.53866e+015
4.24029 1.49607e+015
4.2422 1.4547e+015
4.24411 1.41452e+015
4.24602 1.37548e+015
4.24792 1.33757e+015
4.24982 1.30073e+015
4.25172 1.26495e+015
4.25362 1.23018e+015
4.25551 1.19641e+015
4.25741 1.16359e+015
4.2593 1.13171e+015
4.26118 1.10074e+015
4.26307 1.07064e+015
4.26495 1.0414e+015
4.26684 1.01298e+015
4.26871 9.85367e+014
4.27059 9.58534e+014
4.27247 9.32459e+014
4.27434 9.0712e+014
4.27621 8.82494e+014
4.27808 8.58562e+014
4.27994 8.35302e+014
4.28181 8.12696e+014
4.28367 7.90724e+014
4.28553 7.69368e+014
4.28738 7.4861e+014
4.28924 7.28433e+014
4.29109 7.0882e+014
4.29294 6.89755e+014
4.29479 6.71221e+014
4.29663 6.53205e+014
4.29848 6.35689e+014
4.30032 6.18661e+014
4.30216 6.02106e+014
4.30399 5.86011e+014
4.30583 5.70362e+014
4.30766 5.55147e+014
4.30949 5.40353e+014
4.31132 5.25967e+014
4.31314 5.1198e+014
4.31497 4.98378e+014
4.31679 4.85151e+014
4.31861 4.72289e+014
4.32042 4.5978e+014
4.32224 4.47616e+014
4.32405 4.35785e+014
4.32586 4.24279e+014
4.32767 4.13089e+014
4.32948 4.02204e+014
4.33128 3.91618e+014
4.33308 3.81321e+014
4.33488 3.71305e+014
4.33668 3.61562e+014
4.33847 3.52084e+014
4.34027 3.42865e+014
4.34206 3.33896e+014
4.34385 3.25171e+014
4.34563 3.16683e+014
4.34742 3.08424e+014
4.3492 3.0039e+014
4.35098 2.92573e+014
4.35276 2.84967e+014
4.35453 2.77567e+014
4.35631 2.70366e+014
4.35808 2.63359e+014
4.35985 2.56541e+014
4.36162 2.49907e+014
4.36338 2.4345e+014
4.36515 2.37167e+014
4.36691 2.31053e+014
4.36867 2.25102e+014
4.37042 2.19311e+014
4.37218 2.13674e+014
4.37393 2.08189e+014
4.37568 2.02849e+014
4.37743 1.97652e+014
4.37918 1.92593e+014
4.38092 1.87669e+014
4.38266 1.82876e+014
4.3844 1.7821e+014
4.38614 1.73668e+014
4.38788 1.69246e+014
4.38961 1.64941e+014
4.39134 1.6075e+014
4.39307 1.5667e+014
4.3948 1.52698e+014
4.39652 1.4883e+014
4.39825 1.45064e+014
4.39997 1.41398e+014
4.40169 1.37827e+014
4.40341 1.34351e+014
4.40512 1.30966e+014
4.40683 1.27669e+014
4.40854 1.24459e+014
4.41025 1.21333e+014
4.41196 1.18288e+014
4.41367 1.15323e+014
4.41537 1.12436e+014
4.41707 1.09623e+014
4.41877 1.06884e+014
4.42046 1.04216e+014
4.42216 1.01618e+014
4.42385 9.90865e+013
4.42554 9.6621e+013
4.42723 9.42194e+013
4.42892 9.18799e+013
4.4306 8.96008e+013
4.43228 8.73807e+013
4.43397 8.52178e+013
4.43564 8.31107e+013
4.43732 8.10578e+013
4.43899 7.90578e+013
4.44067 7.71091e+013
4.44234 7.52105e+013
4.44401 7.33605e+013
4.44567 7.1558e+013
4.44734 6.98016e+013
4.449 6.80901e+013
4.45066 6.64223e+013
4.45232 6.47971e+013
4.45397 6.32134e+013
4.45563 6.16699e+013
4.45728 6.01658e+013
4.45893 5.86998e+013
4.46058 5.72711e+013
4.46223 5.58787e+013
4.46387 5.45215e+013
4.46551 5.31987e+013
4.46715 5.19093e+013
4.46879 5.06525e+013
4.47043 4.94274e+013
4.47206 4.82333e+013
4.4737 4.70692e+013
4.47533 4.59344e+013
4.47696 4.48281e+013
4.47858 4.37496e+013
4.48021 4.26982e+013
4.48183 4.16731e+013
4.48345 4.06737e+013
4.48507 3.96993e+013
4.48669 3.87492e+013
4.4883 3.78229e+013
4.48992 3.69197e+013
4.49153 3.60389e+013
4.49314 3.51801e+013
4.49475 3.43426e+013
4.49635 3.3526e+013
4.49795 3.27296e+013
4.49956 3.19529e+013
4.50116 3.11955e+013
4.50275 3.04568e+013
4.50435 2.97364e+013
4.50594 2.90338e+013
4.50754 2.83485e+013
4.50913 2.768e+013
4.51071 2.70281e+013
4.5123 2.63921e+013
4.51389 2.57718e+013
4.51547 2.51667e+013
4.51705 2.45765e+013
4.51863 2.40007e+013
4.5202 2.34389e+013
4.52178 2.2891e+013
4.52335 2.23564e+013
4.52492 2.18348e+013
4.52649 2.1326e+013
4.52806 2.08295e+013
4.52963 2.03451e+013
4.53119 1.98725e+013
4.53275 1.94113e+013
4.53431 1.89614e+013
4.53587 1.85223e+013
4.53742 1.80938e+013
4.53898 1.76757e+013
4.54053 1.72678e+013
4.54208 1.68696e+013
4.54363 1.64811e+013
4.54518 1.61018e+013
4.54672 1.57318e+013
4.54827 1.53706e+013
4.54981 1.50181e+013
4.55135 1.4674e+013
4.55288 1.43382e+013
4.55442 1.40104e+013
4.55595 1.36904e+013
4.55749 1.33781e+013
4.55902 1.30733e+013
4.56054 1.27757e+013
4.56207 1.24852e+013
4.5636 1.22016e+013
4.56512 1.19247e+013
4.56664 1.16544e+013
4.56816 1.13905e+013
4.56968 1.11329e+013
4.57119 1.08814e+013
4.57271 1.06358e+013
4.57422 1.0396e+013
4.57573 1.01619e+013
4.57724 9.93326e+012
4.57874 9.71003e+012
4.58025 9.49205e+012
4.58175 9.2792e+012
4.58325 9.07134e+012
4.58475 8.86835e+012
4.58625 8.67013e+012
4.58774 8.47654e+012
4.58924 8.28747e+012
4.59073 8.10282e+012
4.59222 7.92248e+012
4.59371 7.74635e+012
4.59519 7.57431e+012
4.59668 7.40628e+012
4.59816 7.24215e+012
4.59964 7.08183e+012
4.60112 6.92522e+012
4.6026 6.77225e+012
4.60408 6.62282e+012
4.60555 6.47684e+012
4.60702 6.33423e+012
4.6085 6.19491e+012
4.60996 6.0588e+012
4.61143 5.92583e+012
4.6129 5.79592e+012
4.61436 5.66899e+012
4.61582 5.54497e+012
4.61728 5.4238e+012
4.61874 5.3054e+012
4.6202 5.18972e+012
4.62165 5.07667e+012
4.62311 4.96621e+012
4.62456 4.85827e+012
4.62601 4.75279e+012
4.62745 4.64972e+012
4.6289 4.54898e+012
4.63035 4.45054e+012
4.63179 4.35433e+012
4.63323 4.2603e+012
4.63467 4.1684e+012
4.63611 4.07858e+012
4.63754 3.99079e+012
4.63898 3.90498e+012
4.64041 3.82111e+012
4.64184 3.73913e+012
4.64327 3.659e+012
4.64469 3.58067e+012
4.64612 3.50409e+012
4.64754 3.42924e+012
4.64897 3.35606e+012
4.65039 3.28453e+012
4.65181 3.21459e+012
4.65322 3.14622e+012
4.65464 3.07938e+012
4.65605 3.01402e+012
4.65746 2.95012e+012
4.65887 2.88765e+012
4.66028 2.82656e+012
4.66169 2.76683e+012
4.66309 2.70843e+012
4.6645 2.65132e+012
4.6659 2.59548e+012
4.6673 2.54087e+012
4.6687 2.48747e+012
4.67009 2.43525e+012
4.67149 2.38418e+012
4.67288 2.33423e+012
4.67427 2.28539e+012
4.67566 2.23762e+012
4.67705 2.1909e+012
4.67844 2.1452e+012
4.67982 2.10051e+012
4.68121 2.05679e+012
4.68259 2.01403e+012
4.68397 1.97221e+012
4.68535 1.9313e+012
4.68672 1.89128e+012
4.6881 1.85213e+012
4.68947 1.81383e+012
4.69084 1.77637e+012
4.69221 1.73972e+012
4.69358 1.70387e+012
4.69495 1.66879e+012
4.69631 1.63448e+012
4.69768 1.6009e+012
4.69904 1.56805e+012
4.7004 1.53591e+012
4.70176 1.50447e+012
4.70312 1.4737e+012
4.70447 1.44359e+012
4.70583 1.41413e+012
4.70718 1.3853e+012
4.70853 1.3571e+012
4.70988 1.32949e+012
4.71122 1.30248e+012
4.71257 1.27604e+012
4.71391 1.25017e+012
4.71526 1.22486e+012
4.7166 1.20008e+012
4.71794 1.17583e+012
4.71927 1.15209e+012
4.72061 1.12886e+012
4.72194 1.10613e+012
4.72328 1.08387e+012
4.72461 1.06209e+012
4.72594 1.04077e+012
4.72727 1.0199e+012
4.72859 9.99468e+011
4.72992 9.7947e+011
4.73124 9.59893e+011
4.73256 9.40728e+011
4.73388 9.21967e+011
4.7352 9.036e+011
4.73652 8.85618e+011
4.73783 8.68014e+011
4.73915 8.50779e+011
4.74046 8.33904e+011
4.74177 8.17383e+011
4.74308 8.01206e+011
4.74439 7.85367e+011
4.74569 7.69858e+011
4.747 7.54672e+011
4.7483 7.39802e+011
4.7496 7.25241e+011
4.7509 7.10982e+011
4.7522 6.97019e+011
4.75349 6.83345e+011
4.75479 6.69954e+011
4.75608 6.5684e+011
4.75737 6.43997e+011
4.75866 6.31419e+011
4.75995 6.191e+011
4.76124 6.07035e+011
4.76252 5.95217e+011
4.76381 5.83643e+011
4.76509 5.72306e+011
4.76637 5.61202e+011
4.76765 5.50325e+011
4.76893 5.39671e+011
4.77021 5.29234e+011
4.77148 5.19011e+011
4.77275 5.08996e+011
4.77403 4.99185e+011
4.7753 4.89574e+011
4.77657 4.80158e+011
4.77783 4.70933e+011
4.7791 4.61896e+011
4.78036 4.53042e+011
4.78162 4.44367e+011
4.78289 4.35868e+011
4.78415 4.2754e+011
4.7854 4.19381e+011
4.78666 4.11386e+011
4.78792 4.03552e+011
4.78917 3.95876e+011
4.79042 3.88354e+011
4.79167 3.80984e+011
4.79292 3.73761e+011
4.79417 3.66683e+011
4.79541 3.59746e+011
4.79666 3.52949e+011
4.7979 3.46287e+011
4.79914 3.39758e+011
4.80038 3.33359e+011
4.80162 3.27088e+011
4.80286 3.20941e+011
4.80409 3.14917e+011
4.80533 3.09012e+011
4.80656 3.03225e+011
4.80779 2.97552e+011
4.80902 2.91991e+011
4.81025 2.86541e+011
4.81148 2.81198e+011
4.8127 2.7596e+011
4.81393 2.70826e+011
4.81515 2.65793e+011
4.81637 2.60859e+011
4.81759 2.56021e+011
4.81881 2.51279e+011
4.82002 2.4663e+011
4.82124 2.42072e+011
4.82245 2.37603e+011
4.82366 2.33221e+011
4.82488 2.28925e+011
4.82608 2.24713e+011
4.82729 2.20583e+011
4.8285 2.16533e+011
4.8297 2.12562e+011
4.83091 2.08668e+011
4.83211 2.0485e+011
4.83331 2.01106e+011
4.83451 1.97434e+011
4.83571 1.93833e+011
4.8369 1.90302e+011
4.8381 1.86839e+011
4.83929 1.83443e+011
4.84048 1.80113e+011
4.84167 1.76846e+011
4.84286 1.73642e+011
4.84405 1.705e+011
4.84524 1.67418e+011
4.84642 1.64395e+011
4.8476 1.6143e+011
4.84879 1.58522e+011
4.84997 1.55669e+011
4.85115 1.52871e+011
4.85232 1.50126e+011
4.8535 1.47434e+011
4.85467 1.44792e+011
4.85585 1.42201e+011
4.85702 1.39659e+011
4.85819 1.37165e+011
4.85936 1.34719e+011
4.86053 1.32319e+011
4.86169 1.29964e+011
4.86286 1.27654e+011
4.86402 1.25387e+011
4.86518 1.23163e+011
4.86635 1.20981e+011
4.8675 1.1884e+011
4.86866 1.16739e+011
4.86982 1.14678e+011
4.87097 1.12655e+011
4.87213 1.1067e+011
4.87328 1.08722e+011
4.87443 1.06811e+011
4.87558 1.04935e+011
4.87673 1.03095e+011
4.87788 1.01289e+011
4.87902 9.95159e+010
4.88017 9.77762e+010
4.88131 9.60689e+010
4.88245 9.43932e+010
4.88359 9.27486e+010
4.88473 9.11344e+010
4.88587 8.95501e+010
4.887 8.79951e+010
4.88814 8.64688e+010
4.88927 8.49706e+010
4.8904 8.35001e+010
4.89153 8.20566e+010
4.89266 8.06396e+010
4.89379 7.92487e+010
4.89492 7.78833e+010
4.89604 7.65429e+010
4.89717 7.52271e+010
4.89829 7.39353e+010
4.89941 7.26672e+010
4.90053 7.14221e+010
4.90165 7.01998e+010
4.90276 6.89997e+010
4.90388 6.78215e+010
4.90499 6.66647e+010
4.90611 6.55289e+010
4.90722 6.44137e+010
4.90833 6.33187e+010
4.90944 6.22435e+010
4.91055 6.11878e+010
4.91165 6.01511e+010
4.91276 5.91331e+010
4.91386 5.81335e+010
4.91496 5.71519e+010
4.91607 5.6188e+010
4.91717 5.52413e+010
4.91826 5.43117e+010
4.91936 5.33987e+010
4.92046 5.25021e+010
4.92155 5.16215e+010
4.92264 5.07566e+010
4.92374 4.99072e+010
4.92483 4.9073e+010
4.92592 4.82536e+010
4.927 4.74488e+010
4.92809 4.66583e+010
4.92918 4.58819e+010
4.93026 4.51192e+010
4.93134 4.43701e+010
4.93242 4.36342e+010
4.9335 4.29113e+010
4.93458 4.22012e+010
4.93566 4.15037e+010
4.93674 4.08184e+010
4.93781 4.01453e+010
4.93888 3.94839e+010
4.93996 3.88342e+010
4.94103 3.81959e+010
4.9421 3.75688e+010
4.94317 3.69527e+010
4.94423 3.63473e+010
4.9453 3.57526e+010
4.94636 3.51682e+010
4.94743 3.45941e+010
4.94849 3.40299e+010
4.94955 3.34756e+010
4.95061 3.29309e+010
4.95167 3.23957e+010
4.95273 3.18698e+010
4.95378 3.1353e+010
4.95484 3.08451e+010
4.95589 3.0346e+010
4.95694 2.98556e+010
4.95799 2.93736e+010
4.95904 2.89e+010
4.96009 2.84345e+010
4.96114 2.7977e+010
4.96218 2.75274e+010
4.96323 2.70855e+010
4.96427 2.66512e+010
4.96531 2.62243e+010
4.96635 2.58048e+010
4.96739 2.53924e+010
4.96843 2.49871e+010
4.96947 2.45887e+010
4.9705 2.41971e+010
4.97154 2.38121e+010
4.97257 2.34338e+010
4.9736 2.30618e+010
4.97463 2.26962e+010
4.97566 2.23367e+010
4.97669 2.19834e+010
4.97772 2.1636e+010
4.97874 2.12945e+010
4.97977 2.09588e+010
4.98079 2.06288e+010
4.98181 2.03043e+010
4.98283 1.99852e+010
4.98385 1.96716e+010
4.98487 1.93632e+010
4.98589 1.906e+010
4.9869 1.87619e+010
4.98792 1.84687e+010
4.98893 1.81805e+010
4.98994 1.78971e+010
4.99095 1.76184e+010
4.99196 1.73444e+010
4.99297 1.70749e+010
4.99398 1.681e+010
4.99499 1.65494e+010
4.99599 1.62932e+010
4.997 1.60412e+010
4.998 1.57934e+010
4.999 1.55497e+010
5 1.531e+010
5.001 1.50741e+010
5.002 1.48416e+010
5.003 1.46126e+010
5.004 1.4387e+010
5.00501 1.41646e+010
5.00601 1.39456e+010
5.00701 1.37298e+010
5.00802 1.35171e+010
5.00902 1.33076e+010
5.01003 1.31012e+010
5.01104 1.28979e+010
5.01204 1.26976e+010
5.01305 1.25002e+010
5.01406 1.23058e+010
5.01507 1.21142e+010
5.01608 1.19255e+010
5.01709 1.17396e+010
5.0181 1.15565e+010
5.01911 1.13761e+010
5.02012 1.11984e+010
5.02114 1.10233e+010
5.02215 1.08508e+010
5.02317 1.0681e+010
5.02418 1.05136e+010
5.0252 1.03488e+010
5.02621 1.01864e+010
5.02723 1.00265e+010
5.02825 9.86894e+009
5.02927 9.71376e+009
5.03029 9.56091e+009
5.03131 9.41036e+009
5.03233 9.26207e+009
5.03335 9.11602e+009
5.03437 8.97216e+009
5.03539 8.83047e+009
5.03642 8.69092e+009
5.03744 8.55347e+009
5.03847 8.4181e+009
5.03949 8.28478e+009
5.04052 8.15347e+009
5.04155 8.02415e+009
5.04257 7.89679e+009
5.0436 7.77136e+009
5.04463 7.64783e+009
5.04566 7.52618e+009
5.04669 7.40638e+009
5.04772 7.2884e+009
5.04875 7.17222e+009
5.04979 7.0578e+009
5.05082 6.94513e+009
5.05185 6.83418e+009
5.05289 6.72492e+009
5.05392 6.61733e+009
5.05496 6.51138e+009
5.05599 6.40706e+009
5.05703 6.30433e+009
5.05807 6.20318e+009
5.05911 6.10358e+009
5.06015 6.0055e+009
5.06119 5.90893e+009
5.06223 5.81385e+009
5.06327 5.72023e+009
5.06431 5.62805e+009
5.06535 5.53729e+009
5.0664 5.44793e+009
5.06744 5.35995e+009
5.06849 5.27332e+009
5.06953 5.18804e+009
5.07058 5.10407e+009
5.07163 5.02141e+009
5.07267 4.94002e+009
5.07372 4.85989e+009
5.07477 4.78101e+009
5.07582 4.70335e+009
5.07687 4.6269e+009
5.07792 4.55163e+009
5.07897 4.47754e+009
5.08003 4.4046e+009
5.08108 4.3328e+009
5.08213 4.26211e+009
5.08319 4.19253e+009
5.08424 4.12404e+009
5.0853 4.05661e+009
5.08636 3.99024e+009
5.08741 3.92491e+009
5.08847 3.8606e+009
5.08953 3.7973e+009
5.09059 3.735e+009
5.09165 3.67367e+009
5.09271 3.6133e+009
5.09377 3.55389e+009
5.09484 3.49541e+009
5.0959 3.43784e+009
5.09696 3.38119e+009
5.09803 3.32543e+009
5.09909 3.27055e+009
5.10016 3.21654e+009
5.10122 3.16338e+009
5.10229 3.11106e+009
5.10336 3.05957e+009
5.10443 3.00889e+009
5.1055 2.95902e+009
5.10657 2.90994e+009
5.10764 2.86164e+009
5.10871 2.8141e+009
5.10978 2.76732e+009
5.11086 2.72129e+009
5.11193 2.67599e+009
5.113 2.63141e+009
5.11408 2.58754e+009
5.11516 2.54437e+009
5.11623 2.5019e+009
5.11731 2.4601e+009
5.11839 2.41897e+009
5.11947 2.37849e+009
5.12055 2.33867e+009
5.12163 2.29949e+009
5.12271 2.26093e+009
5.12379 2.22299e+009
5.12487 2.18566e+009
5.12596 2.14894e+009
5.12704 2.1128e+009
5.12812 2.07725e+009
5.12921 2.04226e+009
5.13029 2.00785e+009
5.13138 1.97399e+009
5.13247 1.94067e+009
5.13356 1.9079e+009
5.13465 1.87565e+009
5.13574 1.84393e+009
5.13683 1.81272e+009
5.13792 1.78201e+009
5.13901 1.75181e+009
5.1401 1.7221e+009
5.1412 1.69286e+009
5.14229 1.66411e+009
5.14338 1.63582e+009
5.14448 1.60799e+009
5.14558 1.58062e+009
5.14667 1.55369e+009
5.14777 1.5272e+009
5.14887 1.50115e+009
5.14997 1.47552e+009
5.15107 1.45031e+009
5.15217 1.42552e+009
5.15327 1.40113e+009
5.15437 1.37714e+009
5.15547 1.35354e+009
5.15658 1.33033e+009
5.15768 1.3075e+009
5.15879 1.28505e+009
5.15989 1.26297e+009
5.161 1.24125e+009
5.16211 1.21989e+009
5.16322 1.19888e+009
5.16432 1.17822e+009
5.16543 1.1579e+009
5.16654 1.13792e+009
5.16765 1.11827e+009
5.16877 1.09894e+009
5.16988 1.07993e+009
5.17099 1.06124e+009
5.17211 1.04286e+009
5.17322 1.02478e+009
5.17434 1.00701e+009
5.17545 9.89529e+008
5.17657 9.7234e+008
5.17769 9.55438e+008
5.17881 9.38817e+008
5.17992 9.22474e+008
5.18104 9.06404e+008
5.18216 8.90602e+008
5.18329 8.75065e+008
5.18441 8.59787e+008
5.18553 8.44766e+008
5.18665 8.29996e+008
5.18778 8.15475e+008
5.1889 8.01197e+008
5.19003 7.87158e+008
5.19116 7.73356e+008
5.19228 7.59786e+008
5.19341 7.46445e+008
5.19454 7.33328e+008
5.19567 7.20433e+008
5.1968 7.07755e+008
5.19793 6.95292e+008
5.19906 6.83039e+008
5.2002 6.70993e+008
5.20133 6.59151e+008
5.20246 6.4751e+008
5.2036 6.36067e+008
5.20473 6.24817e+008
5.20587 6.13758e+008
5.20701 6.02888e+008
5.20815 5.92202e+008
5.20929 5.81698e+008
5.21042 5.71373e+008
5.21156 5.61223e+008
5.21271 5.51247e+008
5.21385 5.41442e+008
5.21499 5.31803e+008
5.21613 5.2233e+008
5.21728 5.13018e+008
5.21842 5.03866e+008
5.21957 4.94871e+008
5.22071 4.8603e+008
5.22186 4.77341e+008
5.22301 4.68801e+008
5.22416 4.60408e+008
5.22531 4.52159e+008
5.22646 4.44052e+008
5.22761 4.36084e+008
5.22876 4.28254e+008
5.22991 4.20559e+008
5.23107 4.12997e+008
5.23222 4.05566e+008
5.23337 3.98263e+008
5.23453 3.91086e+008
5.23569 3.84034e+008
5.23684 3.77103e+008
5.238 3.70293e+008
5.23916 3.63602e+008
5.24032 3.57026e+008
5.24148 3.50565e+008
5.24264 3.44216e+008
5.2438 3.37977e+008
5.24496 3.31847e+008
5.24613 3.25825e+008
5.24729 3.19907e+008
5.24846 3.14092e+008
5.24962 3.08379e+008
5.25079 3.02766e+008
5.25196 2.97251e+008
5.25312 2.91833e+008
5.25429 2.8651e+008
5.25546 2.8128e+008
5.25663 2.76142e+008
5.2578 2.71094e+008
5.25897 2.66135e+008
5.26015 2.61263e+008
5.26132 2.56477e+008
5.26249 2.51775e+008
5.26367 2.47156e+008
5.26485 2.42618e+008
5.26602 2.38161e+008
5.2672 2.33782e+008
5.26838 2.29481e+008
5.26956 2.25256e+008
5.27074 2.21106e+008
5.27192 2.17029e+008
5.2731 2.13025e+008
5.27428 2.09092e+008
5.27546 2.05228e+008
5.27665 2.01434e+008
5.27783 1.97706e+008
5.27902 1.94045e+008
5.2802 1.9045e+008
5.28139 1.86918e+008
5.28258 1.8345e+008
5.28376 1.80043e+008
5.28495 1.76698e+008
5.28614 1.73412e+008
5.28733 1.70185e+008
5.28853 1.67015e+008
5.28972 1.63903e+008
5.29091 1.60846e+008
5.29211 1.57845e+008
5.2933 1.54897e+008
5.2945 1.52002e+008
5.29569 1.49159e+008
5.29689 1.46368e+008
5.29809 1.43626e+008
5.29929 1.40935e+008
5.30048 1.38291e+008
5.30169 1.35696e+008
5.30289 1.33147e+008
5.30409 1.30645e+008
5.30529 1.28187e+008
5.30649 1.25775e+008
5.3077 1.23406e+008
5.3089 1.2108e+008
5.31011 1.18796e+008
5.31132 1.16554e+008
5.31252 1.14352e+008
5.31373 1.12191e+008
5.31494 1.10069e+008
5.31615 1.07985e+008
5.31736 1.0594e+008
5.31857 1.03932e+008
5.31979 1.0196e+008
5.321 1.00025e+008
5.32221 9.8125e+007
5.32343 9.62598e+007
5.32464 9.44288e+007
5.32586 9.26313e+007
5.32708 9.08668e+007
5.3283 8.91347e+007
5.32951 8.74345e+007
5.33073 8.57655e+007
5.33195 8.41272e+007
5.33318 8.25191e+007
5.3344 8.09406e+007
5.33562 7.93912e+007
5.33684 7.78704e+007
5.33807 7.63778e+007
5.33929 7.49127e+007
5.34052 7.34747e+007
5.34175 7.20633e+007
5.34298 7.06781e+007
5.3442 6.93186e+007
5.34543 6.79843e+007
5.34666 6.66747e+007
5.34789 6.53895e+007
5.34913 6.41282e+007
5.35036 6.28904e+007
5.35159 6.16756e+007
5.35283 6.04835e+007
5.35406 5.93136e+007
5.3553 5.81655e+007
5.35654 5.70389e+007
5.35777 5.59334e+007
5.35901 5.48485e+007
5.36025 5.37839e+007
5.36149 5.27393e+007
5.36273 5.17143e+007
5.36397 5.07085e+007
5.36522 4.97216e+007
5.36646 4.87533e+007
5.3677 4.78031e+007
5.36895 4.68708e+007
5.3702 4.59561e+007
5.37144 4.50587e+007
5.37269 4.41781e+007
5.37394 4.33142e+007
5.37519 4.24666e+007
5.37644 4.16351e+007
5.37769 4.08192e+007
5.37894 4.00188e+007
5.38019 3.92336e+007
5.38145 3.84633e+007
5.3827 3.77076e+007
5.38396 3.69662e+007
5.38521 3.62389e+007
5.38647 3.55255e+007
5.38773 3.48256e+007
5.38899 3.41391e+007
5.39024 3.34657e+007
5.39151 3.28051e+007
5.39277 3.21571e+007
5.39403 3.15215e+007
5.39529 3.0898e+007
5.39655 3.02865e+007
5.39782 2.96867e+007
5.39908 2.90984e+007
5.40035 2.85213e+007
5.40162 2.79554e+007
5.40288 2.74003e+007
5.40415 2.68558e+007
5.40542 2.63219e+007
5.40669 2.57982e+007
5.40796 2.52846e+007
5.40924 2.47809e+007
5.41051 2.4287e+007
5.41178 2.38025e+007
5.41306 2.33275e+007
5.41433 2.28616e+007
5.41561 2.24047e+007
5.41689 2.19567e+007
5.41816 2.15173e+007
5.41944 2.10865e+007
5.42072 2.0664e+007
5.422 2.02498e+007
5.42328 1.98436e+007
5.42457 1.94453e+007
5.42585 1.90547e+007
5.42713 1.86718e+007
5.42842 1.82963e+007
5.4297 1.79282e+007
5.43099 1.75672e+007
5.43228 1.72133e+007
5.43357 1.68663e+007
5.43485 1.65261e+007
5.43614 1.61926e+007
5.43744 1.58656e+007
5.43873 1.5545e+007
5.44002 1.52307e+007
5.44131 1.49226e+007
5.44261 1.46205e+007
5.4439 1.43244e+007
5.4452 1.40341e+007
5.4465 1.37495e+007
5.44779 1.34705e+007
5.44909 1.31971e+007
5.45039 1.2929e+007
5.45169 1.26663e+007
5.45299 1.24087e+007
5.45429 1.21562e+007
5.4556 1.19088e+007
5.4569 1.16662e+007
5.45821 1.14284e+007
5.45951 1.11954e+007
5.46082 1.0967e+007
5.46213 1.07431e+007
5.46343 1.05237e+007
5.46474 1.03087e+007
5.46605 1.00979e+007
5.46736 9.89135e+006
5.46867 9.68892e+006
5.46999 9.49052e+006
5.4713 9.29609e+006
5.47261 9.10555e+006
5.47393 8.91883e+006
5.47525 8.73584e+006
5.47656 8.55652e+006
5.47788 8.38079e+006
5.4792 8.2086e+006
5.48052 8.03986e+006
5.48184 7.87452e+006
5.48316 7.7125e+006
5.48448 7.55374e+006
5.48581 7.39818e+006
5.48713 7.24576e+006
5.48845 7.09641e+006
5.48978 6.95008e+006
5.49111 6.80671e+006
5.49243 6.66624e+006
5.49376 6.52861e+006
5.49509 6.39376e+006
5.49642 6.26165e+006
5.49775 6.13222e+006
5.49908 6.00542e+006
5.50042 5.88119e+006
5.50175 5.75949e+006
5.50309 5.64027e+006
5.50442 5.52347e+006
5.50576 5.40905e+006
5.50709 5.29696e+006
5.50843 5.18717e+006
5.50977 5.07961e+006
5.51111 4.97425e+006
5.51245 4.87105e+006
5.51379 4.76996e+006
5.51514 4.67094e+006
5.51648 4.57395e+006
5.51782 4.47895e+006
5.51917 4.3859e+006
5.52052 4.29476e+006
5.52186 4.20549e+006
5.52321 4.11806e+006
5.52456 4.03243e+006
5.52591 3.94857e+006
5.52726 3.86643e+006
5.52861 3.78599e+006
5.52996 3.70721e+006
5.53132 3.63006e+006
5.53267 3.55451e+006
5.53403 3.48051e+006
5.53538 3.40806e+006
5.53674 3.3371e+006
5.5381 3.26761e+006
5.53946 3.19957e+006
5.54082 3.13294e+006
5.54218 3.0677e+006
5.54354 3.00381e+006
5.5449 2.94125e+006
5.54626 2.88e+006
5.54763 2.82003e+006
5.54899 2.7613e+006
5.55036 2.7038e+006
5.55173 2.64751e+006
5.5531 2.59239e+006
5.55446 2.53843e+006
5.55583 2.48559e+006
5.5572 2.43386e+006
5.55858 2.38322e+006
5.55995 2.33364e+006
5.56132 2.28511e+006
5.5627 2.23759e+006
5.56407 2.19107e+006
5.56545 2.14554e+006
5.56682 2.10096e+006
5.5682 2.05732e+006
5.56958 2.0146e+006
5.57096 1.97279e+006
5.57234 1.93186e+006
5.57372 1.89179e+006
5.57511 1.85257e+006
5.57649 1.81419e+006
5.57787 1.77661e+006
5.57926 1.73984e+006
5.58065 1.70384e+006
5.58203 1.66861e+006
5.58342 1.63413e+006
5.58481 1.60038e+006
5.5862 1.56735e+006
5.58759 1.53503e+006
5.58898 1.50339e+006
5.59038 1.47243e+006
5.59177 1.44213e+006
5.59316 1.41248e+006
5.59456 1.38346e+006
5.59596 1.35506e+006
5.59735 1.32728e+006
5.59875 1.30008e+006
5.60015 1.27347e+006
5.60155 1.24744e+006
5.60295 1.22196e+006
5.60435 1.19703e+006
5.60576 1.17263e+006
5.60716 1.14876e+006
5.60857 1.12541e+006
5.60997 1.10255e+006
5.61138 1.0802e+006
5.61279 1.05832e+006
5.6142 1.03692e+006
5.6156 1.01598e+006
5.61702 995492
5.61843 975450
5.61984 955841
5.62125 936658
5.62267 917892
5.62408 899533
5.6255 881574
5.62692 864005
5.62833 846819
5.62975 830007
5.63117 813562
5.63259 797475
5.63401 781740
5.63544 766349
5.63686 751295
5.63829 736570
5.63971 722168
5.64114 708081
5.64257 694303
5.64399 680828
5.64542 667649
5.64685 654760
5.64829 642154
5.64972 629826
5.65115 617769
5.65259 605978
5.65402 594448
5.65546 583172
5.65689 572145
5.65833 561362
5.65977 550818
5.66121 540508
5.66265 530426
5.66409 520567
5.66554 510928
5.66698 501503
5.66843 492287
5.66987 483276
5.67132 474466
5.67277 465852
5.67421 457430
5.67566 449197
5.67711 441147
5.67857 433277
5.68002 425583
5.68147 418061
5.68293 410708
5.68438 403519
5.68584 396492
5.6873 389622
5.68875 382907
5.69021 376343
5.69167 369927
5.69313 363655
5.6946 357524
5.69606 351531
5.69752 345674
5.69899 339949
5.70046 334354
5.70192 328885
5.70339 323540
5.70486 318315
5.70633 313210
5.7078 308220
5.70927 303343
5.71075 298577
5.71222 293920
5.71369 289368
5.71517 284920
5.71665 280574
5.71813 276326
5.7196 272176
5.72108 268120
5.72257 264157
5.72405 260284
5.72553 256501
5.72701 252803
5.7285 249191
5.72998 245661
5.73147 242213
5.73296 238844
5.73445 235552
5.73594 232336
5.73743 229194
5.73892 226124
5.74041 223125
5.74191 220195
5.7434 217333
5.7449 214537
5.74639 211806
5.74789 209138
5.74939 206532
5.75089 203986
5.75239 201499
5.75389 199070
5.7554 196698
5.7569 194380
5.7584 192117
5.75991 189906
5.76142 187746
5.76292 185637
5.76443 183578
5.76594 181566
5.76745 179601
5.76897 177682
5.77048 175809
5.77199 173979
5.77351 172191
5.77502 170446
5.77654 168742
5.77806 167078
5.77958 165453
5.7811 163866
5.78262 162317
5.78414 160804
5.78566 159326
5.78719 157884
5.78871 156476
5.79024 155100
5.79176 153758
5.79329 152447
5.79482 151167
5.79635 149918
5.79788 148698
5.79941 147507
5.80095 146345
5.80248 145210
5.80402 144102
5.80555 143020
5.80709 141964
5.80863 140934
5.81017 139928
5.81171 138946
5.81325 137987
5.81479 137052
5.81634 136138
5.81788 135247
5.81943 134377
5.82097 133528
5.82252 132699
5.82407 131890
5.82562 131101
5.82717 130330
5.82872 129578
5.83027 128845
5.83183 128129
5.83338 127430
5.83494 126748
5.83649 126082
5.83805 125433
5.83961 124799
5.84117 124181
5.84273 123578
5.84429 122989
5.84586 122414
5.84742 121854
5.84899 121307
5.85055 120774
5.85212 120253
5.85369 119745
5.85526 119250
5.85683 118766
5.8584 118295
5.85997 117835
5.86154 117386
5.86312 116948
5.86469 116521
5.86627 116104
5.86785 115698
5.86943 115301
5.87101 114914
5.87259 114537
5.87417 114169
5.87575 113810
5.87734 113460
5.87892 113119
5.88051 112786
5.8821 112461
5.88368 112144
5.88527 111835
5.88686 111534
5.88846 111240
5.89005 110953
5.89164 110674
5.89324 110401
5.89483 110136
5.89643 109877
5.89803 109624
5.89963 109377
5.90123 109137
5.90283 108903
5.90443 108674
5.90603 108452
5.90764 108234
5.90924 108023
5.91085 107816
5.91246 107615
5.91406 107419
5.91567 107227
5.91728 107041
5.9189 106859
5.92051 106682
5.92212 106509
5.92374 106340
5.92535 106176
5.92697 106016
5.92859 105860
5.93021 105708
5.93183 105560
5.93345 105415
5.93507 105274
5.9367 105137
5.93832 105003
5.93995 104873
5.94157 104746
5.9432 104622
5.94483 104501
5.94646 104383
5.94809 104269
5.94972 104157
5.95136 104048
5.95299 103942
5.95463 103838
5.95626 103738
5.9579 103639
5.95954 103544
5.96118 103451
5.96282 103360
5.96446 103271
5.96611 103185
5.96775 103101
5.9694 103019
5.97104 102939
5.97269 102861
5.97434 102786
5.97599 102712
5.97764 102640
5.97929 102570
5.98095 102502
5.9826 102435
5.98426 102371
5.98591 102308
5.98757 102246
5.98923 102186
5.99089 102128
5.99255 102071
5.99421 102016
5.99587 101962
5.99754 101910
5.9992 101859
6.00087 101809
6.00254 101760
6.00421 101713
6.00588 101667
6.00755 101622
6.00922 101579
6.01089 101536
6.01257 101495
6.01424 101455
6.01592 101416
6.0176 101377
6.01927 101340
6.02095 101304
6.02263 101269
6.02432 101235
6.026 101201
6.02768 101169
6.02937 101137
6.03106 101106
6.03274 101076
6.03443 101047
6.03612 101018
6.03781 100991
6.03951 100964
6.0412 100938
6.04289 100912
6.04459 100887
6.04629 100863
6.04798 100839
6.04968 100816
6.05138 100794
6.05308 100772
6.05479 100751
6.05649 100731
6.05819 100711
6.0599 100691
6.06161 100672
6.06331 100654
6.06502 100636
6.06673 100618
6.06845 100601
6.07016 100585
6.07187 100568
6.07359 100553
6.0753 100537
6.07702 100523
6.07874 100508
6.08046 100494
6.08218 100480
6.0839 100467
6.08562 100454
6.08735 100441
6.08907 100429
6.0908 100417
6.09253 100406
6.09425 100394
6.09598 100383
6.09772 100373
6.09945 100362
6.10118 100352
6.10292 100342
6.10465 100333
6.10639 100323
6.10813 100314
6.10986 100306
6.11161 100297
6.11335 100289
6.11509 100281
6.11683 100273
6.11858 100265
6.12032 100258
6.12207 100250
6.12382 100243
6.12557 100236
6.12732 100230
6.12907 100223
6.13082 100217
6.13258 100211
6.13433 100205
6.13609 100199
6.13785 100193
6.13961 100188
6.14137 100183
6.14313 100177
6.14489 100172
6.14665 100167
6.14842 100163
6.15019 100158
6.15195 100153
6.15372 100149
6.15549 100145
6.15726 100141
6.15903 100137
6.16081 100133
6.16258 100129
6.16436 100125
6.16613 100122
6.16791 100118
6.16969 100115
6.17147 100112
6.17325 100108
6.17503 100105
6.17682 100102
6.1786 100099
6.18039 100096
6.18217 100094
6.18396 100091
6.18575 100088
6.18754 100086
6.18934 100083
6.19113 100081
6.19292 100078
6.19472 100076
6.19652 100074
6.19831 100072
6.20011 100070
6.20191 100068
6.20372 100066
6.20552 100064
6.20732 100062
6.20913 100060
6.21093 100058
6.21274 100057
6.21455 100055
6.21636 100053
6.21817 100052
6.21998 100050
6.2218 100049
6.22361 100047
6.22543 100046
6.22725 100045
6.22906 100043
6.23088 100042
6.23271 100041
6.23453 100040
6.23635 100038
6.23818 100037
6.24 100036
6.24183 100035
6.24366 100034
6.24549 100033
6.24732 100032
6.24915 100031
6.25098 100030
6.25282 100029
6.25465 100028
6.25649 100028
6.25833 100027
6.26017 100026
6.26201 100025
6.26385 100024
6.26569 100024
6.26754 100023
6.26938 100022
6.27123 100022
6.27307 100021
6.27492 100020
6.27677 100020
6.27863 100019
6.28048 100019
6.28233 100018
6.28419 100018
6.28604 100017
6.2879 100016
6.28976 100016
6.29162 100016
6.29348 100015
6.29535 100015
6.29721 100014
6.29907 100014
6.30094 100013
6.30281 100013
6.30468 100013
6.30655 100012
6.30842 100012
6.31029 100011
6.31217 100011
6.31404 100011
6.31592 100010
6.3178 100010
6.31967 100010
6.32155 100009
6.32344 100009
6.32532 100009
6.3272 100009
6.32909 100008
6.33097 100008
6.33286 100008
6.33475 100008
6.33664 100007
6.33853 100007
6.34043 100007
6.34232 100007
6.34422 100007
6.34611 100006
6.34801 100006
6.34991 100006
6.35181 100006
6.35371 100006
6.35561 100005
6.35752 100005
6.35942 100005
6.36133 100005
6.36324 100005
6.36515 100005
6.36706 100004
6.36897 100004
6.37088 100004
6.3728 100004
6.37471 100004
6.37663 100004
6.37855 100004
6.38047 100004
6.38239 100003
6.38431 100003
6.38623 100003
6.38816 100003
6.39008 100003
6.39201 100003
6.39394 100003
6.39587 100003
6.3978 100003
6.39973 100003
6.40167 100003
6.4036 100002
6.40554 100002
6.40747 100002
6.40941 100002
6.41135 100002
6.41329 100002
6.41524 100002
6.41718 100002
6.41913 100002
6.42107 100002
6.42302 100002
6.42497 100002
6.42692 100002
6.42887 100002
6.43082 100002
6.43278 100002
6.43473 100001
6.43669 100001
6.43865 100001
6.44061 100001
6.44257 100001
6.44453 100001
6.4465 100001
6.44846 100001
6.45043 100001
6.45239 100001
6.45436 100001
6.45633 100001
6.4583 100001
6.46028 100001
6.46225 100001
6.46423 100001
6.4662 100001
6.46818 100001
6.47016 100001
6.47214 100001
6.47412 100001
6.47611 100001
6.47809 100001
6.48008 100001
6.48206 100001
6.48405 100001
6.48604 100001
6.48803 100001
6.49003 100001
6.49202 100001
6.49401 100001
6.49601 100001
6.49801 100001
6.50001 100000
6.50201 100000
6.50401 100000
6.50601 100000
6.50802 100000
6.51002 100000
6.51203 100000
6.51404 100000
6.51605 100000
6.51806 100000
6.52007 100000
6.52209 100000
6.5241 100000
6.52612 100000
6.52814 100000
6.53016 100000
6.53218 100000
6.5342 100000
6.53622 100000
6.53825 100000
6.54027 100000
6.5423 100000
6.54433 100000
6.54636 100000
6.54839 100000
6.55042 100000
6.55246 100000
6.55449 100000
6.55653 100000
6.55857 100000
6.56061 100000
6.56265 100000
6.56469 100000
6.56673 100000
6.56878 100000
6.57082 100000
6.57287 100000
6.57492 100000
6.57697 100000
6.57902 100000
6.58108 100000
6.58313 100000
6.58519 100000
6.58725 100000
6.5893 100000
6.59136 100000
6.59343 100000
6.59549 100000
6.59755 100000
6.59962 100000
6.60168 100000
6.60375 100000
6.60582 100000
6.60789 100000
6.60997 100000
6.61204 100000
6.61412 100000
6.61619 100000
6.61827 100000
6.62035 100000
6.62243 100000
6.62451 100000
6.6266 100000
6.62868 100000
6.63077 100000
6.63285 100000
6.63494 100000
6.63703 100000
6.63913 100000
6.64122 100000
6.64331 100000
6.64541 100000
6.64751 100000
6.64961 100000
6.65171 100000
6.65381 100000
6.65591 100000
6.65802 100000
6.66012 100000
6.66223 100000
6.66434 100000
6.66645 100000
6.66856 100000
6.67067 100000
6.67279 100000
6.6749 100000
6.67702 100000
6.67914 100000
6.68126 100000
6.68338 100000
6.6855 100000
6.68763 100000
6.68975 100000
6.69188 100000
6.69401 100000
6.69614 100000
6.69827 100000
6.7004 100000
6.70254 100000
6.70467 100000
6.70681 100000
6.70895 100000
6.71109 100000
6.71323 100000
6.71537 100000
6.71752 100000
6.71966 100000
6.72181 100000
6.72396 100000
6.72611 100000
6.72826 100000
6.73041 100000
6.73256 100000
6.73472 100000
6.73688 100000
6.73904 100000
6.7412 100000
6.74336 100000
6.74552 100000
6.74768 100000
6.74985 100000
6.75202 100000
6.75419 100000
6.75636 100000
6.75853 100000
6.7607 100000
6.76287 100000
6.76505 100000
6.76723 100000
6.76941 100000
6.77159 100000
6.77377 100000
6.77595 100000
6.77814 100000
6.78032 100000
6.78251 100000
6.7847 100000
6.78689 100000
6.78908 100000
6.79127 100000
6.79347 100000
6.79566 100000
6.79786 100000
6.80006 100000
6.80226 100000
6.80446 100000
6.80667 100000
6.80887 100000
6.81108 100000
6.81329 100000
6.8155 100000
6.81771 100000
6.81992 100000
6.82213 100000
6.82435 100000
6.82657 100000
6.82879 100000
6.831 100000
6.83323 100000
6.83545 100000
6.83767 100000
6.8399 100000
6.84213 100000
6.84435 100000
6.84659 100000
6.84882 100000
6.85105 100000
6.85328 100000
6.85552 100000
6.85776 100000
6.86 100000
6.86224 100000
6.86448 100000
6.86672 100000
6.86897 100000
6.87122 100000
6.87346 100000
6.87571 100000
6.87796 100000
6.88022 100000
6.88247 100000
6.88473 100000
6.88698 100000
6.88924 100000
6.8915 100000
6.89376 100000
6.89603 100000
6.89829 100000
6.90056 100000
6.90283 100000
6.9051 100000
6.90737 100000
6.90964 100000
6.91191 100000
6.91419 100000
6.91646 100000
6.91874 100000
6.92102 100000
6.9233 100000
6.92559 100000
6.92787 100000
6.93016 100000
6.93244 100000
6.93473 100000
6.93702 100000
6.93932 100000
6.94161 100000
6.9439 100000
6.9462 100000
6.9485 100000
6.9508 100000
6.9531 100000
6.9554 100000
6.95771 100000
6.96001 100000
6.96232 100000
6.96463 100000
6.96694 100000
6.96925 100000
6.97156 100000
6.97388 100000
6.9762 100000
6.97851 100000
6.98083 100000
6.98316 100000
6.98548 100000
6.9878 100000
6.99013 100000
6.99246 100000
6.99478 100000
6.99712 100000
6.99945 100000
7.00178 100000
7.00412 100000
7.00645 100000
7.00879 100000
7.01113 100000
7.01347 100000
7.01582 100000
7.01816 100000
7.02051 100000
7.02285 100000
7.0252 100000
7.02755 100000
7.02991 100000
7.03226 100000
7.03462 100000
7.03697 100000
7.03933 100000
7.04169 100000
7.04405 100000
7.04642 100000
7.04878 100000
7.05115 100000
7.05352 100000
7.05589 100000
7.05826 100000
7.06063 100000
7.06301 100000
7.06538 100000
7.06776 100000
7.07014 100000
7.07252 100000
7.0749 100000
7.07729 100000
7.07967 100000
7.08206 100000
7.08445 100000
7.08684 100000
7.08923 100000
7.09162 100000
7.09402 100000
7.09642 100000
7.09881 100000
7.10121 100000
7.10361 100000
7.10602 100000
7.10842 100000
7.11083 100000
7.11324 100000
7.11565 100000
7.11806 100000
7.12047 100000
7.12289 100000
7.1253 100000
7.12772 100000
7.13014 100000
7.13256 100000
7.13498 100000
7.13741 100000
7.13983 100000
7.14226 100000
7.14469 100000
7.14712 100000
7.14955 100000
7.15198 100000
7.15442 100000
7.15686 100000
7.15929 100000
7.16174 100000
7.16418 100000
7.16662 100000
7.16907 100000
7.17151 100000
7.17396 100000
7.17641 100000
7.17886 100000
7.18132 100000
7.18377 100000
7.18623 100000
7.18869 100000
7.19115 100000
7.19361 100000
7.19607 100000
7.19854 100000
7.201 100000
7.20347 100000
7.20594 100000
7.20841 100000
7.21088 100000
7.21336 100000
7.21584 100000
7.21831 100000
7.22079 100000
7.22327 100000
7.22576 100000
7.22824 100000
7.23073 100000
7.23322 100000
7.23571 100000
7.2382 100000
7.24069 100000
7.24318 100000
7.24568 100000
7.24818 100000
7.25068 100000
7.25318 100000
7.25568 100000
7.25819 100000
7.26069 100000
7.2632 100000
7.26571 100000
7.26822 100000
7.27073 100000
7.27325 100000
7.27577 100000
7.27828 100000
7.2808 100000
7.28332 100000
7.28585 100000
7.28837 100000
7.2909 100000
7.29343 100000
7.29596 100000
7.29849 100000
7.30102 100000
7.30356 100000
7.30609 100000
7.30863 100000
7.31117 100000
7.31371 100000
7.31626 100000
7.3188 100000
7.32135 100000
7.3239 100000
7.32645 100000
7.329 100000
7.33155 100000
7.33411 100000
7.33666 100000
7.33922 100000
7.34178 100000
7.34434 100000
7.34691 100000
7.34947 100000
7.35204 100000
7.35461 100000
7.35718 100000
7.35975 100000
7.36233 100000
7.3649 100000
7.36748 100000
7.37006 100000
7.37264 100000
7.37522 100000
7.37781 100000
7.38039 100000
7.38298 100000
7.38557 100000
7.38816 100000
7.39075 100000
7.39335 100000
7.39595 100000
7.39854 100000
7.40114 100000
7.40374 100000
7.40635 100000
7.40895 100000
7.41156 100000
7.41417 100000
7.41678 100000
7.41939 100000
7.422 100000
7.42462 100000
7.42724 100000
7.42986 100000
7.43248 100000
7.4351 100000
7.43772 100000
7.44035 100000
7.44298 100000
7.44561 100000
7.44824 100000
7.45087 100000
7.45351 100000
7.45614 100000
7.45878 100000
7.46142 100000
7.46406 100000
7.46671 100000
7.46935 100000
7.472 100000
7.47465 100000
7.4773 100000
7.47995 100000
7.48261 100000
7.48526 100000
7.48792 100000
7.49058 100000
7.49324 100000
7.4959 100000
7.49857 100000
7.50123 100000
7.5039 100000
7.50657 100000
7.50925 100000
7.51192 100000
7.51459 100000
7.51727 100000
7.51995 100000
7.52263 100000
7.52531 100000
7.528 100000
7.53069 100000
7.53337 100000
7.53606 100000
7.53875 100000
7.54145 100000
7.54414 100000
7.54684 100000
7.54954 100000
7.55224 100000
7.55494 100000
7.55765 100000
7.56035 100000
7.56306 100000
7.56577 100000
7.56848 100000
7.57119 100000
7.57391 100000
7.57663 100000
7.57935 100000
7.58207 100000
7.58479 100000
7.58751 100000
7.59024 100000
7.59297 100000
7.5957 100000
7.59843 100000
7.60116 100000
7.6039 100000
7.60663 100000
7.60937 100000
7.61211 100000
7.61485 100000
7.6176 100000
7.62034 100000
7.62309 100000
7.62584 100000
7.62859 100000
7.63135 100000
7.6341 100000
7.63686 100000
7.63962 100000
7.64238 100000
7.64514 100000
7.64791 100000
7.65067 100000
7.65344 100000
7.65621 100000
7.65898 100000
7.66175 100000
7.66453 100000
7.66731 100000
7.67009 100000
7.67287 100000
7.67565 100000
7.67844 100000
7.68122 100000
7.68401 100000
7.6868 100000
7.68959 100000
7.69239 100000
7.69518 100000
7.69798 100000
7.70078 100000
7.70358 100000
7.70639 100000
7.70919 100000
7.712 100000
7.71481 100000
7.71762 100000
7.72043 100000
7.72324 100000
7.72606 100000
7.72888 100000
7.7317 100000
7.73452 100000
7.73735 100000
7.74017 100000
7.743 100000
7.74583 100000
7.74866 100000
7.75149 100000
7.75433 100000
7.75717 100000
7.76001 100000
7.76285 100000
7.76569 100000
7.76853 100000
7.77138 100000
7.77423 100000
7.77708 100000
7.77993 100000
7.78279 100000
7.78564 100000
7.7885 100000
7.79136 100000
7.79422 100000
7.79709 100000
7.79995 100000
7.80282 100000
7.80569 100000
7.80856 100000
7.81144 100000
7.81431 100000
7.81719 100000
7.82007 100000
7.82295 100000
7.82583 100000
7.82872 100000
7.8316 100000
7.83449 100000
7.83738 100000
7.84027 100000
7.84317 100000
7.84607 100000
7.84896 100000
7.85186 100000
7.85477 100000
7.85767 100000
7.86058 100000
7.86349 100000
7.8664 100000
7.86931 100000
7.87222 100000
7.87514 100000
7.87806 100000
7.88098 100000
7.8839 100000
7.88682 100000
7.88975 100000
7.89267 100000
7.8956 100000
7.89853 100000
7.90147 100000
7.9044 100000
7.90734 100000
7.91028 100000
7.91322 100000
7.91616 100000
7.91911 100000
7.92206 100000
7.92501 100000
7.92796 100000
7.93091 100000
7.93387 100000
7.93682 100000
7.93978 100000
7.94274 100000
7.9457 100000
7.94867 100000
7.95164 100000
7.95461 100000
7.95758 100000
7.96055 100000
7.96352 100000
7.9665 100000
7.96948 100000
7.97246 100000
7.97544 100000
7.97843 100000
7.98141 100000
7.9844 100000
7.98739 100000
7.99039 100000
7.99338 100000
7.99638 100000
7.99938 100000
8.00238 100000
8.00538 100000
8.00838 100000
8.01139 100000
8.0144 100000
8.01741 100000
8.02042 100000
8.02344 100000
8.02646 100000
8.02947 100000
8.03249 100000
8.03552 100000
8.03854 100000
8.04157 100000
8.0446 100000
8.04763 100000
8.05066 100000
8.0537 100000
8.05673 100000
8.05977 100000
8.06281 100000
8.06586 100000
8.0689 100000
8.07195 100000
8.075 100000
8.07805 100000
8.0811 100000
8.08416 100000
8.08721 100000
8.09027 100000
8.09334 100000
8.0964 100000
8.09946 100000
8.10253 100000
8.1056 100000
8.10867 100000
8.11175 100000
8.11482 100000
8.1179 100000
8.12098 100000
8.12406 100000
8.12714 100000
8.13023 100000
8.13332 100000
8.13641 100000
8.1395 100000
8.1426 100000
8.14569 100000
8.14879 100000
8.15189 100000
8.15499 100000
8.1581 100000
8.1612 100000
8.16431 100000
8.16742 100000
8.17054 100000
8.17365 100000
8.17677 100000
8.17989 100000
8.18301 100000
8.18613 100000
8.18926 100000
8.19238 100000
8.19551 100000
8.19864 100000
8.20178 100000
8.20491 100000
8.20805 100000
8.21119 100000
8.21433 100000
8.21748 100000
8.22062 100000
8.22377 100000
8.22692 100000
8.23007 100000
8.23323 100000
8.23639 100000
8.23955 100000
8.24271 100000
8.24587 100000
8.24903 100000
8.2522 100000
8.25537 100000
8.25854 100000
8.26172 100000
8.26489 100000
8.26807 100000
8.27125 100000
8.27443 100000
8.27762 100000
8.2808 100000
8.28399 100000
8.28718 100000
8.29037 100000
8.29357 100000
8.29677 100000
8.29996 100000
8.30317 100000
8.30637 100000
8.30957 100000
8.31278 100000
8.31599 100000
8.3192 100000
8.32242 100000
8.32563 100000
8.32885 100000
8.33207 100000
8.3353 100000
8.33852 100000
8.34175 100000
8.34498 100000
8.34821 100000
8.35144 100000
8.35468 100000
8.35791 100000
8.36115 100000
8.3644 100000
8.36764 100000
8.37089 100000
8.37413 100000
8.37739 100000
8.38064 100000
8.38389 100000
8.38715 100000
8.39041 100000
8.39367 100000
8.39694 100000
8.4002 100000
8.40347 100000
8.40674 100000
8.41001 100000
8.41329 100000
8.41656 100000
8.41984 100000
8.42312 100000
8.42641 100000
8.42969 100000
8.43298 100000
8.43627 100000
8.43956 100000
8.44286 100000
8.44615 100000
8.44945 100000
8.45275 100000
8.45606 100000
8.45936 100000
8.46267 100000
8.46598 100000
8.46929 100000
8.4726 100000
8.47592 100000
8.47924 100000
8.48256 100000
8.48588 100000
8.48921 100000
8.49254 100000
8.49587 100000
8.4992 100000
8.50253 100000
8.50587 100000
8.50921 100000
8.51255 100000
8.51589 100000
8.51924 100000
8.52258 100000
8.52593 100000
8.52929 100000
8.53264 100000
8.536 100000
8.53935 100000
8.54272 100000
8.54608 100000
8.54944 100000
8.55281 100000
8.55618 100000
8.55955 100000
8.56293 100000
8.5663 100000
8.56968 100000
8.57306 100000
8.57645 100000
8.57983 100000
8.58322 100000
8.58661 100000
8.59 100000
8.5934 100000
8.5968 100000
8.6002 100000
8.6036 100000
8.607 100000
8.61041 100000
8.61381 100000
8.61723 100000
8.62064 100000
8.62405 100000
8.62747 100000
8.63089 100000
8.63431 100000
8.63774 100000
8.64116 100000
8.64459 100000
8.64802 100000
8.65146 100000
8.65489 100000
8.65833 100000
8.66177 100000
8.66521 100000
8.66866 100000
8.67211 100000
8.67555 100000
8.67901 100000
8.68246 100000
8.68592 100000
8.68938 100000
8.69284 100000
8.6963 100000
8.69977 100000
8.70323 100000
8.7067 100000
8.71018 100000
8.71365 100000
8.71713 100000
8.72061 100000
8.72409 100000
8.72757 100000
8.73106 100000
8.73455 100000
8.73804 100000
8.74153 100000
8.74503 100000
8.74853 100000
8.75203 100000
8.75553 100000
8.75904 100000
8.76254 100000
8.76605 100000
8.76956 100000
8.77308 100000
8.7766 100000
8.78012 100000
8.78364 100000
8.78716 100000
8.79069 100000
8.79422 100000
8.79775 100000
8.80128 100000
8.80482 100000
8.80835 100000
8.81189 100000
8.81544 100000
8.81898 100000
8.82253 100000
8.82608 100000
8.82963 100000
8.83319 100000
8.83674 100000
8.8403 100000
8.84386 100000
8.84743 100000
8.85099 100000
8.85456 100000
8.85813 100000
8.86171 100000
8.86528 100000
8.86886 100000
8.87244 100000
8.87603 100000
8.87961 100000
8.8832 100000
8.88679 100000
8.89038 100000
8.89398 100000
8.89757 100000
8.90117 100000
8.90478 100000
8.90838 100000
8.91199 100000
8.9156 100000
8.91921 100000
8.92282 100000
8.92644 100000
8.93006 100000
8.93368 100000
8.93731 100000
8.94093 100000
8.94456 100000
8.94819 100000
8.95183 100000
8.95546 100000
8.9591 100000
8.96274 100000
8.96638 100000
8.97003 100000
8.97368 100000
8.97733 100000
8.98098 100000
8.98464 100000
8.9883 100000
8.99196 100000
8.99562 100000
8.99928 100000
9.00295 100000
9.00662 100000
9.01029 100000
9.01397 100000
9.01765 100000
9.02133 100000
9.02501 100000
9.02869 100000
9.03238 100000
9.03607 100000
9.03976 100000
9.04346 100000
9.04716 100000
9.05086 100000
9.05456 100000
9.05826 100000
9.06197 100000
9.06568 100000
9.06939 100000
9.07311 100000
9.07682 100000
9.08054 100000
9.08426 100000
9.08799 100000
9.09171 100000
9.09544 100000
9.09918 100000
9.10291 100000
9.10665 100000
9.11039 100000
9.11413 100000
9.11787 100000
9.12162 100000
9.12537 100000
9.12912 100000
9.13288 100000
9.13663 100000
9.14039 100000
9.14415 100000
9.14792 100000
9.15168 100000
9.15545 100000
9.15923 100000
9.163 100000
9.16678 100000
9.17056 100000
9.17434 100000
9.17812 100000
9.18191 100000
9.1857 100000
9.18949 100000
9.19329 100000
9.19708 100000
9.20088 100000
9.20469 100000
9.20849 100000
9.2123 100000
9.21611 100000
9.21992 100000
9.22373 100000
9.22755 100000
9.23137 100000
9.23519 100000
9.23902 100000
9.24285 100000
9.24668 100000
9.25051 100000
9.25435 100000
9.25818 100000
9.26202 100000
9.26587 100000
9.26971 100000
9.27356 100000
9.27741 100000
9.28126 100000
9.28512 100000
9.28898 100000
9.29284 100000
9.2967 100000
9.30057 100000
9.30444 100000
9.30831 100000
9.31218 100000
9.31606 100000
9.31994 100000
9.32382 100000
9.3277 100000
9.33159 100000
9.33548 100000
9.33937 100000
9.34327 100000
9.34716 100000
9.35106 100000
9.35497 100000
9.35887 100000
9.36278 100000
9.36669 100000
9.3706 100000
9.37452 100000
9.37844 100000
9.38236 100000
9.38628 100000
9.39021 100000
9.39413 100000
9.39806 100000
9.402 100000
9.40593 100000
9.40987 100000
9.41382 100000
9.41776 100000
9.42171 100000
9.42566 100000
9.42961 100000
9.43356 100000
9.43752 100000
9.44148 100000
9.44544 100000
9.44941 100000
9.45338 100000
9.45735 100000
9.46132 100000
9.4653 100000
9.46928 100000
9.47326 100000
9.47724 100000
9.48123 100000
9.48522 100000
9.48921 100000
9.4932 100000
9.4972 100000
9.5012 100000
9.5052 100000
9.50921 100000
9.51322 100000
9.51723 100000
9.52124 100000
9.52525 100000
9.52927 100000
9.53329 100000
9.53732 100000
9.54135 100000
9.54537 100000
9.54941 100000
9.55344 100000
9.55748 100000
9.56152 100000
9.56556 100000
9.56961 100000
9.57366 100000
9.57771 100000
9.58176 100000
9.58582 100000
9.58987 100000
9.59394 100000
9.598 100000
9.60207 100000
9.60614 100000
9.61021 100000
9.61429 100000
9.61836 100000
9.62244 100000
9.62653 100000
9.63061 100000
9.6347 100000
9.63879 100000
9.64289 100000
9.64699 100000
9.65109 100000
9.65519 100000
9.65929 100000
9.6634 100000
9.66751 100000
9.67163 100000
9.67574 100000
9.67986 100000
9.68398 100000
9.68811 100000
9.69223 100000
9.69636 100000
9.7005 100000
9.70463 100000
9.70877 100000
9.71291 100000
9.71706 100000
9.7212 100000
9.72535 100000
9.7295 100000
9.73366 100000
9.73782 100000
9.74198 100000
9.74614 100000
9.75031 100000
9.75447 100000
9.75865 100000
9.76282 100000
9.767 100000
9.77118 100000
9.77536 100000
9.77955 100000
9.78373 100000
9.78792 100000
9.79212 100000
9.79631 100000
9.80051 100000
9.80472 100000
9.80892 100000
9.81313 100000
9.81734 100000
9.82155 100000
9.82577 100000
9.82999 100000
9.83421 100000
9.83844 100000
9.84266 100000
9.84689 100000
9.85113 100000
9.85536 100000
9.8596 100000
9.86384 100000
9.86809 100000
9.87233 100000
9.87658 100000
9.88084 100000
9.88509 100000
9.88935 100000
9.89361 100000
9.89788 100000
9.90214 100000
9.90641 100000
9.91069 100000
9.91496 100000
9.91924 100000
9.92352 100000
9.92781 100000
9.93209 100000
9.93638 100000
9.94068 100000
9.94497 100000
9.94927 100000
9.95357 100000
9.95788 100000
9.96218 100000
9.96649 100000
9.97081 100000
9.97512 100000
9.97944 100000
9.98376 100000
9.98809 100000
9.99242 100000
9.99675 100000
10.0011 100000
10.0054 100000
10.0098 100000
10.0141 100000
10.0184 100000
10.0228 100000
10.0271 100000
10.0315 100000
10.0358 100000
10.0402 100000
10.0446 100000
10.0489 100000
10.0533 100000
10.0577 100000
10.062 100000
10.0664 100000
10.0708 100000
10.0752 100000
10.0796 100000
10.084 100000
10.0884 100000
10.0927 100000
10.0971 100000
10.1015 100000
10.1059 100000
10.1104 100000
10.1148 100000
10.1192 100000
10.1236 100000
10.128 100000
10.1324 100000
10.1368 100000
10.1413 100000
10.1457 100000
10.1501 100000
10.1546 100000
10.159 100000
10.1635 100000
10.1679 100000
10.1723 100000
10.1768 100000
10.1812 100000
10.1857 100000
10.1902 100000
10.1946 100000
10.1991 100000
10.2036 100000
10.208 100000
10.2125 100000
10.217 100000
10.2215 100000
10.2259 100000
10.2304 100000
10.2349 100000
10.2394 100000
10.2439 100000
10.2484 100000
10.2529 100000
10.2574 100000
10.2619 100000
10.2664 100000
10.2709 100000
10.2755 100000
10.28 100000
10.2845 100000
10.289 100000
10.2935 100000
10.2981 100000
10.3026 100000
10.3072 100000
10.3117 100000
10.3162 100000
10.3208 100000
10.3253 100000
10.3299 100000
10.3344 100000
10.339 100000
10.3436 100000
10.3481 100000
10.3527 100000
10.3573 100000
10.3618 100000
10.3664 100000
10.371 100000
10.3756 100000
10.3802 100000
10.3847 100000
10.3893 100000
10.3939 100000
10.3985 100000
10.4031 100000
10.4077 100000
10.4123 100000
10.417 100000
10.4216 100000
10.4262 100000
10.4308 100000
10.4354 100000
10.4401 100000
10.4447 100000
10.4493 100000
10.4539 100000
10.4586 100000
10.4632 100000
10.4679 100000
10.4725 100000
10.4772 100000
10.4818 100000
10.4865 100000
10.4911 100000
10.4958 100000
10.5005 100000
10.5051 100000
10.5098 100000
10.5145 100000
10.5192 100000
10.5238 100000
10.5285 100000
10.5332 100000
10.5379 100000
10.5426 100000
10.5473 100000
10.552 100000
10.5567 100000
10.5614 100000
10.5661 100000
10.5708 100000
10.5756 100000
10.5803 100000
10.585 100000
10.5897 100000
10.5944 100000
10.5992 100000
10.6039 100000
10.6087 100000
10.6134 100000
10.6181 100000
10.6229 100000
10.6276 100000
10.6324 100000
10.6371 100000
10.6419 100000
10.6467 100000
10.6514 100000
10.6562 100000
10.661 100000
10.6658 100000
10.6705 100000
10.6753 100000
10.6801 100000
10.6849 100000
10.6897 100000
10.6945 100000
10.6993 100000
10.7041 100000
10.7089 100000
10.7137 100000
10.7185 100000
10.7233 100000
10.7281 100000
10.733 100000
10.7378 100000
10.7426 100000
10.7474 100000
10.7523 100000
10.7571 100000
10.762 100000
10.7668 100000
10.7716 100000
10.7765 100000
10.7813 100000
10.7862 100000
10.7911 100000
10.7959 100000
10.8008 100000
10.8057 100000
10.8105 100000
10.8154 100000
10.8203 100000
10.8252 100000
10.8301 100000
10.8349 100000
10.8398 100000
10.8447 100000
10.8496 100000
10.8545 100000
10.8594 100000
10.8643 100000
10.8693 100000
10.8742 100000
10.8791 100000
10.884 100000
10.8889 100000
10.8939 100000
10.8988 100000
10.9037 100000
10.9087 100000
10.9136 100000
10.9186 100000
10.9235 100000
10.9285 100000
10.9334 100000
10.9384 100000
10.9433 100000
10.9483 100000
10.9533 100000
10.9582 100000
10.9632 100000
10.9682 100000
10.9732 100000
10.9782 100000
10.9831 100000
10.9881 100000
10.9931 100000
10.9981 100000
11.0031 100000
11.0081 100000
11.0131 100000
11.0182 100000
11.0232 100000
11.0282 100000
11.0332 100000
11.0382 100000
11.0433 100000
11.0483 100000
11.0533 100000
11.0584 100000
11.0634 100000
11.0684 100000
11.0735 100000
11.0785 100000
11.0836 100000
11.0887 100000
11.0937 100000
11.0988 100000
11.1039 100000
11.1089 100000
11.114 100000
11.1191 100000
11.1242 100000
11.1292 100000
11.1343 100000
11.1394 100000
11.1445 100000
11.1496 100000
11.1547 100000
11.1598 100000
11.1649 100000
11.1701 100000
11.1752 100000
11.1803 100000
11.1854 100000
11.1905 100000
11.1957 100000
11.2008 100000
11.2059 100000
11.2111 100000
11.2162 100000
11.2214 100000
11.2265 100000
11.2317 100000
11.2368 100000
11.242 100000
11.2471 100000
11.2523 100000
11.2575 100000
11.2627 100000
11.2678 100000
11.273 100000
11.2782 100000
11.2834 100000
11.2886 100000
11.2938 100000
11.299 100000
11.3042 100000
11.3094 100000
11.3146 100000
11.3198 100000
11.325 100000
11.3302 100000
11.3355 100000
11.3407 100000
11.3459 100000
11.3511 100000
11.3564 100000
11.3616 100000
11.3669 100000
11.3721 100000
11.3774 100000
11.3826 100000
11.3879 100000
11.3931 100000
11.3984 100000
11.4037 100000
11.4089 100000
11.4142 100000
11.4195 100000
11.4248 100000
11.4301 100000
11.4354 100000
11.4406 100000
11.4459 100000
11.4512 100000
11.4565 100000
11.4619 100000
11.4672 100000
11.4725 100000
11.4778 100000
11.4831 100000
11.4884 100000
11.4938 100000
11.4991 100000
11.5044 100000
11.5098 100000
11.5151 100000
11.5205 100000
11.5258 100000
11.5312 100000
11.5365 100000
11.5419 100000
11.5472 100000
11.5526 100000
11.558 100000
11.5634 100000
11.5687 100000
11.5741 100000
11.5795 100000
11.5849 100000
11.5903 100000
11.5957 100000
11.6011 100000
11.6065 100000
11.6119 100000
11.6173 100000
11.6227 100000
11.6281 100000
11.6336 100000
11.639 100000
11.6444 100000
11.6498 100000
11.6553 100000
11.6607 100000
11.6662 100000
11.6716 100000
11.6771 100000
11.6825 100000
11.688 100000
11.6934 100000
11.6989 100000
11.7044 100000
11.7098 100000
11.7153 100000
11.7208 100000
11.7263 100000
11.7318 100000
11.7373 100000
11.7427 100000
11.7482 100000
11.7537 100000
11.7593 100000
11.7648 100000
11.7703 100000
11.7758 100000
11.7813 100000
11.7868 100000
11.7924 100000
11.7979 100000
11.8034 100000
11.809 100000
11.8145 100000
11.8201 100000
11.8256 100000
11.8312 100000
11.8367 100000
11.8423 100000
11.8478 100000
11.8534 100000
11.859 100000
11.8646 100000
11.8701 100000
11.8757 100000
11.8813 100000
11.8869 100000
11.8925 100000
11.8981 100000
11.9037 100000
11.9093 100000
11.9149 100000
11.9205 100000
11.9261 100000
11.9317 100000
11.9374 100000
11.943 100000
11.9486 100000
11.9543 100000
11.9599 100000
11.9655 100000
11.9712 100000
11.9768 100000
11.9825 100000
11.9882 100000
11.9938 100000
11.9995 100000
12.0052 100000
12.0108 100000
12.0165 100000
12.0222 100000
12.0279 100000
12.0336 100000
12.0392 100000
12.0449 100000
12.0506 100000
12.0563 100000
12.0621 100000
12.0678 100000
12.0735 100000
12.0792 100000
12.0849 100000
12.0906 100000
12.0964 100000
12.1021 100000
12.1078 100000
12.1136 100000
12.1193 100000
12.1251 100000
12.1308 100000
12.1366 100000
12.1424 100000
12.1481 100000
12.1539 100000
12.1597 100000
12.1654 100000
12.1712 100000
12.177 100000
12.1828 100000
12.1886 100000
12.1944 100000
12.2002 100000
12.206 100000
12.2118 100000
12.2176 100000
12.2234 100000
12.2292 100000
12.235 100000
12.2409 100000
12.2467 100000
12.2525 100000
12.2584 100000
12.2642 100000
12.2701 100000
12.2759 100000
12.2818 100000
12.2876 100000
12.2935 100000
12.2993 100000
12.3052 100000
12.3111 100000
12.317 100000
12.3228 100000
12.3287 100000
12.3346 100000
12.3405 100000
12.3464 100000
12.3523 100000
12.3582 100000
12.3641 100000
12.37 100000
12.376 100000
12.3819 100000
12.3878 100000
12.3937 100000
12.3997 100000
12.4056 100000
12.4115 100000
12.4175 100000
12.4234 100000
12.4294 100000
12.4353 100000
12.4413 100000
12.4473 100000
12.4532 100000
12.4592 100000
12.4652 100000
12.4712 100000
12.4771 100000
12.4831 100000
12.4891 100000
12.4951 100000
12.5011 100000
12.5071 100000
12.5131 100000
12.5191 100000
12.5252 100000
12.5312 100000
12.5372 100000
12.5432 100000
12.5493 100000
12.5553 100000
12.5613 100000
12.5674 100000
12.5734 100000
12.5795 100000
12.5855 100000
12.5916 100000
12.5977 100000
12.6037 100000
12.6098 100000
12.6159 100000
12.622 100000
12.628 100000
12.6341 100000
12.6402 100000
12.6463 100000
12.6524 100000
12.6585 100000
12.6646 100000
12.6707 100000
12.6769 100000
12.683 100000
12.6891 100000
12.6952 100000
12.7014 100000
12.7075 100000
12.7136 100000
12.7198 100000
12.7259 100000
12.7321 100000
12.7383 100000
12.7444 100000
12.7506 100000
12.7567 100000
12.7629 100000
12.7691 100000
12.7753 100000
12.7815 100000
12.7877 100000
12.7939 100000
12.8001 100000
12.8063 100000
12.8125 100000
12.8187 100000
12.8249 100000
12.8311 100000
12.8373 100000
12.8436 100000
12.8498 100000
12.856 100000
12.8623 100000
12.8685 100000
12.8748 100000
12.881 100000
12.8873 100000
12.8935 100000
12.8998 100000
12.9061 100000
12.9123 100000
12.9186 100000
12.9249 100000
12.9312 100000
12.9375 100000
12.9438 100000
12.9501 100000
12.9564 100000
12.9627 100000
12.969 100000
12.9753 100000
12.9816 100000
12.988 100000
12.9943 100000
13.0006 100000
13.007 100000
13.0133 100000
13.0196 100000
13.026 100000
13.0323 100000
13.0387 100000
13.0451 100000
13.0514 100000
13.0578 100000
13.0642 100000
13.0706 100000
13.0769 100000
13.0833 100000
13.0897 100000
13.0961 100000
13.1025 100000
13.1089 100000
13.1153 100000
13.1218 100000
13.1282 100000
13.1346 100000
13.141 100000
13.1474 100000
13.1539 100000
13.1603 100000
13.1668 100000
13.1732 100000
13.1797 100000
13.1861 100000
13.1926 100000
13.199 100000
13.2055 100000
13.212 100000
13.2185 100000
13.2249 100000
13.2314 100000
13.2379 100000
13.2444 100000
13.2509 100000
13.2574 100000
13.2639 100000
13.2704 100000
13.277 100000
13.2835 100000
13.29 100000
13.2965 100000
13.3031 100000
13.3096 100000
13.3162 100000
13.3227 100000
13.3293 100000
13.3358 100000
13.3424 100000
13.3489 100000
13.3555 100000
13.3621 100000
13.3687 100000
13.3752 100000
13.3818 100000
13.3884 100000
13.395 100000
13.4016 100000
13.4082 100000
13.4148 100000
13.4214 100000
13.4281 100000
13.4347 100000
13.4413 100000
13.4479 100000
13.4546 100000
13.4612 100000
13.4679 100000
13.4745 100000
13.4812 100000
13.4878 100000
13.4945 100000
13.5011 100000
13.5078 100000
13.5145 100000
13.5212 100000
13.5279 100000
13.5345 100000
13.5412 100000
13.5479 100000
13.5546 100000
13.5613 100000
13.5681 100000
13.5748 100000
13.5815 100000
13.5882 100000
13.5949 100000
13.6017 100000
13.6084 100000
13.6152 100000
13.6219 100000
13.6287 100000
13.6354 100000
13.6422 100000
13.6489 100000
13.6557 100000
13.6625 100000
13.6693 100000
13.676 100000
13.6828 100000
13.6896 100000
13.6964 100000
13.7032 100000
13.71 100000
13.7168 100000
13.7237 100000
13.7305 100000
13.7373 100000
13.7441 100000
13.751 100000
13.7578 100000
13.7646 100000
13.7715 100000
13.7783 100000
13.7852 100000
13.792 100000
13.7989 100000
13.8058 100000
13.8127 100000
13.8195 100000
13.8264 100000
13.8333 100000
13.8402 100000
13.8471 100000
13.854 100000
13.8609 100000
13.8678 100000
13.8747 100000
13.8817 100000
13.8886 100000
13.8955 100000
13.9024 100000
13.9094 100000
13.9163 100000
13.9233 100000
13.9302 100000
13.9372 100000
13.9441 100000
13.9511 100000
13.9581 100000
13.9651 100000
13.972 100000
13.979 100000
13.986 100000
13.993 100000
14 100000
