Boron vs Depth
4541 2 2
Depth
Boron
0 2e+022
0.00700127 1.91278e+022
0.0139941 1.82938e+022
0.0209786 1.74973e+022
0.0279547 1.67374e+022
0.0349224 1.6013e+022
0.0418818 1.5323e+022
0.0488327 1.46661e+022
0.0557754 1.40411e+022
0.0627097 1.34466e+022
0.0696357 1.28814e+022
0.0765534 1.23441e+022
0.0834628 1.18334e+022
0.0903638 1.13481e+022
0.0972566 1.08869e+022
0.104141 1.04486e+022
0.111017 1.00321e+022
0.117885 9.63618e+021
0.124745 9.2598e+021
0.131597 8.90191e+021
0.13844 8.56156e+021
0.145275 8.23778e+021
0.152102 7.92969e+021
0.158921 7.63645e+021
0.165731 7.35725e+021
0.172533 7.09134e+021
0.179328 6.83798e+021
0.186114 6.59651e+021
0.192891 6.36628e+021
0.199661 6.14669e+021
0.206423 5.93716e+021
0.213176 5.73716e+021
0.219922 5.54618e+021
0.226659 5.36374e+021
0.233388 5.18939e+021
0.240109 5.02269e+021
0.246822 4.86327e+021
0.253527 4.71072e+021
0.260224 4.5647e+021
0.266913 4.42488e+021
0.273594 4.29094e+021
0.280267 4.16257e+021
0.286931 4.0395e+021
0.293588 3.92147e+021
0.300237 3.80821e+021
0.306878 3.69951e+021
0.313511 3.59513e+021
0.320136 3.49486e+021
0.326753 3.39851e+021
0.333362 3.30589e+021
0.339963 3.21683e+021
0.346556 3.13114e+021
0.353141 3.04868e+021
0.359718 2.9693e+021
0.366288 2.89286e+021
0.372849 2.81921e+021
0.379403 2.74824e+021
0.385949 2.67982e+021
0.392487 2.61385e+021
0.399017 2.5502e+021
0.405539 2.48879e+021
0.412054 2.4295e+021
0.41856 2.37226e+021
0.425059 2.31697e+021
0.43155 2.26355e+021
0.438033 2.21192e+021
0.444509 2.16201e+021
0.450976 2.11374e+021
0.457436 2.06706e+021
0.463889 2.02188e+021
0.470333 1.97815e+021
0.47677 1.93582e+021
0.483198 1.89483e+021
0.48962 1.85512e+021
0.496033 1.81664e+021
0.502439 1.77935e+021
0.508837 1.7432e+021
0.515228 1.70815e+021
0.52161 1.67415e+021
0.527985 1.64117e+021
0.534353 1.60916e+021
0.540713 1.5781e+021
0.547065 1.54794e+021
0.553409 1.51865e+021
0.559746 1.4902e+021
0.566076 1.46257e+021
0.572397 1.43571e+021
0.578711 1.40961e+021
0.585018 1.38423e+021
0.591317 1.35956e+021
0.597608 1.33556e+021
0.603892 1.31222e+021
0.610169 1.28951e+021
0.616437 1.2674e+021
0.622699 1.24589e+021
0.628952 1.22494e+021
0.635199 1.20455e+021
0.641437 1.18469e+021
0.647669 1.16534e+021
0.653892 1.14649e+021
0.660109 1.12812e+021
0.666318 1.11021e+021
0.672519 1.09276e+021
0.678713 1.07575e+021
0.684899 1.05915e+021
0.691078 1.04297e+021
0.69725 1.02719e+021
0.703414 1.01178e+021
0.709571 9.96756e+020
0.715721 9.82089e+020
0.721863 9.67773e+020
0.727997 9.53796e+020
0.734125 9.40149e+020
0.740245 9.26822e+020
0.746357 9.13805e+020
0.752463 9.0109e+020
0.758561 8.88667e+020
0.764651 8.76528e+020
0.770735 8.64665e+020
0.776811 8.5307e+020
0.782879 8.41735e+020
0.788941 8.30654e+020
0.794995 8.19818e+020
0.801042 8.09221e+020
0.807082 7.98856e+020
0.813114 7.88717e+020
0.819139 7.78798e+020
0.825157 7.69093e+020
0.831168 7.59596e+020
0.837171 7.50301e+020
0.843168 7.41202e+020
0.849157 7.32296e+020
0.855139 7.23576e+020
0.861113 7.15037e+020
0.867081 7.06676e+020
0.873041 6.98487e+020
0.878994 6.90465e+020
0.884941 6.82607e+020
0.890879 6.74909e+020
0.896811 6.67365e+020
0.902736 6.59973e+020
0.908654 6.52729e+020
0.914564 6.45628e+020
0.920467 6.38667e+020
0.926364 6.31844e+020
0.932253 6.25153e+020
0.938135 6.18593e+020
0.94401 6.1216e+020
0.949878 6.0585e+020
0.955739 5.99661e+020
0.961593 5.93591e+020
0.96744 5.87635e+020
0.97328 5.81792e+020
0.979113 5.76059e+020
0.984939 5.70433e+020
0.990758 5.64912e+020
0.996569 5.59492e+020
1.00237 5.54173e+020
1.00817 5.48951e+020
1.01396 5.43825e+020
1.01975 5.38792e+020
1.02552 5.3385e+020
1.03129 5.28997e+020
1.03706 5.24231e+020
1.04281 5.19549e+020
1.04856 5.14952e+020
1.05431 5.10435e+020
1.06004 5.05998e+020
1.06577 5.01639e+020
1.07149 4.97356e+020
1.07721 4.93147e+020
1.08292 4.89011e+020
1.08862 4.84946e+020
1.09431 4.80952e+020
1.1 4.77025e+020
1.10568 4.73165e+020
1.11135 4.69371e+020
1.11702 4.6564e+020
1.12268 4.61973e+020
1.12833 4.58366e+020
1.13398 4.5482e+020
1.13962 4.51333e+020
1.14525 4.47903e+020
1.15088 4.4453e+020
1.1565 4.41212e+020
1.16211 4.37948e+020
1.16772 4.34738e+020
1.17332 4.31579e+020
1.17891 4.28472e+020
1.1845 4.25414e+020
1.19008 4.22405e+020
1.19565 4.19445e+020
1.20122 4.16531e+020
1.20678 4.13664e+020
1.21233 4.10842e+020
1.21787 4.08064e+020
1.22341 4.0533e+020
1.22895 4.02638e+020
1.23447 3.99989e+020
1.23999 3.9738e+020
1.2455 3.94812e+020
1.25101 3.92283e+020
1.25651 3.89793e+020
1.262 3.87341e+020
1.26749 3.84926e+020
1.27297 3.82548e+020
1.27844 3.80206e+020
1.28391 3.77899e+020
1.28937 3.75627e+020
1.29482 3.73389e+020
1.30027 3.71184e+020
1.30571 3.69012e+020
1.31114 3.66872e+020
1.31657 3.64764e+020
1.32199 3.62687e+020
1.3274 3.6064e+020
1.33281 3.58623e+020
1.33821 3.56636e+020
1.34361 3.54677e+020
1.349 3.52747e+020
1.35438 3.50844e+020
1.35975 3.48969e+020
1.36512 3.47121e+020
1.37049 3.45299e+020
1.37584 3.43504e+020
1.38119 3.41733e+020
1.38653 3.39988e+020
1.39187 3.38268e+020
1.3972 3.36571e+020
1.40253 3.34899e+020
1.40784 3.3325e+020
1.41315 3.31624e+020
1.41846 3.3002e+020
1.42376 3.28439e+020
1.42905 3.2688e+020
1.43434 3.25342e+020
1.43961 3.23825e+020
1.44489 3.22329e+020
1.45015 3.20854e+020
1.45542 3.19398e+020
1.46067 3.17963e+020
1.46592 3.16546e+020
1.47116 3.1515e+020
1.47639 3.13771e+020
1.48162 3.12412e+020
1.48685 3.1107e+020
1.49206 3.09747e+020
1.49727 3.08441e+020
1.50248 3.07153e+020
1.50767 3.05881e+020
1.51286 3.04627e+020
1.51805 3.03389e+020
1.52323 3.02167e+020
1.5284 3.00961e+020
1.53357 2.99771e+020
1.53873 2.98597e+020
1.54388 2.97438e+020
1.54903 2.96294e+020
1.55417 2.95165e+020
1.55931 2.9405e+020
1.56444 2.9295e+020
1.56956 2.91864e+020
1.57468 2.90792e+020
1.57979 2.89733e+020
1.58489 2.88688e+020
1.58999 2.87657e+020
1.59508 2.86638e+020
1.60017 2.85632e+020
1.60525 2.8464e+020
1.61033 2.83659e+020
1.61539 2.82691e+020
1.62046 2.81735e+020
1.62551 2.80791e+020
1.63056 2.79859e+020
1.63561 2.78939e+020
1.64064 2.78029e+020
1.64567 2.77132e+020
1.6507 2.76245e+020
1.65572 2.75369e+020
1.66073 2.74504e+020
1.66574 2.7365e+020
1.67074 2.72806e+020
1.67574 2.71973e+020
1.68073 2.71149e+020
1.68571 2.70336e+020
1.69069 2.69533e+020
1.69566 2.68739e+020
1.70063 2.67955e+020
1.70559 2.6718e+020
1.71054 2.66415e+020
1.71549 2.65659e+020
1.72043 2.64912e+020
1.72537 2.64174e+020
1.7303 2.63445e+020
1.73522 2.62724e+020
1.74014 2.62013e+020
1.74505 2.61309e+020
1.74996 2.60614e+020
1.75486 2.59927e+020
1.75975 2.59248e+020
1.76464 2.58578e+020
1.76952 2.57915e+020
1.7744 2.5726e+020
1.77927 2.56612e+020
1.78414 2.55972e+020
1.789 2.5534e+020
1.79385 2.54715e+020
1.7987 2.54097e+020
1.80354 2.53487e+020
1.80838 2.52883e+020
1.81321 2.52287e+020
1.81803 2.51697e+020
1.82285 2.51114e+020
1.82766 2.50538e+020
1.83247 2.49968e+020
1.83727 2.49405e+020
1.84207 2.48849e+020
1.84686 2.48299e+020
1.85164 2.47755e+020
1.85642 2.47217e+020
1.86119 2.46685e+020
1.86596 2.4616e+020
1.87072 2.4564e+020
1.87548 2.45126e+020
1.88023 2.44618e+020
1.88497 2.44116e+020
1.88971 2.43619e+020
1.89444 2.43128e+020
1.89917 2.42642e+020
1.90389 2.42162e+020
1.90861 2.41687e+020
1.91332 2.41218e+020
1.91802 2.40754e+020
1.92272 2.40294e+020
1.92741 2.3984e+020
1.9321 2.39391e+020
1.93678 2.38947e+020
1.94146 2.38508e+020
1.94613 2.38074e+020
1.95079 2.37644e+020
1.95545 2.37219e+020
1.96011 2.36799e+020
1.96476 2.36383e+020
1.9694 2.35972e+020
1.97404 2.35566e+020
1.97867 2.35164e+020
1.98329 2.34766e+020
1.98791 2.34372e+020
1.99253 2.33983e+020
1.99714 2.33598e+020
2.00174 2.33217e+020
2.00634 2.32841e+020
2.01093 2.32468e+020
2.01552 2.32099e+020
2.0201 2.31735e+020
2.02468 2.31374e+020
2.02925 2.31017e+020
2.03381 2.30664e+020
2.03837 2.30315e+020
2.04293 2.29969e+020
2.04748 2.29627e+020
2.05202 2.29289e+020
2.05656 2.28954e+020
2.06109 2.28623e+020
2.06562 2.28295e+020
2.07014 2.27971e+020
2.07465 2.2765e+020
2.07917 2.27333e+020
2.08367 2.27019e+020
2.08817 2.26708e+020
2.09267 2.26401e+020
2.09715 2.26097e+020
2.10164 2.25796e+020
2.10612 2.25498e+020
2.11059 2.25203e+020
2.11506 2.24911e+020
2.11952 2.24622e+020
2.12398 2.24337e+020
2.12843 2.24054e+020
2.13287 2.23774e+020
2.13731 2.23497e+020
2.14175 2.23223e+020
2.14618 2.22952e+020
2.15061 2.22684e+020
2.15502 2.22418e+020
2.15944 2.22155e+020
2.16385 2.21895e+020
2.16825 2.21638e+020
2.17265 2.21383e+020
2.17704 2.21131e+020
2.18143 2.20881e+020
2.18581 2.20634e+020
2.19019 2.20389e+020
2.19456 2.20147e+020
2.19893 2.19908e+020
2.20329 2.19671e+020
2.20765 2.19436e+020
2.212 2.19203e+020
2.21634 2.18973e+020
2.22068 2.18746e+020
2.22502 2.1852e+020
2.22935 2.18297e+020
2.23368 2.18076e+020
2.238 2.17858e+020
2.24231 2.17641e+020
2.24662 2.17427e+020
2.25092 2.17215e+020
2.25522 2.17005e+020
2.25952 2.16797e+020
2.26381 2.16591e+020
2.26809 2.16387e+020
2.27237 2.16186e+020
2.27664 2.15986e+020
2.28091 2.15786e+020
2.28517 2.15586e+020
2.28943 2.15386e+020
2.29368 2.15187e+020
2.29793 2.14987e+020
2.30217 2.14788e+020
2.30641 2.14589e+020
2.31064 2.1439e+020
2.31487 2.14192e+020
2.31909 2.13993e+020
2.32331 2.13795e+020
2.32752 2.13596e+020
2.33173 2.13398e+020
2.33593 2.132e+020
2.34013 2.13003e+020
2.34432 2.12805e+020
2.34851 2.12607e+020
2.35269 2.1241e+020
2.35687 2.12213e+020
2.36104 2.12016e+020
2.36521 2.11819e+020
2.36937 2.11622e+020
2.37353 2.11426e+020
2.37768 2.11229e+020
2.38182 2.11033e+020
2.38597 2.10837e+020
2.3901 2.10641e+020
2.39424 2.10445e+020
2.39836 2.10249e+020
2.40249 2.10054e+020
2.4066 2.09859e+020
2.41071 2.09663e+020
2.41482 2.09468e+020
2.41892 2.09274e+020
2.42302 2.09079e+020
2.42711 2.08884e+020
2.4312 2.0869e+020
2.43528 2.08496e+020
2.43936 2.08301e+020
2.44344 2.08107e+020
2.4475 2.07914e+020
2.45157 2.0772e+020
2.45562 2.07526e+020
2.45968 2.07333e+020
2.46373 2.0714e+020
2.46777 2.06947e+020
2.47181 2.06754e+020
2.47584 2.06561e+020
2.47987 2.06369e+020
2.4839 2.06176e+020
2.48792 2.05984e+020
2.49193 2.05792e+020
2.49594 2.056e+020
2.49995 2.05408e+020
2.50395 2.05216e+020
2.50794 2.05025e+020
2.51193 2.04834e+020
2.51592 2.04642e+020
2.5199 2.04451e+020
2.52387 2.0426e+020
2.52785 2.0407e+020
2.53181 2.03879e+020
2.53577 2.03689e+020
2.53973 2.03498e+020
2.54368 2.03308e+020
2.54763 2.03118e+020
2.55157 2.02928e+020
2.55551 2.02739e+020
2.55945 2.02549e+020
2.56338 2.0236e+020
2.5673 2.02171e+020
2.57122 2.01982e+020
2.57513 2.01793e+020
2.57904 2.01604e+020
2.58295 2.01415e+020
2.58685 2.01227e+020
2.59075 2.01039e+020
2.59464 2.0085e+020
2.59852 2.00662e+020
2.6024 2.00475e+020
2.60628 2.00287e+020
2.61015 2.00099e+020
2.61402 1.99912e+020
2.61789 1.99725e+020
2.62174 1.99538e+020
2.6256 1.99351e+020
2.62945 1.99164e+020
2.63329 1.98977e+020
2.63713 1.98791e+020
2.64097 1.98605e+020
2.6448 1.98418e+020
2.64862 1.98232e+020
2.65245 1.98047e+020
2.65626 1.97861e+020
2.66008 1.97675e+020
2.66388 1.9749e+020
2.66769 1.97305e+020
2.67149 1.9712e+020
2.67528 1.96935e+020
2.67907 1.9675e+020
2.68286 1.96565e+020
2.68664 1.96381e+020
2.69041 1.96196e+020
2.69418 1.96012e+020
2.69795 1.95828e+020
2.70171 1.95644e+020
2.70547 1.95461e+020
2.70922 1.95277e+020
2.71297 1.95094e+020
2.71672 1.9491e+020
2.72046 1.94727e+020
2.72419 1.94544e+020
2.72792 1.94362e+020
2.73165 1.94179e+020
2.73537 1.93996e+020
2.73909 1.93814e+020
2.7428 1.93632e+020
2.74651 1.9345e+020
2.75022 1.93268e+020
2.75392 1.93086e+020
2.75761 1.92905e+020
2.7613 1.92723e+020
2.76499 1.92542e+020
2.76867 1.92361e+020
2.77235 1.9218e+020
2.77602 1.91999e+020
2.77969 1.91818e+020
2.78336 1.91638e+020
2.78701 1.91457e+020
2.79067 1.91277e+020
2.79432 1.91097e+020
2.79797 1.90917e+020
2.80161 1.90737e+020
2.80525 1.90558e+020
2.80888 1.90378e+020
2.81251 1.90199e+020
2.81614 1.9002e+020
2.81976 1.89841e+020
2.82337 1.89662e+020
2.82699 1.89483e+020
2.83059 1.89305e+020
2.8342 1.89126e+020
2.8378 1.88948e+020
2.84139 1.8877e+020
2.84498 1.88592e+020
2.84857 1.88414e+020
2.85215 1.88236e+020
2.85573 1.88059e+020
2.8593 1.87881e+020
2.86287 1.87704e+020
2.86643 1.87527e+020
2.86999 1.8735e+020
2.87355 1.87174e+020
2.8771 1.86997e+020
2.88065 1.86821e+020
2.88419 1.86644e+020
2.88773 1.86468e+020
2.89126 1.86292e+020
2.89479 1.86116e+020
2.89832 1.85941e+020
2.90184 1.85765e+020
2.90536 1.8559e+020
2.90887 1.85414e+020
2.91238 1.85239e+020
2.91589 1.85064e+020
2.91939 1.84889e+020
2.92289 1.84715e+020
2.92638 1.8454e+020
2.92987 1.84366e+020
2.93335 1.84192e+020
2.93683 1.84018e+020
2.94031 1.83844e+020
2.94378 1.8367e+020
2.94725 1.83496e+020
2.95071 1.83323e+020
2.95417 1.8315e+020
2.95762 1.82977e+020
2.96107 1.82804e+020
2.96452 1.82631e+020
2.96796 1.82458e+020
2.9714 1.82285e+020
2.97483 1.82113e+020
2.97827 1.81941e+020
2.98169 1.81769e+020
2.98511 1.81597e+020
2.98853 1.81425e+020
2.99194 1.81253e+020
2.99535 1.81082e+020
2.99876 1.8091e+020
3.00216 1.80739e+020
3.00556 1.80568e+020
3.00895 1.80397e+020
3.01234 1.80226e+020
3.01573 1.80056e+020
3.01911 1.79885e+020
3.02248 1.79715e+020
3.02586 1.79545e+020
3.02923 1.79375e+020
3.03259 1.79205e+020
3.03595 1.79035e+020
3.03931 1.78866e+020
3.04266 1.78696e+020
3.04601 1.78527e+020
3.04935 1.78358e+020
3.05269 1.78189e+020
3.05603 1.7802e+020
3.05936 1.77851e+020
3.06269 1.77683e+020
3.06602 1.77514e+020
3.06934 1.77346e+020
3.07265 1.77178e+020
3.07597 1.7701e+020
3.07928 1.76842e+020
3.08258 1.76675e+020
3.08588 1.76507e+020
3.08918 1.7634e+020
3.09247 1.76173e+020
3.09576 1.76006e+020
3.09904 1.75839e+020
3.10233 1.75672e+020
3.1056 1.75505e+020
3.10888 1.75339e+020
3.11214 1.75173e+020
3.11541 1.75006e+020
3.11867 1.7484e+020
3.12193 1.74674e+020
3.12518 1.74509e+020
3.12843 1.74343e+020
3.13168 1.74178e+020
3.13492 1.74012e+020
3.13816 1.73847e+020
3.14139 1.73682e+020
3.14462 1.73517e+020
3.14785 1.73353e+020
3.15107 1.73188e+020
3.15429 1.73024e+020
3.1575 1.72859e+020
3.16071 1.72695e+020
3.16392 1.72531e+020
3.16712 1.72368e+020
3.17032 1.72204e+020
3.17352 1.7204e+020
3.17671 1.71877e+020
3.1799 1.71714e+020
3.18308 1.71551e+020
3.18626 1.71388e+020
3.18944 1.71225e+020
3.19261 1.71062e+020
3.19578 1.709e+020
3.19895 1.70737e+020
3.20211 1.70575e+020
3.20526 1.70413e+020
3.20842 1.70251e+020
3.21157 1.70089e+020
3.21471 1.69928e+020
3.21785 1.69766e+020
3.22099 1.69605e+020
3.22413 1.69444e+020
3.22726 1.69283e+020
3.23039 1.69122e+020
3.23351 1.68961e+020
3.23663 1.688e+020
3.23974 1.6864e+020
3.24286 1.68479e+020
3.24596 1.68319e+020
3.24907 1.68159e+020
3.25217 1.67999e+020
3.25527 1.6784e+020
3.25836 1.6768e+020
3.26145 1.6752e+020
3.26454 1.67361e+020
3.26762 1.67202e+020
3.2707 1.67043e+020
3.27377 1.66884e+020
3.27684 1.66725e+020
3.27991 1.66567e+020
3.28298 1.66408e+020
3.28604 1.6625e+020
3.28909 1.66092e+020
3.29214 1.65934e+020
3.29519 1.65776e+020
3.29824 1.65618e+020
3.30128 1.6546e+020
3.30432 1.65303e+020
3.30735 1.65146e+020
3.31039 1.64988e+020
3.31341 1.64831e+020
3.31644 1.64675e+020
3.31946 1.64518e+020
3.32247 1.64361e+020
3.32549 1.64205e+020
3.32849 1.64048e+020
3.3315 1.63892e+020
3.3345 1.63736e+020
3.3375 1.6358e+020
3.3405 1.63425e+020
3.34349 1.63269e+020
3.34647 1.63114e+020
3.34946 1.62958e+020
3.35244 1.62803e+020
3.35541 1.62648e+020
3.35839 1.62493e+020
3.36136 1.62338e+020
3.36432 1.62184e+020
3.36729 1.62029e+020
3.37025 1.61875e+020
3.3732 1.61721e+020
3.37615 1.61567e+020
3.3791 1.61413e+020
3.38205 1.61259e+020
3.38499 1.61106e+020
3.38792 1.60952e+020
3.39086 1.60799e+020
3.39379 1.60646e+020
3.39672 1.60493e+020
3.39964 1.6034e+020
3.40256 1.60187e+020
3.40548 1.60034e+020
3.40839 1.59882e+020
3.4113 1.5973e+020
3.41421 1.59577e+020
3.41711 1.59425e+020
3.42001 1.59273e+020
3.4229 1.59122e+020
3.4258 1.5897e+020
3.42868 1.58818e+020
3.43157 1.58667e+020
3.43445 1.58516e+020
3.43733 1.58365e+020
3.44021 1.58214e+020
3.44308 1.58063e+020
3.44594 1.57912e+020
3.44881 1.57762e+020
3.45167 1.57612e+020
3.45453 1.57461e+020
3.45738 1.57311e+020
3.46023 1.57161e+020
3.46308 1.57012e+020
3.46592 1.56862e+020
3.46877 1.56712e+020
3.4716 1.56563e+020
3.47444 1.56414e+020
3.47727 1.56265e+020
3.48009 1.56116e+020
3.48292 1.55967e+020
3.48574 1.55818e+020
3.48855 1.55669e+020
3.49137 1.55521e+020
3.49418 1.55373e+020
3.49698 1.55225e+020
3.49979 1.55077e+020
3.50259 1.54929e+020
3.50538 1.54781e+020
3.50818 1.54633e+020
3.51097 1.54486e+020
3.51375 1.54339e+020
3.51654 1.54191e+020
3.51932 1.54044e+020
3.52209 1.53898e+020
3.52487 1.53751e+020
3.52764 1.53604e+020
3.5304 1.53458e+020
3.53317 1.53311e+020
3.53593 1.53165e+020
3.53868 1.53019e+020
3.54143 1.52873e+020
3.54418 1.52727e+020
3.54693 1.52582e+020
3.54967 1.52436e+020
3.55241 1.52291e+020
3.55515 1.52146e+020
3.55789 1.52e+020
3.56062 1.51855e+020
3.56334 1.51711e+020
3.56607 1.51566e+020
3.56879 1.51421e+020
3.5715 1.51277e+020
3.57422 1.51133e+020
3.57693 1.50988e+020
3.57963 1.50844e+020
3.58234 1.50701e+020
3.58504 1.50557e+020
3.58774 1.50413e+020
3.59043 1.5027e+020
3.59312 1.50126e+020
3.59581 1.49983e+020
3.5985 1.4984e+020
3.60118 1.49697e+020
3.60386 1.49554e+020
3.60653 1.49412e+020
3.6092 1.49269e+020
3.61187 1.49127e+020
3.61454 1.48985e+020
3.6172 1.48842e+020
3.61986 1.48701e+020
3.62251 1.48559e+020
3.62517 1.48417e+020
3.62781 1.48275e+020
3.63046 1.48134e+020
3.6331 1.47993e+020
3.63574 1.47851e+020
3.63838 1.4771e+020
3.64101 1.4757e+020
3.64364 1.47429e+020
3.64627 1.47288e+020
3.6489 1.47148e+020
3.65152 1.47007e+020
3.65413 1.46867e+020
3.65675 1.46727e+020
3.65936 1.46587e+020
3.66197 1.46447e+020
3.66457 1.46307e+020
3.66718 1.46168e+020
3.66978 1.46028e+020
3.67237 1.45889e+020
3.67496 1.4575e+020
3.67755 1.45611e+020
3.68014 1.45472e+020
3.68272 1.45333e+020
3.6853 1.45195e+020
3.68788 1.45056e+020
3.69046 1.44918e+020
3.69303 1.4478e+020
3.69559 1.44642e+020
3.69816 1.44504e+020
3.70072 1.44366e+020
3.70328 1.44228e+020
3.70584 1.4409e+020
3.70839 1.43953e+020
3.71094 1.43816e+020
3.71348 1.43679e+020
3.71603 1.43542e+020
3.71857 1.43405e+020
3.7211 1.43268e+020
3.72364 1.43131e+020
3.72617 1.42995e+020
3.7287 1.42858e+020
3.73122 1.42722e+020
3.73375 1.42586e+020
3.73626 1.4245e+020
3.73878 1.42314e+020
3.74129 1.42178e+020
3.7438 1.42043e+020
3.74631 1.41907e+020
3.74881 1.41772e+020
3.75132 1.41637e+020
3.75381 1.41502e+020
3.75631 1.41367e+020
3.7588 1.41232e+020
3.76129 1.41097e+020
3.76378 1.40963e+020
3.76626 1.40828e+020
3.76874 1.40694e+020
3.77122 1.4056e+020
3.77369 1.40426e+020
3.77616 1.40292e+020
3.77863 1.40158e+020
3.78109 1.40025e+020
3.78356 1.39891e+020
3.78602 1.39758e+020
3.78847 1.39625e+020
3.79093 1.39492e+020
3.79338 1.39359e+020
3.79582 1.39226e+020
3.79827 1.39093e+020
3.80071 1.3896e+020
3.80315 1.38828e+020
3.80558 1.38696e+020
3.80802 1.38563e+020
3.81045 1.38431e+020
3.81287 1.38299e+020
3.8153 1.38168e+020
3.81772 1.38036e+020
3.82014 1.37904e+020
3.82255 1.37773e+020
3.82496 1.37642e+020
3.82737 1.3751e+020
3.82978 1.37379e+020
3.83218 1.37248e+020
3.83459 1.37118e+020
3.83698 1.36987e+020
3.83938 1.36856e+020
3.84177 1.36726e+020
3.84416 1.36596e+020
3.84655 1.36466e+020
3.84893 1.36336e+020
3.85131 1.36206e+020
3.85369 1.36076e+020
3.85606 1.35946e+020
3.85844 1.35817e+020
3.86081 1.35687e+020
3.86317 1.35558e+020
3.86554 1.35429e+020
3.8679 1.353e+020
3.87026 1.35171e+020
3.87261 1.35042e+020
3.87496 1.34914e+020
3.87731 1.34785e+020
3.87966 1.34657e+020
3.882 1.34529e+020
3.88434 1.34401e+020
3.88668 1.34273e+020
3.88902 1.34145e+020
3.89135 1.34017e+020
3.89368 1.33889e+020
3.89601 1.33762e+020
3.89833 1.33634e+020
3.90065 1.33507e+020
3.90297 1.3338e+020
3.90529 1.33253e+020
3.9076 1.33126e+020
3.90991 1.33e+020
3.91222 1.32873e+020
3.91452 1.32746e+020
3.91683 1.3262e+020
3.91913 1.32494e+020
3.92142 1.32368e+020
3.92372 1.32242e+020
3.92601 1.32116e+020
3.92829 1.3199e+020
3.93058 1.31865e+020
3.93286 1.31739e+020
3.93514 1.31614e+020
3.93742 1.31488e+020
3.93969 1.31363e+020
3.94197 1.31238e+020
3.94424 1.31113e+020
3.9465 1.30989e+020
3.94877 1.30864e+020
3.95103 1.3074e+020
3.95328 1.30615e+020
3.95554 1.30491e+020
3.95779 1.30367e+020
3.96004 1.30243e+020
3.96229 1.30119e+020
3.96454 1.29995e+020
3.96678 1.29872e+020
3.96902 1.29748e+020
3.97125 1.29625e+020
3.97349 1.29501e+020
3.97572 1.29378e+020
3.97795 1.29255e+020
3.98017 1.29132e+020
3.9824 1.2901e+020
3.98462 1.28887e+020
3.98683 1.28764e+020
3.98905 1.28642e+020
3.99126 1.2852e+020
3.99347 1.28398e+020
3.99568 1.28276e+020
3.99788 1.28154e+020
4.00009 1.28032e+020
4.00229 1.2791e+020
4.00448 1.27789e+020
4.00668 1.27667e+020
4.00887 1.27546e+020
4.01106 1.27425e+020
4.01324 1.27304e+020
4.01543 1.27183e+020
4.01761 1.27062e+020
4.01979 1.26941e+020
4.02196 1.26821e+020
4.02413 1.267e+020
4.02631 1.2658e+020
4.02847 1.2646e+020
4.03064 1.2634e+020
4.0328 1.2622e+020
4.03496 1.261e+020
4.03712 1.2598e+020
4.03927 1.2586e+020
4.04143 1.25741e+020
4.04358 1.25621e+020
4.04572 1.25502e+020
4.04787 1.25383e+020
4.05001 1.25264e+020
4.05215 1.25145e+020
4.05429 1.25026e+020
4.05642 1.24908e+020
4.05855 1.24789e+020
4.06068 1.24671e+020
4.06281 1.24552e+020
4.06493 1.24434e+020
4.06705 1.24316e+020
4.06917 1.24198e+020
4.07129 1.2408e+020
4.0734 1.23963e+020
4.07551 1.23845e+020
4.07762 1.23728e+020
4.07973 1.2361e+020
4.08183 1.23493e+020
4.08393 1.23376e+020
4.08603 1.23259e+020
4.08813 1.23142e+020
4.09022 1.23025e+020
4.09231 1.22909e+020
4.0944 1.22792e+020
4.09649 1.22676e+020
4.09857 1.2256e+020
4.10065 1.22443e+020
4.10273 1.22327e+020
4.10481 1.22211e+020
4.10688 1.22096e+020
4.10895 1.2198e+020
4.11102 1.21864e+020
4.11309 1.21749e+020
4.11515 1.21633e+020
4.11721 1.21518e+020
4.11927 1.21403e+020
4.12133 1.21288e+020
4.12338 1.21173e+020
4.12543 1.21058e+020
4.12748 1.20944e+020
4.12953 1.20829e+020
4.13157 1.20715e+020
4.13361 1.20601e+020
4.13565 1.20486e+020
4.13769 1.20372e+020
4.13972 1.20258e+020
4.14175 1.20145e+020
4.14378 1.20031e+020
4.14581 1.19917e+020
4.14783 1.19804e+020
4.14986 1.1969e+020
4.15188 1.19577e+020
4.15389 1.19464e+020
4.15591 1.19351e+020
4.15792 1.19238e+020
4.15993 1.19125e+020
4.16194 1.19013e+020
4.16394 1.189e+020
4.16594 1.18788e+020
4.16794 1.18675e+020
4.16994 1.18563e+020
4.17194 1.18451e+020
4.17393 1.18339e+020
4.17592 1.18227e+020
4.17791 1.18115e+020
4.1799 1.18004e+020
4.18188 1.17892e+020
4.18386 1.17781e+020
4.18584 1.17669e+020
4.18782 1.17558e+020
4.18979 1.17447e+020
4.19176 1.17336e+020
4.19373 1.17225e+020
4.1957 1.17114e+020
4.19766 1.17004e+020
4.19962 1.16893e+020
4.20158 1.16783e+020
4.20354 1.16673e+020
4.2055 1.16562e+020
4.20745 1.16452e+020
4.2094 1.16342e+020
4.21135 1.16233e+020
4.21329 1.16123e+020
4.21524 1.16013e+020
4.21718 1.15904e+020
4.21912 1.15794e+020
4.22105 1.15685e+020
4.22299 1.15576e+020
4.22492 1.15467e+020
4.22685 1.15358e+020
4.22878 1.15249e+020
4.2307 1.1514e+020
4.23262 1.15032e+020
4.23454 1.14923e+020
4.23646 1.14815e+020
4.23838 1.14707e+020
4.24029 1.14599e+020
4.2422 1.1449e+020
4.24411 1.14383e+020
4.24602 1.14275e+020
4.24792 1.14167e+020
4.24982 1.14059e+020
4.25172 1.13952e+020
4.25362 1.13845e+020
4.25551 1.13737e+020
4.25741 1.1363e+020
4.2593 1.13523e+020
4.26118 1.13416e+020
4.26307 1.13309e+020
4.26495 1.13203e+020
4.26684 1.13096e+020
4.26871 1.12989e+020
4.27059 1.12883e+020
4.27247 1.12777e+020
4.27434 1.12671e+020
4.27621 1.12565e+020
4.27808 1.12459e+020
4.27994 1.12353e+020
4.28181 1.12247e+020
4.28367 1.12141e+020
4.28553 1.12036e+020
4.28738 1.11931e+020
4.28924 1.11825e+020
4.29109 1.1172e+020
4.29294 1.11615e+020
4.29479 1.1151e+020
4.29663 1.11405e+020
4.29848 1.113e+020
4.30032 1.11196e+020
4.30216 1.11091e+020
4.30399 1.10987e+020
4.30583 1.10882e+020
4.30766 1.10778e+020
4.30949 1.10674e+020
4.31132 1.1057e+020
4.31314 1.10466e+020
4.31497 1.10363e+020
4.31679 1.10259e+020
4.31861 1.10155e+020
4.32042 1.10052e+020
4.32224 1.09948e+020
4.32405 1.09845e+020
4.32586 1.09742e+020
4.32767 1.09639e+020
4.32948 1.09536e+020
4.33128 1.09433e+020
4.33308 1.09331e+020
4.33488 1.09228e+020
4.33668 1.09126e+020
4.33847 1.09023e+020
4.34027 1.08921e+020
4.34206 1.08819e+020
4.34385 1.08717e+020
4.34563 1.08615e+020
4.34742 1.08513e+020
4.3492 1.08411e+020
4.35098 1.08309e+020
4.35276 1.08208e+020
4.35453 1.08107e+020
4.35631 1.08005e+020
4.35808 1.07904e+020
4.35985 1.07803e+020
4.36162 1.07702e+020
4.36338 1.07601e+020
4.36515 1.075e+020
4.36691 1.07399e+020
4.36867 1.07299e+020
4.37042 1.07198e+020
4.37218 1.07098e+020
4.37393 1.06998e+020
4.37568 1.06898e+020
4.37743 1.06798e+020
4.37918 1.06698e+020
4.38092 1.06598e+020
4.38266 1.06498e+020
4.3844 1.06398e+020
4.38614 1.06299e+020
4.38788 1.06199e+020
4.38961 1.061e+020
4.39134 1.06001e+020
4.39307 1.05902e+020
4.3948 1.05803e+020
4.39652 1.05704e+020
4.39825 1.05605e+020
4.39997 1.05506e+020
4.40169 1.05408e+020
4.40341 1.05309e+020
4.40512 1.05211e+020
4.40683 1.05112e+020
4.40854 1.05014e+020
4.41025 1.04916e+020
4.41196 1.04818e+020
4.41367 1.0472e+020
4.41537 1.04623e+020
4.41707 1.04525e+020
4.41877 1.04427e+020
4.42046 1.0433e+020
4.42216 1.04232e+020
4.42385 1.04135e+020
4.42554 1.04038e+020
4.42723 1.03941e+020
4.42892 1.03844e+020
4.4306 1.03747e+020
4.43228 1.0365e+020
4.43397 1.03554e+020
4.43564 1.03457e+020
4.43732 1.03361e+020
4.43899 1.03264e+020
4.44067 1.03168e+020
4.44234 1.03072e+020
4.44401 1.02976e+020
4.44567 1.0288e+020
4.44734 1.02784e+020
4.449 1.02688e+020
4.45066 1.02593e+020
4.45232 1.02497e+020
4.45397 1.02402e+020
4.45563 1.02306e+020
4.45728 1.02211e+020
4.45893 1.02116e+020
4.46058 1.02021e+020
4.46223 1.01926e+020
4.46387 1.01831e+020
4.46551 1.01736e+020
4.46715 1.01642e+020
4.46879 1.01547e+020
4.47043 1.01453e+020
4.47206 1.01359e+020
4.4737 1.01264e+020
4.47533 1.0117e+020
4.47696 1.01076e+020
4.47858 1.00982e+020
4.48021 1.00888e+020
4.48183 1.00795e+020
4.48345 1.00701e+020
4.48507 1.00607e+020
4.48669 1.00514e+020
4.4883 1.00421e+020
4.48992 1.00327e+020
4.49153 1.00234e+020
4.49314 1.00141e+020
4.49475 1.00048e+020
4.49635 9.99554e+019
4.49795 9.98626e+019
4.49956 9.97699e+019
4.50116 9.96774e+019
4.50275 9.95849e+019
4.50435 9.94926e+019
4.50594 9.94003e+019
4.50754 9.93081e+019
4.50913 9.92161e+019
4.51071 9.91241e+019
4.5123 9.90322e+019
4.51389 9.89404e+019
4.51547 9.88488e+019
4.51705 9.87572e+019
4.51863 9.86657e+019
4.5202 9.85743e+019
4.52178 9.8483e+019
4.52335 9.83918e+019
4.52492 9.83007e+019
4.52649 9.82097e+019
4.52806 9.81188e+019
4.52963 9.8028e+019
4.53119 9.79373e+019
4.53275 9.78467e+019
4.53431 9.77562e+019
4.53587 9.76658e+019
4.53742 9.75754e+019
4.53898 9.74852e+019
4.54053 9.73951e+019
4.54208 9.73051e+019
4.54363 9.72151e+019
4.54518 9.71253e+019
4.54672 9.70355e+019
4.54827 9.69459e+019
4.54981 9.68563e+019
4.55135 9.67669e+019
4.55288 9.66775e+019
4.55442 9.65882e+019
4.55595 9.6499e+019
4.55749 9.641e+019
4.55902 9.6321e+019
4.56054 9.62321e+019
4.56207 9.61433e+019
4.5636 9.60546e+019
4.56512 9.5966e+019
4.56664 9.58775e+019
4.56816 9.5789e+019
4.56968 9.57007e+019
4.57119 9.56125e+019
4.57271 9.55244e+019
4.57422 9.54363e+019
4.57573 9.53484e+019
4.57724 9.52605e+019
4.57874 9.51728e+019
4.58025 9.50851e+019
4.58175 9.49975e+019
4.58325 9.49101e+019
4.58475 9.48227e+019
4.58625 9.47354e+019
4.58774 9.46482e+019
4.58924 9.45611e+019
4.59073 9.44741e+019
4.59222 9.43872e+019
4.59371 9.43003e+019
4.59519 9.42136e+019
4.59668 9.4127e+019
4.59816 9.40404e+019
4.59964 9.3954e+019
4.60112 9.38676e+019
4.6026 9.37813e+019
4.60408 9.36952e+019
4.60555 9.36091e+019
4.60702 9.35231e+019
4.6085 9.34372e+019
4.60996 9.33514e+019
4.61143 9.32657e+019
4.6129 9.31801e+019
4.61436 9.30945e+019
4.61582 9.30091e+019
4.61728 9.29237e+019
4.61874 9.28385e+019
4.6202 9.27533e+019
4.62165 9.26682e+019
4.62311 9.25833e+019
4.62456 9.24984e+019
4.62601 9.24136e+019
4.62745 9.23289e+019
4.6289 9.22443e+019
4.63035 9.21597e+019
4.63179 9.20753e+019
4.63323 9.1991e+019
4.63467 9.19067e+019
4.63611 9.18225e+019
4.63754 9.17385e+019
4.63898 9.16545e+019
4.64041 9.15706e+019
4.64184 9.14868e+019
4.64327 9.14031e+019
4.64469 9.13195e+019
4.64612 9.12359e+019
4.64754 9.11525e+019
4.64897 9.10692e+019
4.65039 9.09859e+019
4.65181 9.09027e+019
4.65322 9.08196e+019
4.65464 9.07367e+019
4.65605 9.06538e+019
4.65746 9.05709e+019
4.65887 9.04882e+019
4.66028 9.04056e+019
4.66169 9.0323e+019
4.66309 9.02406e+019
4.6645 9.01582e+019
4.6659 9.00759e+019
4.6673 8.99938e+019
4.6687 8.99117e+019
4.67009 8.98296e+019
4.67149 8.97477e+019
4.67288 8.96659e+019
4.67427 8.95841e+019
4.67566 8.95025e+019
4.67705 8.94209e+019
4.67844 8.93394e+019
4.67982 8.9258e+019
4.68121 8.91767e+019
4.68259 8.90955e+019
4.68397 8.90144e+019
4.68535 8.89333e+019
4.68672 8.88524e+019
4.6881 8.87715e+019
4.68947 8.86908e+019
4.69084 8.86101e+019
4.69221 8.85295e+019
4.69358 8.84489e+019
4.69495 8.83685e+019
4.69631 8.82882e+019
4.69768 8.82079e+019
4.69904 8.81277e+019
4.7004 8.80477e+019
4.70176 8.79677e+019
4.70312 8.78878e+019
4.70447 8.78079e+019
4.70583 8.77282e+019
4.70718 8.76486e+019
4.70853 8.7569e+019
4.70988 8.74895e+019
4.71122 8.74101e+019
4.71257 8.73308e+019
4.71391 8.72516e+019
4.71526 8.71725e+019
4.7166 8.70934e+019
4.71794 8.70145e+019
4.71927 8.69356e+019
4.72061 8.68568e+019
4.72194 8.67781e+019
4.72328 8.66995e+019
4.72461 8.6621e+019
4.72594 8.65425e+019
4.72727 8.64641e+019
4.72859 8.63859e+019
4.72992 8.63077e+019
4.73124 8.62296e+019
4.73256 8.61516e+019
4.73388 8.60736e+019
4.7352 8.59958e+019
4.73652 8.5918e+019
4.73783 8.58403e+019
4.73915 8.57627e+019
4.74046 8.56852e+019
4.74177 8.56078e+019
4.74308 8.55304e+019
4.74439 8.54532e+019
4.74569 8.5376e+019
4.747 8.52989e+019
4.7483 8.52219e+019
4.7496 8.5145e+019
4.7509 8.50681e+019
4.7522 8.49914e+019
4.75349 8.49147e+019
4.75479 8.48381e+019
4.75608 8.47616e+019
4.75737 8.46852e+019
4.75866 8.46088e+019
4.75995 8.45326e+019
4.76124 8.44564e+019
4.76252 8.43803e+019
4.76381 8.43043e+019
4.76509 8.42284e+019
4.76637 8.41525e+019
4.76765 8.40768e+019
4.76893 8.40011e+019
4.77021 8.39255e+019
4.77148 8.385e+019
4.77275 8.37746e+019
4.77403 8.36992e+019
4.7753 8.3624e+019
4.77657 8.35488e+019
4.77783 8.34737e+019
4.7791 8.33987e+019
4.78036 8.33237e+019
4.78162 8.32489e+019
4.78289 8.31741e+019
4.78415 8.30994e+019
4.7854 8.30248e+019
4.78666 8.29503e+019
4.78792 8.28758e+019
4.78917 8.28015e+019
4.79042 8.27272e+019
4.79167 8.2653e+019
4.79292 8.25789e+019
4.79417 8.25048e+019
4.79541 8.24309e+019
4.79666 8.2357e+019
4.7979 8.22832e+019
4.79914 8.22095e+019
4.80038 8.21358e+019
4.80162 8.20623e+019
4.80286 8.19888e+019
4.80409 8.19154e+019
4.80533 8.18421e+019
4.80656 8.17689e+019
4.80779 8.16957e+019
4.80902 8.16227e+019
4.81025 8.15497e+019
4.81148 8.14768e+019
4.8127 8.14039e+019
4.81393 8.13312e+019
4.81515 8.12585e+019
4.81637 8.11859e+019
4.81759 8.11134e+019
4.81881 8.1041e+019
4.82002 8.09686e+019
4.82124 8.08963e+019
4.82245 8.08241e+019
4.82366 8.0752e+019
4.82488 8.068e+019
4.82608 8.0608e+019
4.82729 8.05362e+019
4.8285 8.04644e+019
4.8297 8.03926e+019
4.83091 8.0321e+019
4.83211 8.02494e+019
4.83331 8.0178e+019
4.83451 8.01066e+019
4.83571 8.00352e+019
4.8369 7.9964e+019
4.8381 7.98928e+019
4.83929 7.98217e+019
4.84048 7.97507e+019
4.84167 7.96798e+019
4.84286 7.96089e+019
4.84405 7.95381e+019
4.84524 7.94674e+019
4.84642 7.93968e+019
4.8476 7.93263e+019
4.84879 7.92558e+019
4.84997 7.91854e+019
4.85115 7.91151e+019
4.85232 7.90449e+019
4.8535 7.89747e+019
4.85467 7.89046e+019
4.85585 7.88346e+019
4.85702 7.87647e+019
4.85819 7.86948e+019
4.85936 7.86251e+019
4.86053 7.85554e+019
4.86169 7.84858e+019
4.86286 7.84162e+019
4.86402 7.83467e+019
4.86518 7.82774e+019
4.86635 7.8208e+019
4.8675 7.81388e+019
4.86866 7.80696e+019
4.86982 7.80006e+019
4.87097 7.79316e+019
4.87213 7.78626e+019
4.87328 7.77938e+019
4.87443 7.7725e+019
4.87558 7.76563e+019
4.87673 7.75877e+019
4.87788 7.75191e+019
4.87902 7.74506e+019
4.88017 7.73822e+019
4.88131 7.73139e+019
4.88245 7.72457e+019
4.88359 7.71775e+019
4.88473 7.71094e+019
4.88587 7.70414e+019
4.887 7.69734e+019
4.88814 7.69056e+019
4.88927 7.68378e+019
4.8904 7.677e+019
4.89153 7.67024e+019
4.89266 7.66348e+019
4.89379 7.65673e+019
4.89492 7.64999e+019
4.89604 7.64326e+019
4.89717 7.63653e+019
4.89829 7.62981e+019
4.89941 7.6231e+019
4.90053 7.61639e+019
4.90165 7.60969e+019
4.90276 7.603e+019
4.90388 7.59632e+019
4.90499 7.58965e+019
4.90611 7.58298e+019
4.90722 7.57632e+019
4.90833 7.56966e+019
4.90944 7.56302e+019
4.91055 7.55638e+019
4.91165 7.54975e+019
4.91276 7.54312e+019
4.91386 7.53651e+019
4.91496 7.5299e+019
4.91607 7.5233e+019
4.91717 7.5167e+019
4.91826 7.51012e+019
4.91936 7.50354e+019
4.92046 7.49696e+019
4.92155 7.4904e+019
4.92264 7.48384e+019
4.92374 7.47729e+019
4.92483 7.47075e+019
4.92592 7.46421e+019
4.927 7.45768e+019
4.92809 7.45116e+019
4.92918 7.44465e+019
4.93026 7.43814e+019
4.93134 7.43164e+019
4.93242 7.42515e+019
4.9335 7.41866e+019
4.93458 7.41218e+019
4.93566 7.40571e+019
4.93674 7.39925e+019
4.93781 7.39279e+019
4.93888 7.38634e+019
4.93996 7.3799e+019
4.94103 7.37346e+019
4.9421 7.36704e+019
4.94317 7.36061e+019
4.94423 7.3542e+019
4.9453 7.34779e+019
4.94636 7.3414e+019
4.94743 7.335e+019
4.94849 7.32862e+019
4.94955 7.32224e+019
4.95061 7.31587e+019
4.95167 7.3095e+019
4.95273 7.30315e+019
4.95378 7.2968e+019
4.95484 7.29046e+019
4.95589 7.28412e+019
4.95694 7.27779e+019
4.95799 7.27147e+019
4.95904 7.26516e+019
4.96009 7.25885e+019
4.96114 7.25255e+019
4.96218 7.24625e+019
4.96323 7.23997e+019
4.96427 7.23369e+019
4.96531 7.22742e+019
4.96635 7.22115e+019
4.96739 7.21489e+019
4.96843 7.20864e+019
4.96947 7.2024e+019
4.9705 7.19616e+019
4.97154 7.18993e+019
4.97257 7.18371e+019
4.9736 7.17749e+019
4.97463 7.17128e+019
4.97566 7.16508e+019
4.97669 7.15888e+019
4.97772 7.15269e+019
4.97874 7.14651e+019
4.97977 7.14034e+019
4.98079 7.13417e+019
4.98181 7.12801e+019
4.98283 7.12185e+019
4.98385 7.1157e+019
4.98487 7.10956e+019
4.98589 7.10343e+019
4.9869 7.0973e+019
4.98792 7.09118e+019
4.98893 7.08507e+019
4.98994 7.07896e+019
4.99095 7.07286e+019
4.99196 7.06677e+019
4.99297 7.06069e+019
4.99398 7.05461e+019
4.99499 7.04853e+019
4.99599 7.04247e+019
4.997 7.03641e+019
4.998 7.03036e+019
4.999 7.02431e+019
5 7.01827e+019
5.001 7.01224e+019
5.002 7.0062e+019
5.003 7.00015e+019
5.004 6.9941e+019
5.00501 6.98804e+019
5.00601 6.98199e+019
5.00701 6.97592e+019
5.00802 6.96985e+019
5.00902 6.96378e+019
5.01003 6.9577e+019
5.01104 6.95162e+019
5.01204 6.94553e+019
5.01305 6.93944e+019
5.01406 6.93335e+019
5.01507 6.92724e+019
5.01608 6.92114e+019
5.01709 6.91503e+019
5.0181 6.90892e+019
5.01911 6.9028e+019
5.02012 6.89667e+019
5.02114 6.89055e+019
5.02215 6.88441e+019
5.02317 6.87828e+019
5.02418 6.87213e+019
5.0252 6.86599e+019
5.02621 6.85984e+019
5.02723 6.85368e+019
5.02825 6.84752e+019
5.02927 6.84136e+019
5.03029 6.83519e+019
5.03131 6.82901e+019
5.03233 6.82283e+019
5.03335 6.81665e+019
5.03437 6.81046e+019
5.03539 6.80427e+019
5.03642 6.79807e+019
5.03744 6.79187e+019
5.03847 6.78567e+019
5.03949 6.77945e+019
5.04052 6.77324e+019
5.04155 6.76702e+019
5.04257 6.76079e+019
5.0436 6.75456e+019
5.04463 6.74833e+019
5.04566 6.74209e+019
5.04669 6.73585e+019
5.04772 6.7296e+019
5.04875 6.72334e+019
5.04979 6.71709e+019
5.05082 6.71082e+019
5.05185 6.70456e+019
5.05289 6.69829e+019
5.05392 6.69201e+019
5.05496 6.68573e+019
5.05599 6.67944e+019
5.05703 6.67315e+019
5.05807 6.66685e+019
5.05911 6.66055e+019
5.06015 6.65425e+019
5.06119 6.64794e+019
5.06223 6.64163e+019
5.06327 6.63531e+019
5.06431 6.62898e+019
5.06535 6.62265e+019
5.0664 6.61632e+019
5.06744 6.60998e+019
5.06849 6.60364e+019
5.06953 6.59729e+019
5.07058 6.59094e+019
5.07163 6.58458e+019
5.07267 6.57822e+019
5.07372 6.57185e+019
5.07477 6.56548e+019
5.07582 6.55911e+019
5.07687 6.55273e+019
5.07792 6.54634e+019
5.07897 6.53995e+019
5.08003 6.53355e+019
5.08108 6.52715e+019
5.08213 6.52075e+019
5.08319 6.51434e+019
5.08424 6.50792e+019
5.0853 6.5015e+019
5.08636 6.49508e+019
5.08741 6.48865e+019
5.08847 6.48222e+019
5.08953 6.47578e+019
5.09059 6.46934e+019
5.09165 6.46289e+019
5.09271 6.45643e+019
5.09377 6.44998e+019
5.09484 6.44351e+019
5.0959 6.43704e+019
5.09696 6.43057e+019
5.09803 6.42409e+019
5.09909 6.41761e+019
5.10016 6.41113e+019
5.10122 6.40463e+019
5.10229 6.39814e+019
5.10336 6.39163e+019
5.10443 6.38513e+019
5.1055 6.37862e+019
5.10657 6.3721e+019
5.10764 6.36558e+019
5.10871 6.35905e+019
5.10978 6.35252e+019
5.11086 6.34598e+019
5.11193 6.33944e+019
5.113 6.3329e+019
5.11408 6.32635e+019
5.11516 6.31979e+019
5.11623 6.31323e+019
5.11731 6.30666e+019
5.11839 6.30009e+019
5.11947 6.29352e+019
5.12055 6.28694e+019
5.12163 6.28035e+019
5.12271 6.27376e+019
5.12379 6.26717e+019
5.12487 6.26057e+019
5.12596 6.25396e+019
5.12704 6.24735e+019
5.12812 6.24074e+019
5.12921 6.23412e+019
5.13029 6.22749e+019
5.13138 6.22086e+019
5.13247 6.21423e+019
5.13356 6.20759e+019
5.13465 6.20094e+019
5.13574 6.19429e+019
5.13683 6.18764e+019
5.13792 6.18098e+019
5.13901 6.17431e+019
5.1401 6.16764e+019
5.1412 6.16097e+019
5.14229 6.15429e+019
5.14338 6.1476e+019
5.14448 6.14091e+019
5.14558 6.13422e+019
5.14667 6.12752e+019
5.14777 6.12081e+019
5.14887 6.1141e+019
5.14997 6.10738e+019
5.15107 6.10066e+019
5.15217 6.09394e+019
5.15327 6.08721e+019
5.15437 6.08047e+019
5.15547 6.07373e+019
5.15658 6.06699e+019
5.15768 6.06024e+019
5.15879 6.05348e+019
5.15989 6.04672e+019
5.161 6.03995e+019
5.16211 6.03318e+019
5.16322 6.02641e+019
5.16432 6.01963e+019
5.16543 6.01284e+019
5.16654 6.00605e+019
5.16765 5.99925e+019
5.16877 5.99245e+019
5.16988 5.98564e+019
5.17099 5.97883e+019
5.17211 5.97201e+019
5.17322 5.96519e+019
5.17434 5.95836e+019
5.17545 5.95153e+019
5.17657 5.9447e+019
5.17769 5.93785e+019
5.17881 5.931e+019
5.17992 5.92415e+019
5.18104 5.91729e+019
5.18216 5.91043e+019
5.18329 5.90356e+019
5.18441 5.89669e+019
5.18553 5.88981e+019
5.18665 5.88293e+019
5.18778 5.87604e+019
5.1889 5.86914e+019
5.19003 5.86224e+019
5.19116 5.85534e+019
5.19228 5.84843e+019
5.19341 5.84151e+019
5.19454 5.83459e+019
5.19567 5.82767e+019
5.1968 5.82074e+019
5.19793 5.8138e+019
5.19906 5.80686e+019
5.2002 5.79991e+019
5.20133 5.79296e+019
5.20246 5.78601e+019
5.2036 5.77904e+019
5.20473 5.77208e+019
5.20587 5.7651e+019
5.20701 5.75813e+019
5.20815 5.75114e+019
5.20929 5.74416e+019
5.21042 5.73716e+019
5.21156 5.73016e+019
5.21271 5.72316e+019
5.21385 5.71615e+019
5.21499 5.70914e+019
5.21613 5.70212e+019
5.21728 5.69509e+019
5.21842 5.68806e+019
5.21957 5.68103e+019
5.22071 5.67398e+019
5.22186 5.66694e+019
5.22301 5.65989e+019
5.22416 5.65283e+019
5.22531 5.64577e+019
5.22646 5.6387e+019
5.22761 5.63163e+019
5.22876 5.62455e+019
5.22991 5.61747e+019
5.23107 5.61038e+019
5.23222 5.60328e+019
5.23337 5.59618e+019
5.23453 5.58908e+019
5.23569 5.58197e+019
5.23684 5.57485e+019
5.238 5.56773e+019
5.23916 5.56061e+019
5.24032 5.55348e+019
5.24148 5.54634e+019
5.24264 5.5392e+019
5.2438 5.53205e+019
5.24496 5.5249e+019
5.24613 5.51774e+019
5.24729 5.51057e+019
5.24846 5.50341e+019
5.24962 5.49623e+019
5.25079 5.48905e+019
5.25196 5.48187e+019
5.25312 5.47468e+019
5.25429 5.46748e+019
5.25546 5.46028e+019
5.25663 5.45307e+019
5.2578 5.44586e+019
5.25897 5.43864e+019
5.26015 5.43142e+019
5.26132 5.42419e+019
5.26249 5.41696e+019
5.26367 5.40972e+019
5.26485 5.40247e+019
5.26602 5.39522e+019
5.2672 5.38797e+019
5.26838 5.3807e+019
5.26956 5.37344e+019
5.27074 5.36617e+019
5.27192 5.35889e+019
5.2731 5.35161e+019
5.27428 5.34432e+019
5.27546 5.33702e+019
5.27665 5.32972e+019
5.27783 5.32242e+019
5.27902 5.31511e+019
5.2802 5.30779e+019
5.28139 5.30047e+019
5.28258 5.29314e+019
5.28376 5.28581e+019
5.28495 5.27847e+019
5.28614 5.27113e+019
5.28733 5.26378e+019
5.28853 5.25643e+019
5.28972 5.24907e+019
5.29091 5.2417e+019
5.29211 5.23433e+019
5.2933 5.22695e+019
5.2945 5.21957e+019
5.29569 5.21218e+019
5.29689 5.20479e+019
5.29809 5.19739e+019
5.29929 5.18999e+019
5.30048 5.18258e+019
5.30169 5.17516e+019
5.30289 5.16774e+019
5.30409 5.16032e+019
5.30529 5.15288e+019
5.30649 5.14545e+019
5.3077 5.138e+019
5.3089 5.13055e+019
5.31011 5.1231e+019
5.31132 5.11564e+019
5.31252 5.10817e+019
5.31373 5.1007e+019
5.31494 5.09323e+019
5.31615 5.08574e+019
5.31736 5.07826e+019
5.31857 5.07076e+019
5.31979 5.06326e+019
5.321 5.05576e+019
5.32221 5.04825e+019
5.32343 5.04073e+019
5.32464 5.03321e+019
5.32586 5.02568e+019
5.32708 5.01815e+019
5.3283 5.01061e+019
5.32951 5.00307e+019
5.33073 4.99552e+019
5.33195 4.98796e+019
5.33318 4.9804e+019
5.3344 4.97283e+019
5.33562 4.96526e+019
5.33684 4.95768e+019
5.33807 4.9501e+019
5.33929 4.94251e+019
5.34052 4.93491e+019
5.34175 4.92731e+019
5.34298 4.91971e+019
5.3442 4.91209e+019
5.34543 4.90448e+019
5.34666 4.89685e+019
5.34789 4.88922e+019
5.34913 4.88159e+019
5.35036 4.87395e+019
5.35159 4.8663e+019
5.35283 4.85865e+019
5.35406 4.85099e+019
5.3553 4.84333e+019
5.35654 4.83566e+019
5.35777 4.82798e+019
5.35901 4.8203e+019
5.36025 4.81261e+019
5.36149 4.80492e+019
5.36273 4.79722e+019
5.36397 4.78952e+019
5.36522 4.78181e+019
5.36646 4.7741e+019
5.3677 4.76637e+019
5.36895 4.75865e+019
5.3702 4.75092e+019
5.37144 4.74318e+019
5.37269 4.73543e+019
5.37394 4.72768e+019
5.37519 4.71993e+019
5.37644 4.71217e+019
5.37769 4.7044e+019
5.37894 4.69663e+019
5.38019 4.68885e+019
5.38145 4.68106e+019
5.3827 4.67327e+019
5.38396 4.66548e+019
5.38521 4.65768e+019
5.38647 4.64987e+019
5.38773 4.64205e+019
5.38899 4.63423e+019
5.39024 4.62641e+019
5.39151 4.61858e+019
5.39277 4.61074e+019
5.39403 4.6029e+019
5.39529 4.59505e+019
5.39655 4.5872e+019
5.39782 4.57934e+019
5.39908 4.57147e+019
5.40035 4.5636e+019
5.40162 4.55572e+019
5.40288 4.54784e+019
5.40415 4.53995e+019
5.40542 4.53205e+019
5.40669 4.52415e+019
5.40796 4.51625e+019
5.40924 4.50833e+019
5.41051 4.50042e+019
5.41178 4.49249e+019
5.41306 4.48456e+019
5.41433 4.47662e+019
5.41561 4.46868e+019
5.41689 4.46074e+019
5.41816 4.45278e+019
5.41944 4.44482e+019
5.42072 4.43686e+019
5.422 4.42889e+019
5.42328 4.42091e+019
5.42457 4.41293e+019
5.42585 4.40494e+019
5.42713 4.39694e+019
5.42842 4.38894e+019
5.4297 4.38093e+019
5.43099 4.37292e+019
5.43228 4.3649e+019
5.43357 4.35688e+019
5.43485 4.34885e+019
5.43614 4.34081e+019
5.43744 4.33277e+019
5.43873 4.32472e+019
5.44002 4.31667e+019
5.44131 4.30861e+019
5.44261 4.30054e+019
5.4439 4.29247e+019
5.4452 4.28439e+019
5.4465 4.27631e+019
5.44779 4.26822e+019
5.44909 4.26013e+019
5.45039 4.25203e+019
5.45169 4.24392e+019
5.45299 4.23581e+019
5.45429 4.22769e+019
5.4556 4.21956e+019
5.4569 4.21143e+019
5.45821 4.20329e+019
5.45951 4.19515e+019
5.46082 4.187e+019
5.46213 4.17885e+019
5.46343 4.17069e+019
5.46474 4.16252e+019
5.46605 4.15435e+019
5.46736 4.14617e+019
5.46867 4.13799e+019
5.46999 4.1298e+019
5.4713 4.1216e+019
5.47261 4.1134e+019
5.47393 4.10519e+019
5.47525 4.09698e+019
5.47656 4.08876e+019
5.47788 4.08053e+019
5.4792 4.0723e+019
5.48052 4.06406e+019
5.48184 4.05582e+019
5.48316 4.04757e+019
5.48448 4.03931e+019
5.48581 4.03105e+019
5.48713 4.02278e+019
5.48845 4.01451e+019
5.48978 4.00623e+019
5.49111 3.99795e+019
5.49243 3.98966e+019
5.49376 3.98136e+019
5.49509 3.97306e+019
5.49642 3.96475e+019
5.49775 3.95643e+019
5.49908 3.94811e+019
5.50042 3.93978e+019
5.50175 3.93145e+019
5.50309 3.92311e+019
5.50442 3.91477e+019
5.50576 3.90642e+019
5.50709 3.89806e+019
5.50843 3.8897e+019
5.50977 3.88133e+019
5.51111 3.87295e+019
5.51245 3.86457e+019
5.51379 3.85619e+019
5.51514 3.84779e+019
5.51648 3.8394e+019
5.51782 3.83099e+019
5.51917 3.82258e+019
5.52052 3.81417e+019
5.52186 3.80574e+019
5.52321 3.79732e+019
5.52456 3.78888e+019
5.52591 3.78044e+019
5.52726 3.772e+019
5.52861 3.76355e+019
5.52996 3.75509e+019
5.53132 3.74663e+019
5.53267 3.73816e+019
5.53403 3.72968e+019
5.53538 3.7212e+019
5.53674 3.71271e+019
5.5381 3.70422e+019
5.53946 3.69572e+019
5.54082 3.68722e+019
5.54218 3.67871e+019
5.54354 3.67019e+019
5.5449 3.66167e+019
5.54626 3.65314e+019
5.54763 3.64461e+019
5.54899 3.63607e+019
5.55036 3.62752e+019
5.55173 3.61897e+019
5.5531 3.61041e+019
5.55446 3.60185e+019
5.55583 3.59328e+019
5.5572 3.5847e+019
5.55858 3.57612e+019
5.55995 3.56754e+019
5.56132 3.55894e+019
5.5627 3.55034e+019
5.56407 3.54174e+019
5.56545 3.53313e+019
5.56682 3.52451e+019
5.5682 3.51589e+019
5.56958 3.50727e+019
5.57096 3.49863e+019
5.57234 3.48999e+019
5.57372 3.48135e+019
5.57511 3.4727e+019
5.57649 3.46404e+019
5.57787 3.45538e+019
5.57926 3.44671e+019
5.58065 3.43804e+019
5.58203 3.42936e+019
5.58342 3.42067e+019
5.58481 3.41198e+019
5.5862 3.40329e+019
5.58759 3.39459e+019
5.58898 3.38588e+019
5.59038 3.37716e+019
5.59177 3.36845e+019
5.59316 3.35972e+019
5.59456 3.35099e+019
5.59596 3.34225e+019
5.59735 3.33351e+019
5.59875 3.32477e+019
5.60015 3.31601e+019
5.60155 3.30725e+019
5.60295 3.29849e+019
5.60435 3.28972e+019
5.60576 3.28094e+019
5.60716 3.27216e+019
5.60857 3.26338e+019
5.60997 3.25459e+019
5.61138 3.24579e+019
5.61279 3.23699e+019
5.6142 3.22818e+019
5.6156 3.21936e+019
5.61702 3.21054e+019
5.61843 3.20172e+019
5.61984 3.19289e+019
5.62125 3.18405e+019
5.62267 3.17521e+019
5.62408 3.16637e+019
5.6255 3.15751e+019
5.62692 3.14866e+019
5.62833 3.13979e+019
5.62975 3.13093e+019
5.63117 3.12205e+019
5.63259 3.11317e+019
5.63401 3.10429e+019
5.63544 3.0954e+019
5.63686 3.08651e+019
5.63829 3.07761e+019
5.63971 3.0687e+019
5.64114 3.05979e+019
5.64257 3.05088e+019
5.64399 3.04196e+019
5.64542 3.03303e+019
5.64685 3.0241e+019
5.64829 3.01516e+019
5.64972 3.00622e+019
5.65115 2.99728e+019
5.65259 2.98833e+019
5.65402 2.97937e+019
5.65546 2.97041e+019
5.65689 2.96144e+019
5.65833 2.95247e+019
5.65977 2.9435e+019
5.66121 2.93451e+019
5.66265 2.92553e+019
5.66409 2.91654e+019
5.66554 2.90754e+019
5.66698 2.89854e+019
5.66843 2.88954e+019
5.66987 2.88053e+019
5.67132 2.87151e+019
5.67277 2.86249e+019
5.67421 2.85347e+019
5.67566 2.84444e+019
5.67711 2.83541e+019
5.67857 2.82637e+019
5.68002 2.81733e+019
5.68147 2.80828e+019
5.68293 2.79923e+019
5.68438 2.79017e+019
5.68584 2.78111e+019
5.6873 2.77205e+019
5.68875 2.76298e+019
5.69021 2.7539e+019
5.69167 2.74482e+019
5.69313 2.73574e+019
5.6946 2.72666e+019
5.69606 2.71757e+019
5.69752 2.70847e+019
5.69899 2.69937e+019
5.70046 2.69027e+019
5.70192 2.68116e+019
5.70339 2.67205e+019
5.70486 2.66293e+019
5.70633 2.65381e+019
5.7078 2.64469e+019
5.70927 2.63556e+019
5.71075 2.62643e+019
5.71222 2.6173e+019
5.71369 2.60816e+019
5.71517 2.59902e+019
5.71665 2.58987e+019
5.71813 2.58072e+019
5.7196 2.57157e+019
5.72108 2.56241e+019
5.72257 2.55325e+019
5.72405 2.54409e+019
5.72553 2.53492e+019
5.72701 2.52575e+019
5.7285 2.51657e+019
5.72998 2.5074e+019
5.73147 2.49822e+019
5.73296 2.48903e+019
5.73445 2.47985e+019
5.73594 2.47066e+019
5.73743 2.46146e+019
5.73892 2.45227e+019
5.74041 2.44307e+019
5.74191 2.43387e+019
5.7434 2.42466e+019
5.7449 2.41546e+019
5.74639 2.40625e+019
5.74789 2.39704e+019
5.74939 2.38782e+019
5.75089 2.3786e+019
5.75239 2.36938e+019
5.75389 2.36016e+019
5.7554 2.35094e+019
5.7569 2.34171e+019
5.7584 2.33248e+019
5.75991 2.32325e+019
5.76142 2.31402e+019
5.76292 2.30479e+019
5.76443 2.29555e+019
5.76594 2.28631e+019
5.76745 2.27707e+019
5.76897 2.26783e+019
5.77048 2.25859e+019
5.77199 2.24934e+019
5.77351 2.2401e+019
5.77502 2.23085e+019
5.77654 2.2216e+019
5.77806 2.21235e+019
5.77958 2.2031e+019
5.7811 2.19385e+019
5.78262 2.18459e+019
5.78414 2.17534e+019
5.78566 2.16608e+019
5.78719 2.15683e+019
5.78871 2.14757e+019
5.79024 2.13832e+019
5.79176 2.12906e+019
5.79329 2.1198e+019
5.79482 2.11054e+019
5.79635 2.10129e+019
5.79788 2.09203e+019
5.79941 2.08277e+019
5.80095 2.07351e+019
5.80248 2.06425e+019
5.80402 2.055e+019
5.80555 2.04574e+019
5.80709 2.03649e+019
5.80863 2.02723e+019
5.81017 2.01798e+019
5.81171 2.00872e+019
5.81325 1.99947e+019
5.81479 1.99022e+019
5.81634 1.98097e+019
5.81788 1.97172e+019
5.81943 1.96247e+019
5.82097 1.95322e+019
5.82252 1.94398e+019
5.82407 1.93474e+019
5.82562 1.9255e+019
5.82717 1.91626e+019
5.82872 1.90702e+019
5.83027 1.89779e+019
5.83183 1.88856e+019
5.83338 1.87933e+019
5.83494 1.8701e+019
5.83649 1.86088e+019
5.83805 1.85166e+019
5.83961 1.84244e+019
5.84117 1.83322e+019
5.84273 1.82401e+019
5.84429 1.81481e+019
5.84586 1.8056e+019
5.84742 1.7964e+019
5.84899 1.78721e+019
5.85055 1.77802e+019
5.85212 1.76883e+019
5.85369 1.75965e+019
5.85526 1.75047e+019
5.85683 1.74129e+019
5.8584 1.73212e+019
5.85997 1.72296e+019
5.86154 1.7138e+019
5.86312 1.70465e+019
5.86469 1.6955e+019
5.86627 1.68636e+019
5.86785 1.67722e+019
5.86943 1.66809e+019
5.87101 1.65897e+019
5.87259 1.64985e+019
5.87417 1.64074e+019
5.87575 1.63164e+019
5.87734 1.62254e+019
5.87892 1.61345e+019
5.88051 1.60437e+019
5.8821 1.59529e+019
5.88368 1.58623e+019
5.88527 1.57717e+019
5.88686 1.56811e+019
5.88846 1.55907e+019
5.89005 1.55004e+019
5.89164 1.54101e+019
5.89324 1.53199e+019
5.89483 1.52299e+019
5.89643 1.51399e+019
5.89803 1.505e+019
5.89963 1.49602e+019
5.90123 1.48705e+019
5.90283 1.47809e+019
5.90443 1.46914e+019
5.90603 1.4602e+019
5.90764 1.45127e+019
5.90924 1.44236e+019
5.91085 1.43345e+019
5.91246 1.42456e+019
5.91406 1.41568e+019
5.91567 1.40681e+019
5.91728 1.39795e+019
5.9189 1.3891e+019
5.92051 1.38027e+019
5.92212 1.37145e+019
5.92374 1.36264e+019
5.92535 1.35385e+019
5.92697 1.34507e+019
5.92859 1.3363e+019
5.93021 1.32755e+019
5.93183 1.31881e+019
5.93345 1.31008e+019
5.93507 1.30138e+019
5.9367 1.29268e+019
5.93832 1.284e+019
5.93995 1.27534e+019
5.94157 1.26669e+019
5.9432 1.25806e+019
5.94483 1.24945e+019
5.94646 1.24085e+019
5.94809 1.23227e+019
5.94972 1.2237e+019
5.95136 1.21516e+019
5.95299 1.20663e+019
5.95463 1.19812e+019
5.95626 1.18963e+019
5.9579 1.18115e+019
5.95954 1.1727e+019
5.96118 1.16426e+019
5.96282 1.15584e+019
5.96446 1.14744e+019
5.96611 1.13907e+019
5.96775 1.13071e+019
5.9694 1.12237e+019
5.97104 1.11406e+019
5.97269 1.10576e+019
5.97434 1.09749e+019
5.97599 1.08923e+019
5.97764 1.081e+019
5.97929 1.07279e+019
5.98095 1.06461e+019
5.9826 1.05644e+019
5.98426 1.0483e+019
5.98591 1.04019e+019
5.98757 1.03209e+019
5.98923 1.02402e+019
5.99089 1.01598e+019
5.99255 1.00796e+019
5.99421 9.99959e+018
5.99587 9.91987e+018
5.99754 9.84041e+018
5.9992 9.7612e+018
6.00087 9.68224e+018
6.00254 9.60355e+018
6.00421 9.52513e+018
6.00588 9.44696e+018
6.00755 9.36907e+018
6.00922 9.29146e+018
6.01089 9.21411e+018
6.01257 9.13705e+018
6.01424 9.06026e+018
6.01592 8.98376e+018
6.0176 8.90755e+018
6.01927 8.83162e+018
6.02095 8.75599e+018
6.02263 8.68065e+018
6.02432 8.60561e+018
6.026 8.53086e+018
6.02768 8.45642e+018
6.02937 8.38229e+018
6.03106 8.30846e+018
6.03274 8.23495e+018
6.03443 8.16174e+018
6.03612 8.08886e+018
6.03781 8.01629e+018
6.03951 7.94404e+018
6.0412 7.87211e+018
6.04289 7.80052e+018
6.04459 7.72924e+018
6.04629 7.6583e+018
6.04798 7.5877e+018
6.04968 7.51743e+018
6.05138 7.44749e+018
6.05308 7.3779e+018
6.05479 7.30865e+018
6.05649 7.23974e+018
6.05819 7.17118e+018
6.0599 7.10297e+018
6.06161 7.03511e+018
6.06331 6.96761e+018
6.06502 6.90046e+018
6.06673 6.83366e+018
6.06845 6.76723e+018
6.07016 6.70116e+018
6.07187 6.63545e+018
6.07359 6.5701e+018
6.0753 6.50513e+018
6.07702 6.44052e+018
6.07874 6.37628e+018
6.08046 6.31242e+018
6.08218 6.24893e+018
6.0839 6.18581e+018
6.08562 6.12307e+018
6.08735 6.06071e+018
6.08907 5.99874e+018
6.0908 5.93714e+018
6.09253 5.87592e+018
6.09425 5.81509e+018
6.09598 5.75465e+018
6.09772 5.69459e+018
6.09945 5.63493e+018
6.10118 5.57565e+018
6.10292 5.51676e+018
6.10465 5.45826e+018
6.10639 5.40016e+018
6.10813 5.34244e+018
6.10986 5.28513e+018
6.11161 5.22821e+018
6.11335 5.17168e+018
6.11509 5.11555e+018
6.11683 5.05982e+018
6.11858 5.00449e+018
6.12032 4.94955e+018
6.12207 4.89502e+018
6.12382 4.84088e+018
6.12557 4.78715e+018
6.12732 4.73381e+018
6.12907 4.68088e+018
6.13082 4.62835e+018
6.13258 4.57621e+018
6.13433 4.52448e+018
6.13609 4.47316e+018
6.13785 4.42223e+018
6.13961 4.3717e+018
6.14137 4.32158e+018
6.14313 4.27186e+018
6.14489 4.22254e+018
6.14665 4.17362e+018
6.14842 4.1251e+018
6.15019 4.07698e+018
6.15195 4.02926e+018
6.15372 3.98194e+018
6.15549 3.93502e+018
6.15726 3.8885e+018
6.15903 3.84238e+018
6.16081 3.79666e+018
6.16258 3.75133e+018
6.16436 3.7064e+018
6.16613 3.66186e+018
6.16791 3.61772e+018
6.16969 3.57397e+018
6.17147 3.53061e+018
6.17325 3.48765e+018
6.17503 3.44508e+018
6.17682 3.40289e+018
6.1786 3.3611e+018
6.18039 3.31969e+018
6.18217 3.27867e+018
6.18396 3.23804e+018
6.18575 3.19779e+018
6.18754 3.15792e+018
6.18934 3.11843e+018
6.19113 3.07933e+018
6.19292 3.0406e+018
6.19472 3.00225e+018
6.19652 2.96427e+018
6.19831 2.92667e+018
6.20011 2.88944e+018
6.20191 2.85258e+018
6.20372 2.8161e+018
6.20552 2.77997e+018
6.20732 2.74422e+018
6.20913 2.70883e+018
6.21093 2.6738e+018
6.21274 2.63913e+018
6.21455 2.60482e+018
6.21636 2.57087e+018
6.21817 2.53727e+018
6.21998 2.50403e+018
6.2218 2.47113e+018
6.22361 2.43859e+018
6.22543 2.40639e+018
6.22725 2.37454e+018
6.22906 2.34303e+018
6.23088 2.31186e+018
6.23271 2.28103e+018
6.23453 2.25054e+018
6.23635 2.22038e+018
6.23818 2.19055e+018
6.24 2.16106e+018
6.24183 2.13189e+018
6.24366 2.10305e+018
6.24549 2.07454e+018
6.24732 2.04634e+018
6.24915 2.01846e+018
6.25098 1.99091e+018
6.25282 1.96366e+018
6.25465 1.93673e+018
6.25649 1.91011e+018
6.25833 1.88379e+018
6.26017 1.85779e+018
6.26201 1.83208e+018
6.26385 1.80668e+018
6.26569 1.78157e+018
6.26754 1.75676e+018
6.26938 1.73225e+018
6.27123 1.70802e+018
6.27307 1.68409e+018
6.27492 1.66044e+018
6.27677 1.63707e+018
6.27863 1.61399e+018
6.28048 1.59119e+018
6.28233 1.56866e+018
6.28419 1.54641e+018
6.28604 1.52443e+018
6.2879 1.50273e+018
6.28976 1.48129e+018
6.29162 1.46011e+018
6.29348 1.4392e+018
6.29535 1.41854e+018
6.29721 1.39815e+018
6.29907 1.37801e+018
6.30094 1.35812e+018
6.30281 1.33849e+018
6.30468 1.3191e+018
6.30655 1.29996e+018
6.30842 1.28106e+018
6.31029 1.26241e+018
6.31217 1.24399e+018
6.31404 1.22581e+018
6.31592 1.20787e+018
6.3178 1.19015e+018
6.31967 1.17267e+018
6.32155 1.15541e+018
6.32344 1.13838e+018
6.32532 1.12157e+018
6.3272 1.10498e+018
6.32909 1.08861e+018
6.33097 1.07246e+018
6.33286 1.05651e+018
6.33475 1.04078e+018
6.33664 1.02526e+018
6.33853 1.00995e+018
6.34043 9.94839e+017
6.34232 9.79932e+017
6.34422 9.65225e+017
6.34611 9.50716e+017
6.34801 9.36403e+017
6.34991 9.22284e+017
6.35181 9.08356e+017
6.35371 8.94618e+017
6.35561 8.81067e+017
6.35752 8.67701e+017
6.35942 8.54518e+017
6.36133 8.41516e+017
6.36324 8.28693e+017
6.36515 8.16047e+017
6.36706 8.03576e+017
6.36897 7.91277e+017
6.37088 7.7915e+017
6.3728 7.67191e+017
6.37471 7.55399e+017
6.37663 7.43772e+017
6.37855 7.32307e+017
6.38047 7.21004e+017
6.38239 7.0986e+017
6.38431 6.98873e+017
6.38623 6.88041e+017
6.38816 6.77362e+017
6.39008 6.66835e+017
6.39201 6.56458e+017
6.39394 6.46228e+017
6.39587 6.36145e+017
6.3978 6.26206e+017
6.39973 6.16409e+017
6.40167 6.06752e+017
6.4036 5.97235e+017
6.40554 5.87855e+017
6.40747 5.7861e+017
6.40941 5.69499e+017
6.41135 5.6052e+017
6.41329 5.51672e+017
6.41524 5.42952e+017
6.41718 5.34359e+017
6.41913 5.25892e+017
6.42107 5.17549e+017
6.42302 5.09328e+017
6.42497 5.01227e+017
6.42692 4.93246e+017
6.42887 4.85382e+017
6.43082 4.77635e+017
6.43278 4.70001e+017
6.43473 4.62481e+017
6.43669 4.55073e+017
6.43865 4.47774e+017
6.44061 4.40584e+017
6.44257 4.33501e+017
6.44453 4.26524e+017
6.4465 4.19651e+017
6.44846 4.12882e+017
6.45043 4.06213e+017
6.45239 3.99645e+017
6.45436 3.93176e+017
6.45633 3.86804e+017
6.4583 3.80529e+017
6.46028 3.74348e+017
6.46225 3.68261e+017
6.46423 3.62266e+017
6.4662 3.56362e+017
6.46818 3.50548e+017
6.47016 3.44823e+017
6.47214 3.39185e+017
6.47412 3.33633e+017
6.47611 3.28166e+017
6.47809 3.22783e+017
6.48008 3.17482e+017
6.48206 3.12263e+017
6.48405 3.07124e+017
6.48604 3.02065e+017
6.48803 2.97083e+017
6.49003 2.92178e+017
6.49202 2.8735e+017
6.49401 2.82596e+017
6.49601 2.77915e+017
6.49801 2.73308e+017
6.50001 2.68772e+017
6.50201 2.64307e+017
6.50401 2.59912e+017
6.50601 2.55585e+017
6.50802 2.51326e+017
6.51002 2.47133e+017
6.51203 2.43007e+017
6.51404 2.38945e+017
6.51605 2.34947e+017
6.51806 2.31012e+017
6.52007 2.27138e+017
6.52209 2.23327e+017
6.5241 2.19575e+017
6.52612 2.15882e+017
6.52814 2.12249e+017
6.53016 2.08672e+017
6.53218 2.05153e+017
6.5342 2.01689e+017
6.53622 1.98281e+017
6.53825 1.94927e+017
6.54027 1.91627e+017
6.5423 1.88379e+017
6.54433 1.85183e+017
6.54636 1.82038e+017
6.54839 1.78944e+017
6.55042 1.759e+017
6.55246 1.72904e+017
6.55449 1.69957e+017
6.55653 1.67057e+017
6.55857 1.64203e+017
6.56061 1.61396e+017
6.56265 1.58635e+017
6.56469 1.55918e+017
6.56673 1.53245e+017
6.56878 1.50615e+017
6.57082 1.48028e+017
6.57287 1.45483e+017
6.57492 1.4298e+017
6.57697 1.40517e+017
6.57902 1.38095e+017
6.58108 1.35712e+017
6.58313 1.33368e+017
6.58519 1.31062e+017
6.58725 1.28794e+017
6.5893 1.26563e+017
6.59136 1.24369e+017
6.59343 1.22211e+017
6.59549 1.20089e+017
6.59755 1.18001e+017
6.59962 1.15948e+017
6.60168 1.13929e+017
6.60375 1.11943e+017
6.60582 1.0999e+017
6.60789 1.0807e+017
6.60997 1.06181e+017
6.61204 1.04323e+017
6.61412 1.02497e+017
6.61619 1.007e+017
6.61827 9.8934e+016
6.62035 9.71971e+016
6.62243 9.54892e+016
6.62451 9.38097e+016
6.6266 9.21584e+016
6.62868 9.05347e+016
6.63077 8.89381e+016
6.63285 8.73684e+016
6.63494 8.58249e+016
6.63703 8.43074e+016
6.63913 8.28155e+016
6.64122 8.13486e+016
6.64331 7.99064e+016
6.64541 7.84886e+016
6.64751 7.70947e+016
6.64961 7.57244e+016
6.65171 7.43773e+016
6.65381 7.30529e+016
6.65591 7.1751e+016
6.65802 7.04712e+016
6.66012 6.92132e+016
6.66223 6.79765e+016
6.66434 6.67609e+016
6.66645 6.55659e+016
6.66856 6.43914e+016
6.67067 6.32369e+016
6.67279 6.21021e+016
6.6749 6.09867e+016
6.67702 5.98904e+016
6.67914 5.88129e+016
6.68126 5.77538e+016
6.68338 5.6713e+016
6.6855 5.569e+016
6.68763 5.46846e+016
6.68975 5.36965e+016
6.69188 5.27255e+016
6.69401 5.17712e+016
6.69614 5.08334e+016
6.69827 4.99117e+016
6.7004 4.9006e+016
6.70254 4.8116e+016
6.70467 4.72414e+016
6.70681 4.6382e+016
6.70895 4.55375e+016
6.71109 4.47077e+016
6.71323 4.38923e+016
6.71537 4.30911e+016
6.71752 4.23039e+016
6.71966 4.15304e+016
6.72181 4.07704e+016
6.72396 4.00236e+016
6.72611 3.929e+016
6.72826 3.85692e+016
6.73041 3.7861e+016
6.73256 3.71652e+016
6.73472 3.64816e+016
6.73688 3.58101e+016
6.73904 3.51503e+016
6.7412 3.45022e+016
6.74336 3.38655e+016
6.74552 3.324e+016
6.74768 3.26256e+016
6.74985 3.2022e+016
6.75202 3.14291e+016
6.75419 3.08466e+016
6.75636 3.02745e+016
6.75853 2.97126e+016
6.7607 2.91606e+016
6.76287 2.86184e+016
6.76505 2.80858e+016
6.76723 2.75628e+016
6.76941 2.7049e+016
6.77159 2.65444e+016
6.77377 2.60488e+016
6.77595 2.55621e+016
6.77814 2.5084e+016
6.78032 2.46145e+016
6.78251 2.41534e+016
6.7847 2.37006e+016
6.78689 2.32559e+016
6.78908 2.28192e+016
6.79127 2.23903e+016
6.79347 2.19691e+016
6.79566 2.15556e+016
6.79786 2.11494e+016
6.80006 2.07506e+016
6.80226 2.0359e+016
6.80446 1.99745e+016
6.80667 1.95969e+016
6.80887 1.92262e+016
6.81108 1.88621e+016
6.81329 1.85047e+016
6.8155 1.81537e+016
6.81771 1.78092e+016
6.81992 1.74709e+016
6.82213 1.71387e+016
6.82435 1.68126e+016
6.82657 1.64924e+016
6.82879 1.61781e+016
6.831 1.58695e+016
6.83323 1.55666e+016
6.83545 1.52691e+016
6.83767 1.49772e+016
6.8399 1.46906e+016
6.84213 1.44092e+016
6.84435 1.4133e+016
6.84659 1.38619e+016
6.84882 1.35957e+016
6.85105 1.33345e+016
6.85328 1.3078e+016
6.85552 1.28263e+016
6.85776 1.25793e+016
6.86 1.23367e+016
6.86224 1.20987e+016
6.86448 1.18651e+016
6.86672 1.16358e+016
6.86897 1.14107e+016
6.87122 1.11899e+016
6.87346 1.09731e+016
6.87571 1.07603e+016
6.87796 1.05515e+016
6.88022 1.03466e+016
6.88247 1.01455e+016
6.88473 9.94819e+015
6.88698 9.75452e+015
6.88924 9.56447e+015
6.8915 9.37797e+015
6.89376 9.19496e+015
6.89603 9.01538e+015
6.89829 8.83916e+015
6.90056 8.66624e+015
6.90283 8.49657e+015
6.9051 8.33009e+015
6.90737 8.16673e+015
6.90964 8.00645e+015
6.91191 7.84919e+015
6.91419 7.69489e+015
6.91646 7.5435e+015
6.91874 7.39497e+015
6.92102 7.24924e+015
6.9233 7.10628e+015
6.92559 6.96602e+015
6.92787 6.82841e+015
6.93016 6.69341e+015
6.93244 6.56098e+015
6.93473 6.43106e+015
6.93702 6.30361e+015
6.93932 6.17859e+015
6.94161 6.05594e+015
6.9439 5.93564e+015
6.9462 5.81763e+015
6.9485 5.70187e+015
6.9508 5.58832e+015
6.9531 5.47694e+015
6.9554 5.3677e+015
6.95771 5.26055e+015
6.96001 5.15545e+015
6.96232 5.05237e+015
6.96463 4.95126e+015
6.96694 4.85211e+015
6.96925 4.75485e+015
6.97156 4.65947e+015
6.97388 4.56593e+015
6.9762 4.4742e+015
6.97851 4.38423e+015
6.98083 4.296e+015
6.98316 4.20948e+015
6.98548 4.12463e+015
6.9878 4.04142e+015
6.99013 3.95983e+015
6.99246 3.87982e+015
6.99478 3.80136e+015
6.99712 3.72443e+015
6.99945 3.649e+015
7.00178 3.57503e+015
7.00412 3.5025e+015
7.00645 3.43139e+015
7.00879 3.36166e+015
7.01113 3.2933e+015
7.01347 3.22628e+015
7.01582 3.16056e+015
7.01816 3.09613e+015
7.02051 3.03297e+015
7.02285 2.97104e+015
7.0252 2.91033e+015
7.02755 2.85081e+015
7.02991 2.79246e+015
7.03226 2.73526e+015
7.03462 2.67919e+015
7.03697 2.62422e+015
7.03933 2.57033e+015
7.04169 2.51751e+015
7.04405 2.46574e+015
7.04642 2.41499e+015
7.04878 2.36524e+015
7.05115 2.31648e+015
7.05352 2.26868e+015
7.05589 2.22184e+015
7.05826 2.17592e+015
7.06063 2.13092e+015
7.06301 2.08681e+015
7.06538 2.04358e+015
7.06776 2.00121e+015
7.07014 1.95969e+015
7.07252 1.919e+015
7.0749 1.87912e+015
7.07729 1.84003e+015
7.07967 1.80173e+015
7.08206 1.7642e+015
7.08445 1.72741e+015
7.08684 1.69137e+015
7.08923 1.65605e+015
7.09162 1.62144e+015
7.09402 1.58753e+015
7.09642 1.5543e+015
7.09881 1.52173e+015
7.10121 1.48983e+015
7.10361 1.45857e+015
7.10602 1.42794e+015
7.10842 1.39793e+015
7.11083 1.36852e+015
7.11324 1.33971e+015
7.11565 1.31149e+015
7.11806 1.28384e+015
7.12047 1.25675e+015
7.12289 1.23021e+015
7.1253 1.20421e+015
7.12772 1.17873e+015
7.13014 1.15378e+015
7.13256 1.12934e+015
7.13498 1.10539e+015
7.13741 1.08194e+015
7.13983 1.05896e+015
7.14226 1.03645e+015
7.14469 1.01441e+015
7.14712 9.92811e+014
7.14955 9.71659e+014
7.15198 9.50941e+014
7.15442 9.30648e+014
7.15686 9.10773e+014
7.15929 8.91307e+014
7.16174 8.72241e+014
7.16418 8.53568e+014
7.16662 8.35281e+014
7.16907 8.17371e+014
7.17151 7.99831e+014
7.17396 7.82653e+014
7.17641 7.65831e+014
7.17886 7.49358e+014
7.18132 7.33225e+014
7.18377 7.17428e+014
7.18623 7.01958e+014
7.18869 6.8681e+014
7.19115 6.71977e+014
7.19361 6.57453e+014
7.19607 6.43231e+014
7.19854 6.29306e+014
7.201 6.15671e+014
7.20347 6.02322e+014
7.20594 5.89251e+014
7.20841 5.76453e+014
7.21088 5.63924e+014
7.21336 5.51657e+014
7.21584 5.39647e+014
7.21831 5.27889e+014
7.22079 5.16378e+014
7.22327 5.0511e+014
7.22576 4.94078e+014
7.22824 4.83279e+014
7.23073 4.72707e+014
7.23322 4.62358e+014
7.23571 4.52228e+014
7.2382 4.42312e+014
7.24069 4.32605e+014
7.24318 4.23104e+014
7.24568 4.13804e+014
7.24818 4.04702e+014
7.25068 3.95792e+014
7.25318 3.87072e+014
7.25568 3.78536e+014
7.25819 3.70183e+014
7.26069 3.62007e+014
7.2632 3.54006e+014
7.26571 3.46175e+014
7.26822 3.38511e+014
7.27073 3.31011e+014
7.27325 3.23671e+014
7.27577 3.16488e+014
7.27828 3.09459e+014
7.2808 3.02581e+014
7.28332 2.9585e+014
7.28585 2.89263e+014
7.28837 2.82818e+014
7.2909 2.76512e+014
7.29343 2.70341e+014
7.29596 2.64304e+014
7.29849 2.58396e+014
7.30102 2.52616e+014
7.30356 2.4696e+014
7.30609 2.41427e+014
7.30863 2.36014e+014
7.31117 2.30717e+014
7.31371 2.25536e+014
7.31626 2.20466e+014
7.3188 2.15507e+014
7.32135 2.10655e+014
7.3239 2.05909e+014
7.32645 2.01266e+014
7.329 1.96724e+014
7.33155 1.92281e+014
7.33411 1.87935e+014
7.33666 1.83684e+014
7.33922 1.79526e+014
7.34178 1.75458e+014
7.34434 1.7148e+014
7.34691 1.67588e+014
7.34947 1.63782e+014
7.35204 1.6006e+014
7.35461 1.56419e+014
7.35718 1.52858e+014
7.35975 1.49375e+014
7.36233 1.45969e+014
7.3649 1.42638e+014
7.36748 1.39381e+014
7.37006 1.36195e+014
7.37264 1.3308e+014
7.37522 1.30033e+014
7.37781 1.27054e+014
7.38039 1.24141e+014
7.38298 1.21292e+014
7.38557 1.18506e+014
7.38816 1.15783e+014
7.39075 1.13119e+014
7.39335 1.10515e+014
7.39595 1.07969e+014
7.39854 1.0548e+014
7.40114 1.03046e+014
7.40374 1.00666e+014
7.40635 9.83393e+013
7.40895 9.60647e+013
7.41156 9.38408e+013
7.41417 9.16668e+013
7.41678 8.95414e+013
7.41939 8.74636e+013
7.422 8.54325e+013
7.42462 8.34469e+013
7.42724 8.15059e+013
7.42986 7.96086e+013
7.43248 7.77539e+013
7.4351 7.59411e+013
7.43772 7.41691e+013
7.44035 7.2437e+013
7.44298 7.07441e+013
7.44561 6.90894e+013
7.44824 6.74721e+013
7.45087 6.58915e+013
7.45351 6.43466e+013
7.45614 6.28367e+013
7.45878 6.13611e+013
7.46142 5.99191e+013
7.46406 5.85097e+013
7.46671 5.71325e+013
7.46935 5.57866e+013
7.472 5.44713e+013
7.47465 5.31861e+013
7.4773 5.19301e+013
7.47995 5.07029e+013
7.48261 4.95037e+013
7.48526 4.83319e+013
7.48792 4.7187e+013
7.49058 4.60683e+013
7.49324 4.49752e+013
7.4959 4.39073e+013
7.49857 4.28638e+013
7.50123 4.18444e+013
7.5039 4.08484e+013
7.50657 3.98753e+013
7.50925 3.89247e+013
7.51192 3.7996e+013
7.51459 3.70887e+013
7.51727 3.62024e+013
7.51995 3.53366e+013
7.52263 3.44908e+013
7.52531 3.36646e+013
7.528 3.28576e+013
7.53069 3.20693e+013
7.53337 3.12993e+013
7.53606 3.05471e+013
7.53875 2.98125e+013
7.54145 2.9095e+013
7.54414 2.83941e+013
7.54684 2.77097e+013
7.54954 2.70411e+013
7.55224 2.63882e+013
7.55494 2.57506e+013
7.55765 2.51279e+013
7.56035 2.45197e+013
7.56306 2.39258e+013
7.56577 2.33458e+013
7.56848 2.27795e+013
7.57119 2.22264e+013
7.57391 2.16863e+013
7.57663 2.1159e+013
7.57935 2.0644e+013
7.58207 2.01412e+013
7.58479 1.96503e+013
7.58751 1.91709e+013
7.59024 1.87029e+013
7.59297 1.82459e+013
7.5957 1.77997e+013
7.59843 1.73641e+013
7.60116 1.69388e+013
7.6039 1.65236e+013
7.60663 1.61183e+013
7.60937 1.57226e+013
7.61211 1.53363e+013
7.61485 1.49592e+013
7.6176 1.45911e+013
7.62034 1.42317e+013
7.62309 1.3881e+013
7.62584 1.35386e+013
7.62859 1.32043e+013
7.63135 1.28781e+013
7.6341 1.25597e+013
7.63686 1.22489e+013
7.63962 1.19456e+013
7.64238 1.16495e+013
7.64514 1.13605e+013
7.64791 1.10785e+013
7.65067 1.08033e+013
7.65344 1.05347e+013
7.65621 1.02726e+013
7.65898 1.00168e+013
7.66175 9.76711e+012
7.66453 9.5235e+012
7.66731 9.28578e+012
7.67009 9.05381e+012
7.67287 8.82746e+012
7.67565 8.60659e+012
7.67844 8.39107e+012
7.68122 8.18079e+012
7.68401 7.97561e+012
7.6868 7.77542e+012
7.68959 7.5801e+012
7.69239 7.38954e+012
7.69518 7.20362e+012
7.69798 7.02224e+012
7.70078 6.84528e+012
7.70358 6.67265e+012
7.70639 6.50423e+012
7.70919 6.33994e+012
7.712 6.17967e+012
7.71481 6.02333e+012
7.71762 5.87082e+012
7.72043 5.72206e+012
7.72324 5.57695e+012
7.72606 5.43541e+012
7.72888 5.29735e+012
7.7317 5.1627e+012
7.73452 5.03136e+012
7.73735 4.90326e+012
7.74017 4.77833e+012
7.743 4.65648e+012
7.74583 4.53765e+012
7.74866 4.42176e+012
7.75149 4.30873e+012
7.75433 4.19851e+012
7.75717 4.09103e+012
7.76001 3.98621e+012
7.76285 3.884e+012
7.76569 3.78433e+012
7.76853 3.68714e+012
7.77138 3.59238e+012
7.77423 3.49997e+012
7.77708 3.40987e+012
7.77993 3.32202e+012
7.78279 3.23637e+012
7.78564 3.15286e+012
7.7885 3.07144e+012
7.79136 2.99206e+012
7.79422 2.91467e+012
7.79709 2.83923e+012
7.79995 2.76567e+012
7.80282 2.69397e+012
7.80569 2.62407e+012
7.80856 2.55593e+012
7.81144 2.48951e+012
7.81431 2.42476e+012
7.81719 2.36165e+012
7.82007 2.30013e+012
7.82295 2.24017e+012
7.82583 2.18172e+012
7.82872 2.12476e+012
7.8316 2.06924e+012
7.83449 2.01512e+012
7.83738 1.96238e+012
7.84027 1.91098e+012
7.84317 1.86089e+012
7.84607 1.81207e+012
7.84896 1.76449e+012
7.85186 1.71813e+012
7.85477 1.67295e+012
7.85767 1.62892e+012
7.86058 1.58602e+012
7.86349 1.54421e+012
7.8664 1.50348e+012
7.86931 1.46379e+012
7.87222 1.42511e+012
7.87514 1.38743e+012
7.87806 1.35071e+012
7.88098 1.31494e+012
7.8839 1.28009e+012
7.88682 1.24614e+012
7.88975 1.21306e+012
7.89267 1.18083e+012
7.8956 1.14943e+012
7.89853 1.11885e+012
7.90147 1.08905e+012
7.9044 1.06003e+012
7.90734 1.03176e+012
7.91028 1.00422e+012
7.91322 9.77392e+011
7.91616 9.51262e+011
7.91911 9.2581e+011
7.92206 9.0102e+011
7.92501 8.76875e+011
7.92796 8.53358e+011
7.93091 8.30454e+011
7.93387 8.08148e+011
7.93682 7.86423e+011
7.93978 7.65266e+011
7.94274 7.44661e+011
7.9457 7.24596e+011
7.94867 7.05056e+011
7.95164 6.86028e+011
7.95461 6.67499e+011
7.95758 6.49457e+011
7.96055 6.31888e+011
7.96352 6.14781e+011
7.9665 5.98124e+011
7.96948 5.81906e+011
7.97246 5.66115e+011
7.97544 5.5074e+011
7.97843 5.35772e+011
7.98141 5.21198e+011
7.9844 5.0701e+011
7.98739 4.93198e+011
7.99039 4.79751e+011
7.99338 4.6666e+011
7.99638 4.53917e+011
7.99938 4.41512e+011
8.00238 4.29436e+011
8.00538 4.17682e+011
8.00838 4.0624e+011
8.01139 3.95103e+011
8.0144 3.84263e+011
8.01741 3.73712e+011
8.02042 3.63443e+011
8.02344 3.53448e+011
8.02646 3.4372e+011
8.02947 3.34252e+011
8.03249 3.25038e+011
8.03552 3.16071e+011
8.03854 3.07345e+011
8.04157 2.98853e+011
8.0446 2.90589e+011
8.04763 2.82547e+011
8.05066 2.74722e+011
8.0537 2.67107e+011
8.05673 2.59698e+011
8.05977 2.52489e+011
8.06281 2.45474e+011
8.06586 2.38649e+011
8.0689 2.32008e+011
8.07195 2.25547e+011
8.075 2.19261e+011
8.07805 2.13145e+011
8.0811 2.07196e+011
8.08416 2.01408e+011
8.08721 1.95777e+011
8.09027 1.90299e+011
8.09334 1.84971e+011
8.0964 1.79787e+011
8.09946 1.74745e+011
8.10253 1.69841e+011
8.1056 1.6507e+011
8.10867 1.6043e+011
8.11175 1.55917e+011
8.11482 1.51527e+011
8.1179 1.47257e+011
8.12098 1.43105e+011
8.12406 1.39066e+011
8.12714 1.35139e+011
8.13023 1.31319e+011
8.13332 1.27604e+011
8.13641 1.23992e+011
8.1395 1.20479e+011
8.1426 1.17063e+011
8.14569 1.13741e+011
8.14879 1.10511e+011
8.15189 1.0737e+011
8.15499 1.04317e+011
8.1581 1.01347e+011
8.1612 9.84602e+010
8.16431 9.56532e+010
8.16742 9.2924e+010
8.17054 9.02707e+010
8.17365 8.76911e+010
8.17677 8.51833e+010
8.17989 8.27453e+010
8.18301 8.03752e+010
8.18613 7.80713e+010
8.18926 7.58316e+010
8.19238 7.36544e+010
8.19551 7.15381e+010
8.19864 6.94811e+010
8.20178 6.74816e+010
8.20491 6.55381e+010
8.20805 6.36491e+010
8.21119 6.18132e+010
8.21433 6.00288e+010
8.21748 5.82946e+010
8.22062 5.66091e+010
8.22377 5.49711e+010
8.22692 5.33793e+010
8.23007 5.18324e+010
8.23323 5.03291e+010
8.23639 4.88682e+010
8.23955 4.74487e+010
8.24271 4.60693e+010
8.24587 4.4729e+010
8.24903 4.34267e+010
8.2522 4.21613e+010
8.25537 4.09318e+010
8.25854 3.97372e+010
8.26172 3.85766e+010
8.26489 3.7449e+010
8.26807 3.63536e+010
8.27125 3.52893e+010
8.27443 3.42554e+010
8.27762 3.3251e+010
8.2808 3.22753e+010
8.28399 3.13275e+010
8.28718 3.04068e+010
8.29037 2.95124e+010
8.29357 2.86437e+010
8.29677 2.77999e+010
8.29996 2.69803e+010
8.30317 2.61843e+010
8.30637 2.54112e+010
8.30957 2.46603e+010
8.31278 2.3931e+010
8.31599 2.32227e+010
8.3192 2.25349e+010
8.32242 2.18669e+010
8.32563 2.12182e+010
8.32885 2.05883e+010
8.33207 1.99766e+010
8.3353 1.93826e+010
8.33852 1.88058e+010
8.34175 1.82457e+010
8.34498 1.77019e+010
8.34821 1.71739e+010
8.35144 1.66613e+010
8.35468 1.61636e+010
8.35791 1.56803e+010
8.36115 1.52112e+010
8.3644 1.47557e+010
8.36764 1.43135e+010
8.37089 1.38842e+010
8.37413 1.34675e+010
8.37739 1.3063e+010
8.38064 1.26703e+010
8.38389 1.22892e+010
8.38715 1.19192e+010
8.39041 1.15601e+010
8.39367 1.12115e+010
8.39694 1.08732e+010
8.4002 1.05448e+010
8.40347 1.02261e+010
8.40674 9.91679e+009
8.41001 9.6166e+009
8.41329 9.32528e+009
8.41656 9.04256e+009
8.41984 8.7682e+009
8.42312 8.50195e+009
8.42641 8.24359e+009
8.42969 7.99289e+009
8.43298 7.74963e+009
8.43627 7.51358e+009
8.43956 7.28455e+009
8.44286 7.06232e+009
8.44615 6.84671e+009
8.44945 6.63752e+009
8.45275 6.43456e+009
8.45606 6.23766e+009
8.45936 6.04663e+009
8.46267 5.86132e+009
8.46598 5.68154e+009
8.46929 5.50714e+009
8.4726 5.33796e+009
8.47592 5.17385e+009
8.47924 5.01467e+009
8.48256 4.86026e+009
8.48588 4.71049e+009
8.48921 4.56523e+009
8.49254 4.42433e+009
8.49587 4.28768e+009
8.4992 4.15515e+009
8.50253 4.02661e+009
8.50587 3.90195e+009
8.50921 3.78106e+009
8.51255 3.66382e+009
8.51589 3.55014e+009
8.51924 3.43989e+009
8.52258 3.33298e+009
8.52593 3.22932e+009
8.52929 3.1288e+009
8.53264 3.03134e+009
8.536 2.93684e+009
8.53935 2.84522e+009
8.54272 2.75638e+009
8.54608 2.67025e+009
8.54944 2.58675e+009
8.55281 2.5058e+009
8.55618 2.42732e+009
8.55955 2.35124e+009
8.56293 2.27749e+009
8.5663 2.20599e+009
8.56968 2.13669e+009
8.57306 2.06951e+009
8.57645 2.0044e+009
8.57983 1.94128e+009
8.58322 1.8801e+009
8.58661 1.82081e+009
8.59 1.76334e+009
8.5934 1.70765e+009
8.5968 1.65367e+009
8.6002 1.60135e+009
8.6036 1.55066e+009
8.607 1.50153e+009
8.61041 1.45392e+009
8.61381 1.40778e+009
8.61723 1.36307e+009
8.62064 1.31975e+009
8.62405 1.27778e+009
8.62747 1.23711e+009
8.63089 1.1977e+009
8.63431 1.15952e+009
8.63774 1.12252e+009
8.64116 1.08668e+009
8.64459 1.05196e+009
8.64802 1.01832e+009
8.65146 9.85735e+008
8.65489 9.54165e+008
8.65833 9.23583e+008
8.66177 8.93959e+008
8.66521 8.65263e+008
8.66866 8.37466e+008
8.67211 8.10542e+008
8.67555 7.84464e+008
8.67901 7.59205e+008
8.68246 7.34741e+008
8.68592 7.11047e+008
8.68938 6.88099e+008
8.69284 6.65875e+008
8.6963 6.44353e+008
8.69977 6.2351e+008
8.70323 6.03326e+008
8.7067 5.8378e+008
8.71018 5.64853e+008
8.71365 5.46526e+008
8.71713 5.2878e+008
8.72061 5.11597e+008
8.72409 4.94959e+008
8.72757 4.78851e+008
8.73106 4.63254e+008
8.73455 4.48154e+008
8.73804 4.33536e+008
8.74153 4.19383e+008
8.74503 4.05682e+008
8.74853 3.92418e+008
8.75203 3.79579e+008
8.75553 3.6715e+008
8.75904 3.55119e+008
8.76254 3.43473e+008
8.76605 3.322e+008
8.76956 3.2129e+008
8.77308 3.10729e+008
8.7766 3.00508e+008
8.78012 2.90616e+008
8.78364 2.81042e+008
8.78716 2.71776e+008
8.79069 2.6281e+008
8.79422 2.54132e+008
8.79775 2.45735e+008
8.80128 2.37609e+008
8.80482 2.29745e+008
8.80835 2.22137e+008
8.81189 2.14774e+008
8.81544 2.07651e+008
8.81898 2.00758e+008
8.82253 1.94089e+008
8.82608 1.87637e+008
8.82963 1.81395e+008
8.83319 1.75356e+008
8.83674 1.69513e+008
8.8403 1.63861e+008
8.84386 1.58394e+008
8.84743 1.53105e+008
8.85099 1.47988e+008
8.85456 1.43039e+008
8.85813 1.38252e+008
8.86171 1.33622e+008
8.86528 1.29143e+008
8.86886 1.24812e+008
8.87244 1.20622e+008
8.87603 1.1657e+008
8.87961 1.12652e+008
8.8832 1.08862e+008
8.88679 1.05197e+008
8.89038 1.01653e+008
8.89398 9.82257e+007
8.89757 9.49116e+007
8.90117 9.1707e+007
8.90478 8.86083e+007
8.90838 8.56121e+007
8.91199 8.27152e+007
8.9156 7.99142e+007
8.91921 7.72062e+007
8.92282 7.4588e+007
8.92644 7.20568e+007
8.93006 6.96097e+007
8.93368 6.7244e+007
8.93731 6.49571e+007
8.94093 6.27464e+007
8.94456 6.06094e+007
8.94819 5.85438e+007
8.95183 5.65471e+007
8.95546 5.46172e+007
8.9591 5.27518e+007
8.96274 5.09488e+007
8.96638 4.92063e+007
8.97003 4.75222e+007
8.97368 4.58946e+007
8.97733 4.43217e+007
8.98098 4.28016e+007
8.98464 4.13327e+007
8.9883 3.99132e+007
8.99196 3.85416e+007
8.99562 3.72161e+007
8.99928 3.59354e+007
9.00295 3.4698e+007
9.00662 3.35023e+007
9.01029 3.23471e+007
9.01397 3.1231e+007
9.01765 3.01527e+007
9.02133 2.9111e+007
9.02501 2.81046e+007
9.02869 2.71324e+007
9.03238 2.61932e+007
9.03607 2.52859e+007
9.03976 2.44096e+007
9.04346 2.3563e+007
9.04716 2.27454e+007
9.05086 2.19556e+007
9.05456 2.11928e+007
9.05826 2.0456e+007
9.06197 1.97444e+007
9.06568 1.90572e+007
9.06939 1.83935e+007
9.07311 1.77526e+007
9.07682 1.71337e+007
9.08054 1.6536e+007
9.08426 1.59588e+007
9.08799 1.54015e+007
9.09171 1.48633e+007
9.09544 1.43437e+007
9.09918 1.3842e+007
9.10291 1.33576e+007
9.10665 1.28899e+007
9.11039 1.24384e+007
9.11413 1.20024e+007
9.11787 1.15816e+007
9.12162 1.11753e+007
9.12537 1.07831e+007
9.12912 1.04045e+007
9.13288 1.00391e+007
9.13663 9.6863e+006
9.14039 9.34579e+006
9.14415 9.01714e+006
9.14792 8.69992e+006
9.15168 8.39376e+006
9.15545 8.09827e+006
9.15923 7.81309e+006
9.163 7.53787e+006
9.16678 7.27226e+006
9.17056 7.01595e+006
9.17434 6.76861e+006
9.17812 6.52994e+006
9.18191 6.29963e+006
9.1857 6.0774e+006
9.18949 5.86297e+006
9.19329 5.65608e+006
9.19708 5.45647e+006
9.20088 5.26388e+006
9.20469 5.07807e+006
9.20849 4.89882e+006
9.2123 4.72588e+006
9.21611 4.55906e+006
9.21992 4.39812e+006
9.22373 4.24288e+006
9.22755 4.09313e+006
9.23137 3.94869e+006
9.23519 3.80936e+006
9.23902 3.67497e+006
9.24285 3.54536e+006
9.24668 3.42035e+006
9.25051 3.29978e+006
9.25435 3.18351e+006
9.25818 3.07137e+006
9.26202 2.96323e+006
9.26587 2.85895e+006
9.26971 2.75839e+006
9.27356 2.66142e+006
9.27741 2.56791e+006
9.28126 2.47775e+006
9.28512 2.39082e+006
9.28898 2.30701e+006
9.29284 2.2262e+006
9.2967 2.14829e+006
9.30057 2.07317e+006
9.30444 2.00076e+006
9.30831 1.93095e+006
9.31218 1.86366e+006
9.31606 1.79879e+006
9.31994 1.73625e+006
9.32382 1.67598e+006
9.3277 1.61788e+006
9.33159 1.56188e+006
9.33548 1.5079e+006
9.33937 1.45588e+006
9.34327 1.40574e+006
9.34716 1.35742e+006
9.35106 1.31086e+006
9.35497 1.26598e+006
9.35887 1.22274e+006
9.36278 1.18106e+006
9.36669 1.1409e+006
9.3706 1.10221e+006
9.37452 1.06493e+006
9.37844 1.029e+006
9.38236 994388
9.38628 961040
9.39021 928910
9.39413 897956
9.39806 868136
9.402 839408
9.40593 811733
9.40987 785075
9.41382 759395
9.41776 734660
9.42171 710834
9.42566 687885
9.42961 665782
9.43356 644494
9.43752 623992
9.44148 604246
9.44544 585230
9.44941 566918
9.45338 549283
9.45735 532302
9.46132 515950
9.4653 500205
9.46928 485044
9.47326 470447
9.47724 456392
9.48123 442860
9.48522 429833
9.48921 417291
9.4932 405217
9.4972 393593
9.5012 382404
9.5052 371633
9.50921 361265
9.51322 351286
9.51723 341680
9.52124 332434
9.52525 323536
9.52927 314972
9.53329 306729
9.53732 298797
9.54135 291163
9.54537 283817
9.54941 276748
9.55344 269946
9.55748 263400
9.56152 257102
9.56556 251042
9.56961 245212
9.57366 239602
9.57771 234205
9.58176 229013
9.58582 224018
9.58987 219212
9.59394 214590
9.598 210143
9.60207 205866
9.60614 201751
9.61021 197794
9.61429 193988
9.61836 190327
9.62244 186806
9.62653 183419
9.63061 180163
9.6347 177031
9.63879 174019
9.64289 171123
9.64699 168338
9.65109 165660
9.65519 163085
9.65929 160609
9.6634 158229
9.66751 155940
9.67163 153740
9.67574 151625
9.67986 149591
9.68398 147636
9.68811 145757
9.69223 143950
9.69636 142214
9.7005 140545
9.70463 138940
9.70877 137398
9.71291 135916
9.71706 134492
9.7212 133123
9.72535 131807
9.7295 130543
9.73366 129328
9.73782 128160
9.74198 127039
9.74614 125961
9.75031 124925
9.75447 123930
9.75865 122973
9.76282 122055
9.767 121172
9.77118 120324
9.77536 119510
9.77955 118727
9.78373 117976
9.78792 117254
9.79212 116560
9.79631 115894
9.80051 115254
9.80472 114640
9.80892 114049
9.81313 113482
9.81734 112938
9.82155 112415
9.82577 111913
9.82999 111431
9.83421 110968
9.83844 110524
9.84266 110097
9.84689 109687
9.85113 109293
9.85536 108916
9.8596 108553
9.86384 108205
9.86809 107870
9.87233 107550
9.87658 107242
9.88084 106946
9.88509 106662
9.88935 106390
9.89361 106128
9.89788 105877
9.90214 105636
9.90641 105405
9.91069 105183
9.91496 104970
9.91924 104766
9.92352 104570
9.92781 104382
9.93209 104201
9.93638 104028
9.94068 103862
9.94497 103702
9.94927 103549
9.95357 103403
9.95788 103262
9.96218 103127
9.96649 102997
9.97081 102873
9.97512 102753
9.97944 102639
9.98376 102529
9.98809 102424
9.99242 102323
9.99675 102226
10.0011 102134
10.0054 102045
10.0098 101959
10.0141 101877
10.0184 101799
10.0228 101724
10.0271 101651
10.0315 101582
10.0358 101516
10.0402 101452
10.0446 101391
10.0489 101333
10.0533 101277
10.0577 101223
10.062 101171
10.0664 101122
10.0708 101075
10.0752 101029
10.0796 100986
10.084 100944
10.0884 100904
10.0927 100866
10.0971 100829
10.1015 100794
10.1059 100760
10.1104 100728
10.1148 100697
10.1192 100667
10.1236 100639
10.128 100612
10.1324 100586
10.1368 100561
10.1413 100537
10.1457 100514
10.1501 100492
10.1546 100471
10.159 100451
10.1635 100431
10.1679 100413
10.1723 100395
10.1768 100378
10.1812 100362
10.1857 100346
10.1902 100331
10.1946 100317
10.1991 100303
10.2036 100290
10.208 100278
10.2125 100266
10.217 100254
10.2215 100243
10.2259 100233
10.2304 100223
10.2349 100213
10.2394 100204
10.2439 100195
10.2484 100186
10.2529 100178
10.2574 100171
10.2619 100163
10.2664 100156
10.2709 100149
10.2755 100143
10.28 100136
10.2845 100131
10.289 100125
10.2935 100119
10.2981 100114
10.3026 100109
10.3072 100104
10.3117 100100
10.3162 100095
10.3208 100091
10.3253 100087
10.3299 100083
10.3344 100080
10.339 100076
10.3436 100073
10.3481 100070
10.3527 100066
10.3573 100064
10.3618 100061
10.3664 100058
10.371 100055
10.3756 100053
10.3802 100051
10.3847 100048
10.3893 100046
10.3939 100044
10.3985 100042
10.4031 100040
10.4077 100039
10.4123 100037
10.417 100035
10.4216 100034
10.4262 100032
10.4308 100031
10.4354 100029
10.4401 100028
10.4447 100027
10.4493 100026
10.4539 100024
10.4586 100023
10.4632 100022
10.4679 100021
10.4725 100020
10.4772 100019
10.4818 100018
10.4865 100018
10.4911 100017
10.4958 100016
10.5005 100015
10.5051 100015
10.5098 100014
10.5145 100013
10.5192 100013
10.5238 100012
10.5285 100012
10.5332 100011
10.5379 100011
10.5426 100010
10.5473 100010
10.552 100009
10.5567 100009
10.5614 100008
10.5661 100008
10.5708 100008
10.5756 100007
10.5803 100007
10.585 100007
10.5897 100006
10.5944 100006
10.5992 100006
10.6039 100005
10.6087 100005
10.6134 100005
10.6181 100005
10.6229 100005
10.6276 100004
10.6324 100004
10.6371 100004
10.6419 100004
10.6467 100004
10.6514 100003
10.6562 100003
10.661 100003
10.6658 100003
10.6705 100003
10.6753 100003
10.6801 100003
10.6849 100002
10.6897 100002
10.6945 100002
10.6993 100002
10.7041 100002
10.7089 100002
10.7137 100002
10.7185 100002
10.7233 100002
10.7281 100002
10.733 100002
10.7378 100001
10.7426 100001
10.7474 100001
10.7523 100001
10.7571 100001
10.762 100001
10.7668 100001
10.7716 100001
10.7765 100001
10.7813 100001
10.7862 100001
10.7911 100001
10.7959 100001
10.8008 100001
10.8057 100001
10.8105 100001
10.8154 100001
10.8203 100001
10.8252 100001
10.8301 100001
10.8349 100001
10.8398 100001
10.8447 100000
10.8496 100000
10.8545 100000
10.8594 100000
10.8643 100000
10.8693 100000
10.8742 100000
10.8791 100000
10.884 100000
10.8889 100000
10.8939 100000
10.8988 100000
10.9037 100000
10.9087 100000
10.9136 100000
10.9186 100000
10.9235 100000
10.9285 100000
10.9334 100000
10.9384 100000
10.9433 100000
10.9483 100000
10.9533 100000
10.9582 100000
10.9632 100000
10.9682 100000
10.9732 100000
10.9782 100000
10.9831 100000
10.9881 100000
10.9931 100000
10.9981 100000
11.0031 100000
11.0081 100000
11.0131 100000
11.0182 100000
11.0232 100000
11.0282 100000
11.0332 100000
11.0382 100000
11.0433 100000
11.0483 100000
11.0533 100000
11.0584 100000
11.0634 100000
11.0684 100000
11.0735 100000
11.0785 100000
11.0836 100000
11.0887 100000
11.0937 100000
11.0988 100000
11.1039 100000
11.1089 100000
11.114 100000
11.1191 100000
11.1242 100000
11.1292 100000
11.1343 100000
11.1394 100000
11.1445 100000
11.1496 100000
11.1547 100000
11.1598 100000
11.1649 100000
11.1701 100000
11.1752 100000
11.1803 100000
11.1854 100000
11.1905 100000
11.1957 100000
11.2008 100000
11.2059 100000
11.2111 100000
11.2162 100000
11.2214 100000
11.2265 100000
11.2317 100000
11.2368 100000
11.242 100000
11.2471 100000
11.2523 100000
11.2575 100000
11.2627 100000
11.2678 100000
11.273 100000
11.2782 100000
11.2834 100000
11.2886 100000
11.2938 100000
11.299 100000
11.3042 100000
11.3094 100000
11.3146 100000
11.3198 100000
11.325 100000
11.3302 100000
11.3355 100000
11.3407 100000
11.3459 100000
11.3511 100000
11.3564 100000
11.3616 100000
11.3669 100000
11.3721 100000
11.3774 100000
11.3826 100000
11.3879 100000
11.3931 100000
11.3984 100000
11.4037 100000
11.4089 100000
11.4142 100000
11.4195 100000
11.4248 100000
11.4301 100000
11.4354 100000
11.4406 100000
11.4459 100000
11.4512 100000
11.4565 100000
11.4619 100000
11.4672 100000
11.4725 100000
11.4778 100000
11.4831 100000
11.4884 100000
11.4938 100000
11.4991 100000
11.5044 100000
11.5098 100000
11.5151 100000
11.5205 100000
11.5258 100000
11.5312 100000
11.5365 100000
11.5419 100000
11.5472 100000
11.5526 100000
11.558 100000
11.5634 100000
11.5687 100000
11.5741 100000
11.5795 100000
11.5849 100000
11.5903 100000
11.5957 100000
11.6011 100000
11.6065 100000
11.6119 100000
11.6173 100000
11.6227 100000
11.6281 100000
11.6336 100000
11.639 100000
11.6444 100000
11.6498 100000
11.6553 100000
11.6607 100000
11.6662 100000
11.6716 100000
11.6771 100000
11.6825 100000
11.688 100000
11.6934 100000
11.6989 100000
11.7044 100000
11.7098 100000
11.7153 100000
11.7208 100000
11.7263 100000
11.7318 100000
11.7373 100000
11.7427 100000
11.7482 100000
11.7537 100000
11.7593 100000
11.7648 100000
11.7703 100000
11.7758 100000
11.7813 100000
11.7868 100000
11.7924 100000
11.7979 100000
11.8034 100000
11.809 100000
11.8145 100000
11.8201 100000
11.8256 100000
11.8312 100000
11.8367 100000
11.8423 100000
11.8478 100000
11.8534 100000
11.859 100000
11.8646 100000
11.8701 100000
11.8757 100000
11.8813 100000
11.8869 100000
11.8925 100000
11.8981 100000
11.9037 100000
11.9093 100000
11.9149 100000
11.9205 100000
11.9261 100000
11.9317 100000
11.9374 100000
11.943 100000
11.9486 100000
11.9543 100000
11.9599 100000
11.9655 100000
11.9712 100000
11.9768 100000
11.9825 100000
11.9882 100000
11.9938 100000
11.9995 100000
12.0052 100000
12.0108 100000
12.0165 100000
12.0222 100000
12.0279 100000
12.0336 100000
12.0392 100000
12.0449 100000
12.0506 100000
12.0563 100000
12.0621 100000
12.0678 100000
12.0735 100000
12.0792 100000
12.0849 100000
12.0906 100000
12.0964 100000
12.1021 100000
12.1078 100000
12.1136 100000
12.1193 100000
12.1251 100000
12.1308 100000
12.1366 100000
12.1424 100000
12.1481 100000
12.1539 100000
12.1597 100000
12.1654 100000
12.1712 100000
12.177 100000
12.1828 100000
12.1886 100000
12.1944 100000
12.2002 100000
12.206 100000
12.2118 100000
12.2176 100000
12.2234 100000
12.2292 100000
12.235 100000
12.2409 100000
12.2467 100000
12.2525 100000
12.2584 100000
12.2642 100000
12.2701 100000
12.2759 100000
12.2818 100000
12.2876 100000
12.2935 100000
12.2993 100000
12.3052 100000
12.3111 100000
12.317 100000
12.3228 100000
12.3287 100000
12.3346 100000
12.3405 100000
12.3464 100000
12.3523 100000
12.3582 100000
12.3641 100000
12.37 100000
12.376 100000
12.3819 100000
12.3878 100000
12.3937 100000
12.3997 100000
12.4056 100000
12.4115 100000
12.4175 100000
12.4234 100000
12.4294 100000
12.4353 100000
12.4413 100000
12.4473 100000
12.4532 100000
12.4592 100000
12.4652 100000
12.4712 100000
12.4771 100000
12.4831 100000
12.4891 100000
12.4951 100000
12.5011 100000
12.5071 100000
12.5131 100000
12.5191 100000
12.5252 100000
12.5312 100000
12.5372 100000
12.5432 100000
12.5493 100000
12.5553 100000
12.5613 100000
12.5674 100000
12.5734 100000
12.5795 100000
12.5855 100000
12.5916 100000
12.5977 100000
12.6037 100000
12.6098 100000
12.6159 100000
12.622 100000
12.628 100000
12.6341 100000
12.6402 100000
12.6463 100000
12.6524 100000
12.6585 100000
12.6646 100000
12.6707 100000
12.6769 100000
12.683 100000
12.6891 100000
12.6952 100000
12.7014 100000
12.7075 100000
12.7136 100000
12.7198 100000
12.7259 100000
12.7321 100000
12.7383 100000
12.7444 100000
12.7506 100000
12.7567 100000
12.7629 100000
12.7691 100000
12.7753 100000
12.7815 100000
12.7877 100000
12.7939 100000
12.8001 100000
12.8063 100000
12.8125 100000
12.8187 100000
12.8249 100000
12.8311 100000
12.8373 100000
12.8436 100000
12.8498 100000
12.856 100000
12.8623 100000
12.8685 100000
12.8748 100000
12.881 100000
12.8873 100000
12.8935 100000
12.8998 100000
12.9061 100000
12.9123 100000
12.9186 100000
12.9249 100000
12.9312 100000
12.9375 100000
12.9438 100000
12.9501 100000
12.9564 100000
12.9627 100000
12.969 100000
12.9753 100000
12.9816 100000
12.988 100000
12.9943 100000
13.0006 100000
13.007 100000
13.0133 100000
13.0196 100000
13.026 100000
13.0323 100000
13.0387 100000
13.0451 100000
13.0514 100000
13.0578 100000
13.0642 100000
13.0706 100000
13.0769 100000
13.0833 100000
13.0897 100000
13.0961 100000
13.1025 100000
13.1089 100000
13.1153 100000
13.1218 100000
13.1282 100000
13.1346 100000
13.141 100000
13.1474 100000
13.1539 100000
13.1603 100000
13.1668 100000
13.1732 100000
13.1797 100000
13.1861 100000
13.1926 100000
13.199 100000
13.2055 100000
13.212 100000
13.2185 100000
13.2249 100000
13.2314 100000
13.2379 100000
13.2444 100000
13.2509 100000
13.2574 100000
13.2639 100000
13.2704 100000
13.277 100000
13.2835 100000
13.29 100000
13.2965 100000
13.3031 100000
13.3096 100000
13.3162 100000
13.3227 100000
13.3293 100000
13.3358 100000
13.3424 100000
13.3489 100000
13.3555 100000
13.3621 100000
13.3687 100000
13.3752 100000
13.3818 100000
13.3884 100000
13.395 100000
13.4016 100000
13.4082 100000
13.4148 100000
13.4214 100000
13.4281 100000
13.4347 100000
13.4413 100000
13.4479 100000
13.4546 100000
13.4612 100000
13.4679 100000
13.4745 100000
13.4812 100000
13.4878 100000
13.4945 100000
13.5011 100000
13.5078 100000
13.5145 100000
13.5212 100000
13.5279 100000
13.5345 100000
13.5412 100000
13.5479 100000
13.5546 100000
13.5613 100000
13.5681 100000
13.5748 100000
13.5815 100000
13.5882 100000
13.5949 100000
13.6017 100000
13.6084 100000
13.6152 100000
13.6219 100000
13.6287 100000
13.6354 100000
13.6422 100000
13.6489 100000
13.6557 100000
13.6625 100000
13.6693 100000
13.676 100000
13.6828 100000
13.6896 100000
13.6964 100000
13.7032 100000
13.71 100000
13.7168 100000
13.7237 100000
13.7305 100000
13.7373 100000
13.7441 100000
13.751 100000
13.7578 100000
13.7646 100000
13.7715 100000
13.7783 100000
13.7852 100000
13.792 100000
13.7989 100000
13.8058 100000
13.8127 100000
13.8195 100000
13.8264 100000
13.8333 100000
13.8402 100000
13.8471 100000
13.854 100000
13.8609 100000
13.8678 100000
13.8747 100000
13.8817 100000
13.8886 100000
13.8955 100000
13.9024 100000
13.9094 100000
13.9163 100000
13.9233 100000
13.9302 100000
13.9372 100000
13.9441 100000
13.9511 100000
13.9581 100000
13.9651 100000
13.972 100000
13.979 100000
13.986 100000
13.993 100000
14 100000
