Boron vs Depth
4541 2 2
Depth
Boron
0 2e+020
0.00700127 1.9971e+020
0.0139941 1.99419e+020
0.0209786 1.99129e+020
0.0279547 1.98838e+020
0.0349224 1.98547e+020
0.0418818 1.98257e+020
0.0488327 1.97966e+020
0.0557754 1.97675e+020
0.0627097 1.97384e+020
0.0696357 1.97093e+020
0.0765534 1.96802e+020
0.0834628 1.96511e+020
0.0903638 1.9622e+020
0.0972566 1.95928e+020
0.104141 1.95637e+020
0.111017 1.95346e+020
0.117885 1.95054e+020
0.124745 1.94763e+020
0.131597 1.94471e+020
0.13844 1.9418e+020
0.145275 1.93888e+020
0.152102 1.93596e+020
0.158921 1.93304e+020
0.165731 1.93013e+020
0.172533 1.92721e+020
0.179328 1.92429e+020
0.186114 1.92137e+020
0.192891 1.91845e+020
0.199661 1.91553e+020
0.206423 1.91261e+020
0.213176 1.90968e+020
0.219922 1.90676e+020
0.226659 1.90384e+020
0.233388 1.90092e+020
0.240109 1.89799e+020
0.246822 1.89507e+020
0.253527 1.89215e+020
0.260224 1.88922e+020
0.266913 1.8863e+020
0.273594 1.88337e+020
0.280267 1.88044e+020
0.286931 1.87752e+020
0.293588 1.87459e+020
0.300237 1.87166e+020
0.306878 1.86874e+020
0.313511 1.86581e+020
0.320136 1.86288e+020
0.326753 1.85995e+020
0.333362 1.85702e+020
0.339963 1.85409e+020
0.346556 1.85116e+020
0.353141 1.84823e+020
0.359718 1.8453e+020
0.366288 1.84237e+020
0.372849 1.83944e+020
0.379403 1.83651e+020
0.385949 1.83358e+020
0.392487 1.83065e+020
0.399017 1.82772e+020
0.405539 1.82478e+020
0.412054 1.82185e+020
0.41856 1.81892e+020
0.425059 1.81599e+020
0.43155 1.81305e+020
0.438033 1.81012e+020
0.444509 1.80719e+020
0.450976 1.80425e+020
0.457436 1.80132e+020
0.463889 1.79838e+020
0.470333 1.79545e+020
0.47677 1.79251e+020
0.483198 1.78958e+020
0.48962 1.78664e+020
0.496033 1.78371e+020
0.502439 1.78077e+020
0.508837 1.77784e+020
0.515228 1.7749e+020
0.52161 1.77197e+020
0.527985 1.76903e+020
0.534353 1.7661e+020
0.540713 1.76316e+020
0.547065 1.76022e+020
0.553409 1.75729e+020
0.559746 1.75435e+020
0.566076 1.75141e+020
0.572397 1.74848e+020
0.578711 1.74554e+020
0.585018 1.74261e+020
0.591317 1.73967e+020
0.597608 1.73673e+020
0.603892 1.7338e+020
0.610169 1.73086e+020
0.616437 1.72792e+020
0.622699 1.72498e+020
0.628952 1.72205e+020
0.635199 1.71911e+020
0.641437 1.71617e+020
0.647669 1.71324e+020
0.653892 1.7103e+020
0.660109 1.70736e+020
0.666318 1.70443e+020
0.672519 1.70149e+020
0.678713 1.69855e+020
0.684899 1.69562e+020
0.691078 1.69268e+020
0.69725 1.68974e+020
0.703414 1.68681e+020
0.709571 1.68387e+020
0.715721 1.68093e+020
0.721863 1.678e+020
0.727997 1.67506e+020
0.734125 1.67213e+020
0.740245 1.66919e+020
0.746357 1.66625e+020
0.752463 1.66332e+020
0.758561 1.66038e+020
0.764651 1.65745e+020
0.770735 1.65451e+020
0.776811 1.65158e+020
0.782879 1.64864e+020
0.788941 1.64571e+020
0.794995 1.64277e+020
0.801042 1.63984e+020
0.807082 1.6369e+020
0.813114 1.63397e+020
0.819139 1.63103e+020
0.825157 1.6281e+020
0.831168 1.62517e+020
0.837171 1.62223e+020
0.843168 1.6193e+020
0.849157 1.61637e+020
0.855139 1.61343e+020
0.861113 1.6105e+020
0.867081 1.60757e+020
0.873041 1.60464e+020
0.878994 1.6017e+020
0.884941 1.59877e+020
0.890879 1.59584e+020
0.896811 1.59291e+020
0.902736 1.58998e+020
0.908654 1.58705e+020
0.914564 1.58412e+020
0.920467 1.58119e+020
0.926364 1.57826e+020
0.932253 1.57533e+020
0.938135 1.5724e+020
0.94401 1.56947e+020
0.949878 1.56654e+020
0.955739 1.56361e+020
0.961593 1.56069e+020
0.96744 1.55776e+020
0.97328 1.55483e+020
0.979113 1.5519e+020
0.984939 1.54898e+020
0.990758 1.54605e+020
0.996569 1.54313e+020
1.00237 1.5402e+020
1.00817 1.53728e+020
1.01396 1.53435e+020
1.01975 1.53143e+020
1.02552 1.5285e+020
1.03129 1.52558e+020
1.03706 1.52266e+020
1.04281 1.51973e+020
1.04856 1.51681e+020
1.05431 1.51389e+020
1.06004 1.51097e+020
1.06577 1.50805e+020
1.07149 1.50513e+020
1.07721 1.50221e+020
1.08292 1.49929e+020
1.08862 1.49637e+020
1.09431 1.49345e+020
1.1 1.49053e+020
1.10568 1.48761e+020
1.11135 1.4847e+020
1.11702 1.48178e+020
1.12268 1.47886e+020
1.12833 1.47595e+020
1.13398 1.47303e+020
1.13962 1.47012e+020
1.14525 1.4672e+020
1.15088 1.46429e+020
1.1565 1.46137e+020
1.16211 1.45846e+020
1.16772 1.45555e+020
1.17332 1.45264e+020
1.17891 1.44973e+020
1.1845 1.44682e+020
1.19008 1.44391e+020
1.19565 1.441e+020
1.20122 1.43809e+020
1.20678 1.43518e+020
1.21233 1.43227e+020
1.21787 1.42936e+020
1.22341 1.42646e+020
1.22895 1.42355e+020
1.23447 1.42064e+020
1.23999 1.41774e+020
1.2455 1.41483e+020
1.25101 1.41193e+020
1.25651 1.40903e+020
1.262 1.40612e+020
1.26749 1.40322e+020
1.27297 1.40032e+020
1.27844 1.39742e+020
1.28391 1.39452e+020
1.28937 1.39162e+020
1.29482 1.38872e+020
1.30027 1.38582e+020
1.30571 1.38293e+020
1.31114 1.38003e+020
1.31657 1.37713e+020
1.32199 1.37424e+020
1.3274 1.37134e+020
1.33281 1.36845e+020
1.33821 1.36556e+020
1.34361 1.36266e+020
1.349 1.35977e+020
1.35438 1.35688e+020
1.35975 1.35399e+020
1.36512 1.3511e+020
1.37049 1.34821e+020
1.37584 1.34532e+020
1.38119 1.34243e+020
1.38653 1.33955e+020
1.39187 1.33666e+020
1.3972 1.33377e+020
1.40253 1.33089e+020
1.40784 1.32801e+020
1.41315 1.32512e+020
1.41846 1.32224e+020
1.42376 1.31936e+020
1.42905 1.31648e+020
1.43434 1.3136e+020
1.43961 1.31072e+020
1.44489 1.30784e+020
1.45015 1.30496e+020
1.45542 1.30208e+020
1.46067 1.29921e+020
1.46592 1.29633e+020
1.47116 1.29346e+020
1.47639 1.29058e+020
1.48162 1.28771e+020
1.48685 1.28484e+020
1.49206 1.28196e+020
1.49727 1.27909e+020
1.50248 1.27622e+020
1.50767 1.27335e+020
1.51286 1.27049e+020
1.51805 1.26762e+020
1.52323 1.26475e+020
1.5284 1.26189e+020
1.53357 1.25902e+020
1.53873 1.25616e+020
1.54388 1.25329e+020
1.54903 1.25043e+020
1.55417 1.24757e+020
1.55931 1.24471e+020
1.56444 1.24185e+020
1.56956 1.23899e+020
1.57468 1.23613e+020
1.57979 1.23328e+020
1.58489 1.23042e+020
1.58999 1.22756e+020
1.59508 1.22471e+020
1.60017 1.22186e+020
1.60525 1.219e+020
1.61033 1.21615e+020
1.61539 1.2133e+020
1.62046 1.21045e+020
1.62551 1.2076e+020
1.63056 1.20475e+020
1.63561 1.20191e+020
1.64064 1.19906e+020
1.64567 1.19622e+020
1.6507 1.19337e+020
1.65572 1.19053e+020
1.66073 1.18769e+020
1.66574 1.18485e+020
1.67074 1.18201e+020
1.67574 1.17917e+020
1.68073 1.17633e+020
1.68571 1.17349e+020
1.69069 1.17065e+020
1.69566 1.16782e+020
1.70063 1.16498e+020
1.70559 1.16215e+020
1.71054 1.15932e+020
1.71549 1.15649e+020
1.72043 1.15366e+020
1.72537 1.15083e+020
1.7303 1.148e+020
1.73522 1.14517e+020
1.74014 1.14234e+020
1.74505 1.13952e+020
1.74996 1.13669e+020
1.75486 1.13387e+020
1.75975 1.13105e+020
1.76464 1.12823e+020
1.76952 1.12541e+020
1.7744 1.12259e+020
1.77927 1.11977e+020
1.78414 1.11695e+020
1.789 1.11414e+020
1.79385 1.11132e+020
1.7987 1.10851e+020
1.80354 1.10569e+020
1.80838 1.10288e+020
1.81321 1.10007e+020
1.81803 1.09726e+020
1.82285 1.09445e+020
1.82766 1.09165e+020
1.83247 1.08884e+020
1.83727 1.08603e+020
1.84207 1.08323e+020
1.84686 1.08043e+020
1.85164 1.07762e+020
1.85642 1.07482e+020
1.86119 1.07202e+020
1.86596 1.06923e+020
1.87072 1.06643e+020
1.87548 1.06363e+020
1.88023 1.06084e+020
1.88497 1.05804e+020
1.88971 1.05525e+020
1.89444 1.05246e+020
1.89917 1.04967e+020
1.90389 1.04688e+020
1.90861 1.04409e+020
1.91332 1.0413e+020
1.91802 1.03851e+020
1.92272 1.03573e+020
1.92741 1.03294e+020
1.9321 1.03016e+020
1.93678 1.02738e+020
1.94146 1.0246e+020
1.94613 1.02182e+020
1.95079 1.01904e+020
1.95545 1.01626e+020
1.96011 1.01349e+020
1.96476 1.01071e+020
1.9694 1.00794e+020
1.97404 1.00517e+020
1.97867 1.0024e+020
1.98329 9.99628e+019
1.98791 9.96859e+019
1.99253 9.94092e+019
1.99714 9.91326e+019
2.00174 9.88561e+019
2.00634 9.85797e+019
2.01093 9.83034e+019
2.01552 9.80273e+019
2.0201 9.77513e+019
2.02468 9.74754e+019
2.02925 9.71996e+019
2.03381 9.69239e+019
2.03837 9.66484e+019
2.04293 9.6373e+019
2.04748 9.60977e+019
2.05202 9.58226e+019
2.05656 9.55475e+019
2.06109 9.52726e+019
2.06562 9.49979e+019
2.07014 9.47232e+019
2.07465 9.44487e+019
2.07917 9.41743e+019
2.08367 9.39e+019
2.08817 9.36258e+019
2.09267 9.33518e+019
2.09715 9.30779e+019
2.10164 9.28041e+019
2.10612 9.25305e+019
2.11059 9.2257e+019
2.11506 9.19836e+019
2.11952 9.17103e+019
2.12398 9.14372e+019
2.12843 9.11642e+019
2.13287 9.08913e+019
2.13731 9.06186e+019
2.14175 9.0346e+019
2.14618 9.00735e+019
2.15061 8.98012e+019
2.15502 8.95289e+019
2.15944 8.92568e+019
2.16385 8.89849e+019
2.16825 8.87131e+019
2.17265 8.84414e+019
2.17704 8.81698e+019
2.18143 8.78984e+019
2.18581 8.76271e+019
2.19019 8.73559e+019
2.19456 8.70849e+019
2.19893 8.6814e+019
2.20329 8.65433e+019
2.20765 8.62726e+019
2.212 8.60021e+019
2.21634 8.57318e+019
2.22068 8.54616e+019
2.22502 8.51915e+019
2.22935 8.49215e+019
2.23368 8.46517e+019
2.238 8.4382e+019
2.24231 8.41125e+019
2.24662 8.38431e+019
2.25092 8.35738e+019
2.25522 8.33047e+019
2.25952 8.30357e+019
2.26381 8.27668e+019
2.26809 8.24981e+019
2.27237 8.22295e+019
2.27664 8.19611e+019
2.28091 8.16928e+019
2.28517 8.14246e+019
2.28943 8.11566e+019
2.29368 8.08887e+019
2.29793 8.0621e+019
2.30217 8.03534e+019
2.30641 8.00859e+019
2.31064 7.98186e+019
2.31487 7.95514e+019
2.31909 7.92844e+019
2.32331 7.90175e+019
2.32752 7.87507e+019
2.33173 7.84841e+019
2.33593 7.82176e+019
2.34013 7.79513e+019
2.34432 7.76851e+019
2.34851 7.74191e+019
2.35269 7.71532e+019
2.35687 7.68874e+019
2.36104 7.66218e+019
2.36521 7.63563e+019
2.36937 7.6091e+019
2.37353 7.58258e+019
2.37768 7.55608e+019
2.38182 7.52959e+019
2.38597 7.50312e+019
2.3901 7.47666e+019
2.39424 7.45021e+019
2.39836 7.42378e+019
2.40249 7.39737e+019
2.4066 7.37096e+019
2.41071 7.34458e+019
2.41482 7.31821e+019
2.41892 7.29185e+019
2.42302 7.26551e+019
2.42711 7.23918e+019
2.4312 7.21287e+019
2.43528 7.18657e+019
2.43936 7.16029e+019
2.44344 7.13402e+019
2.4475 7.10776e+019
2.45157 7.08153e+019
2.45562 7.0553e+019
2.45968 7.02909e+019
2.46373 7.0029e+019
2.46777 6.97672e+019
2.47181 6.95056e+019
2.47584 6.92441e+019
2.47987 6.89828e+019
2.4839 6.87216e+019
2.48792 6.84606e+019
2.49193 6.81997e+019
2.49594 6.7939e+019
2.49995 6.76784e+019
2.50395 6.7418e+019
2.50794 6.71578e+019
2.51193 6.68977e+019
2.51592 6.66377e+019
2.5199 6.63779e+019
2.52387 6.61183e+019
2.52785 6.58588e+019
2.53181 6.55994e+019
2.53577 6.53403e+019
2.53973 6.50812e+019
2.54368 6.48224e+019
2.54763 6.45636e+019
2.55157 6.43051e+019
2.55551 6.40467e+019
2.55945 6.37884e+019
2.56338 6.35304e+019
2.5673 6.32724e+019
2.57122 6.30147e+019
2.57513 6.2757e+019
2.57904 6.24996e+019
2.58295 6.22423e+019
2.58685 6.19852e+019
2.59075 6.17282e+019
2.59464 6.14714e+019
2.59852 6.12147e+019
2.6024 6.09582e+019
2.60628 6.07019e+019
2.61015 6.04457e+019
2.61402 6.01897e+019
2.61789 5.99338e+019
2.62174 5.96781e+019
2.6256 5.94226e+019
2.62945 5.91672e+019
2.63329 5.8912e+019
2.63713 5.86569e+019
2.64097 5.84021e+019
2.6448 5.81473e+019
2.64862 5.78928e+019
2.65245 5.76384e+019
2.65626 5.73842e+019
2.66008 5.71301e+019
2.66388 5.68762e+019
2.66769 5.66225e+019
2.67149 5.63689e+019
2.67528 5.61155e+019
2.67907 5.58623e+019
2.68286 5.56092e+019
2.68664 5.53563e+019
2.69041 5.51036e+019
2.69418 5.4851e+019
2.69795 5.45986e+019
2.70171 5.43464e+019
2.70547 5.40943e+019
2.70922 5.38425e+019
2.71297 5.35908e+019
2.71672 5.33392e+019
2.72046 5.30878e+019
2.72419 5.28366e+019
2.72792 5.25856e+019
2.73165 5.23348e+019
2.73537 5.20841e+019
2.73909 5.18336e+019
2.7428 5.15832e+019
2.74651 5.13331e+019
2.75022 5.10831e+019
2.75392 5.08333e+019
2.75761 5.05837e+019
2.7613 5.03342e+019
2.76499 5.00849e+019
2.76867 4.98358e+019
2.77235 4.95869e+019
2.77602 4.93382e+019
2.77969 4.90896e+019
2.78336 4.88412e+019
2.78701 4.8593e+019
2.79067 4.8345e+019
2.79432 4.80972e+019
2.79797 4.78495e+019
2.80161 4.7602e+019
2.80525 4.73548e+019
2.80888 4.71077e+019
2.81251 4.68607e+019
2.81614 4.6614e+019
2.81976 4.63675e+019
2.82337 4.61211e+019
2.82699 4.58749e+019
2.83059 4.5629e+019
2.8342 4.53832e+019
2.8378 4.51376e+019
2.84139 4.48922e+019
2.84498 4.4647e+019
2.84857 4.44019e+019
2.85215 4.41571e+019
2.85573 4.39125e+019
2.8593 4.3668e+019
2.86287 4.34238e+019
2.86643 4.31797e+019
2.86999 4.29359e+019
2.87355 4.26922e+019
2.8771 4.24488e+019
2.88065 4.22055e+019
2.88419 4.19625e+019
2.88773 4.17197e+019
2.89126 4.1477e+019
2.89479 4.12346e+019
2.89832 4.09923e+019
2.90184 4.07503e+019
2.90536 4.05085e+019
2.90887 4.02669e+019
2.91238 4.00255e+019
2.91589 3.97843e+019
2.91939 3.95433e+019
2.92289 3.93025e+019
2.92638 3.9062e+019
2.92987 3.88216e+019
2.93335 3.85815e+019
2.93683 3.83416e+019
2.94031 3.81019e+019
2.94378 3.78624e+019
2.94725 3.76232e+019
2.95071 3.73842e+019
2.95417 3.71454e+019
2.95762 3.69068e+019
2.96107 3.66684e+019
2.96452 3.64303e+019
2.96796 3.61924e+019
2.9714 3.59547e+019
2.97483 3.57173e+019
2.97827 3.54801e+019
2.98169 3.52431e+019
2.98511 3.50063e+019
2.98853 3.47698e+019
2.99194 3.45336e+019
2.99535 3.42975e+019
2.99876 3.40617e+019
3.00216 3.38262e+019
3.00556 3.35909e+019
3.00895 3.33558e+019
3.01234 3.3121e+019
3.01573 3.28865e+019
3.01911 3.26522e+019
3.02248 3.24181e+019
3.02586 3.21843e+019
3.02923 3.19508e+019
3.03259 3.17175e+019
3.03595 3.14845e+019
3.03931 3.12517e+019
3.04266 3.10192e+019
3.04601 3.0787e+019
3.04935 3.0555e+019
3.05269 3.03233e+019
3.05603 3.00919e+019
3.05936 2.98608e+019
3.06269 2.96299e+019
3.06602 2.93994e+019
3.06934 2.91691e+019
3.07265 2.89391e+019
3.07597 2.87094e+019
3.07928 2.848e+019
3.08258 2.82509e+019
3.08588 2.80221e+019
3.08918 2.77936e+019
3.09247 2.75654e+019
3.09576 2.73375e+019
3.09904 2.71099e+019
3.10233 2.68826e+019
3.1056 2.66557e+019
3.10888 2.64291e+019
3.11214 2.62028e+019
3.11541 2.59769e+019
3.11867 2.57513e+019
3.12193 2.55261e+019
3.12518 2.53012e+019
3.12843 2.50766e+019
3.13168 2.48524e+019
3.13492 2.46286e+019
3.13816 2.44052e+019
3.14139 2.41821e+019
3.14462 2.39594e+019
3.14785 2.37372e+019
3.15107 2.35153e+019
3.15429 2.32938e+019
3.1575 2.30727e+019
3.16071 2.2852e+019
3.16392 2.26318e+019
3.16712 2.2412e+019
3.17032 2.21927e+019
3.17352 2.19737e+019
3.17671 2.17553e+019
3.1799 2.15373e+019
3.18308 2.13198e+019
3.18626 2.11028e+019
3.18944 2.08862e+019
3.19261 2.06702e+019
3.19578 2.04547e+019
3.19895 2.02397e+019
3.20211 2.00252e+019
3.20526 1.98113e+019
3.20842 1.95979e+019
3.21157 1.93851e+019
3.21471 1.91729e+019
3.21785 1.89612e+019
3.22099 1.87502e+019
3.22413 1.85398e+019
3.22726 1.833e+019
3.23039 1.81209e+019
3.23351 1.79124e+019
3.23663 1.77046e+019
3.23974 1.74974e+019
3.24286 1.7291e+019
3.24596 1.70852e+019
3.24907 1.68802e+019
3.25217 1.6676e+019
3.25527 1.64725e+019
3.25836 1.62697e+019
3.26145 1.60678e+019
3.26454 1.58666e+019
3.26762 1.56663e+019
3.2707 1.54669e+019
3.27377 1.52682e+019
3.27684 1.50705e+019
3.27991 1.48736e+019
3.28298 1.46777e+019
3.28604 1.44827e+019
3.28909 1.42886e+019
3.29214 1.40955e+019
3.29519 1.39033e+019
3.29824 1.37122e+019
3.30128 1.35221e+019
3.30432 1.3333e+019
3.30735 1.3145e+019
3.31039 1.29581e+019
3.31341 1.27722e+019
3.31644 1.25875e+019
3.31946 1.24039e+019
3.32247 1.22215e+019
3.32549 1.20403e+019
3.32849 1.18602e+019
3.3315 1.16813e+019
3.3345 1.15037e+019
3.3375 1.13274e+019
3.3405 1.11523e+019
3.34349 1.09785e+019
3.34647 1.0806e+019
3.34946 1.06348e+019
3.35244 1.0465e+019
3.35541 1.02966e+019
3.35839 1.01295e+019
3.36136 9.96386e+018
3.36432 9.79962e+018
3.36729 9.63681e+018
3.37025 9.47546e+018
3.3732 9.31558e+018
3.37615 9.15718e+018
3.3791 9.00029e+018
3.38205 8.84491e+018
3.38499 8.69107e+018
3.38792 8.53877e+018
3.39086 8.38803e+018
3.39379 8.23887e+018
3.39672 8.09129e+018
3.39964 7.94531e+018
3.40256 7.80094e+018
3.40548 7.6582e+018
3.40839 7.51708e+018
3.4113 7.3776e+018
3.41421 7.23978e+018
3.41711 7.10361e+018
3.42001 6.96911e+018
3.4229 6.83629e+018
3.4258 6.70514e+018
3.42868 6.57568e+018
3.43157 6.44791e+018
3.43445 6.32183e+018
3.43733 6.19745e+018
3.44021 6.07477e+018
3.44308 5.95379e+018
3.44594 5.83451e+018
3.44881 5.71694e+018
3.45167 5.60107e+018
3.45453 5.48691e+018
3.45738 5.37444e+018
3.46023 5.26367e+018
3.46308 5.15459e+018
3.46592 5.0472e+018
3.46877 4.9415e+018
3.4716 4.83747e+018
3.47444 4.73512e+018
3.47727 4.63444e+018
3.48009 4.53541e+018
3.48292 4.43803e+018
3.48574 4.3423e+018
3.48855 4.24819e+018
3.49137 4.15571e+018
3.49418 4.06484e+018
3.49698 3.97557e+018
3.49979 3.88788e+018
3.50259 3.80177e+018
3.50538 3.71722e+018
3.50818 3.63422e+018
3.51097 3.55276e+018
3.51375 3.47281e+018
3.51654 3.39437e+018
3.51932 3.31742e+018
3.52209 3.24195e+018
3.52487 3.16793e+018
3.52764 3.09536e+018
3.5304 3.02422e+018
3.53317 2.95448e+018
3.53593 2.88613e+018
3.53868 2.81916e+018
3.54143 2.75354e+018
3.54418 2.68927e+018
3.54693 2.62631e+018
3.54967 2.56466e+018
3.55241 2.50429e+018
3.55515 2.44519e+018
3.55789 2.38733e+018
3.56062 2.3307e+018
3.56334 2.27528e+018
3.56607 2.22105e+018
3.56879 2.168e+018
3.5715 2.11609e+018
3.57422 2.06532e+018
3.57693 2.01567e+018
3.57963 1.96711e+018
3.58234 1.91963e+018
3.58504 1.8732e+018
3.58774 1.82782e+018
3.59043 1.78346e+018
3.59312 1.7401e+018
3.59581 1.69773e+018
3.5985 1.65632e+018
3.60118 1.61586e+018
3.60386 1.57633e+018
3.60653 1.53771e+018
3.6092 1.49999e+018
3.61187 1.46315e+018
3.61454 1.42716e+018
3.6172 1.39202e+018
3.61986 1.3577e+018
3.62251 1.32419e+018
3.62517 1.29147e+018
3.62781 1.25953e+018
3.63046 1.22835e+018
3.6331 1.19792e+018
3.63574 1.16821e+018
3.63838 1.13921e+018
3.64101 1.11091e+018
3.64364 1.0833e+018
3.64627 1.05635e+018
3.6489 1.03005e+018
3.65152 1.00439e+018
3.65413 9.79356e+017
3.65675 9.54932e+017
3.65936 9.31105e+017
3.66197 9.07861e+017
3.66457 8.85187e+017
3.66718 8.6307e+017
3.66978 8.41497e+017
3.67237 8.20457e+017
3.67496 7.99935e+017
3.67755 7.79922e+017
3.68014 7.60404e+017
3.68272 7.4137e+017
3.6853 7.22808e+017
3.68788 7.04709e+017
3.69046 6.8706e+017
3.69303 6.69851e+017
3.69559 6.53071e+017
3.69816 6.36711e+017
3.70072 6.2076e+017
3.70328 6.05209e+017
3.70584 5.90047e+017
3.70839 5.75265e+017
3.71094 5.60855e+017
3.71348 5.46807e+017
3.71603 5.33112e+017
3.71857 5.19761e+017
3.7211 5.06747e+017
3.72364 4.94061e+017
3.72617 4.81694e+017
3.7287 4.6964e+017
3.73122 4.57889e+017
3.73375 4.46436e+017
3.73626 4.35272e+017
3.73878 4.2439e+017
3.74129 4.13783e+017
3.7438 4.03444e+017
3.74631 3.93367e+017
3.74881 3.83545e+017
3.75132 3.73972e+017
3.75381 3.64641e+017
3.75631 3.55546e+017
3.7588 3.46682e+017
3.76129 3.38042e+017
3.76378 3.29622e+017
3.76626 3.21414e+017
3.76874 3.13415e+017
3.77122 3.05618e+017
3.77369 2.98019e+017
3.77616 2.90613e+017
3.77863 2.83394e+017
3.78109 2.76358e+017
3.78356 2.69501e+017
3.78602 2.62817e+017
3.78847 2.56302e+017
3.79093 2.49953e+017
3.79338 2.43764e+017
3.79582 2.37732e+017
3.79827 2.31853e+017
3.80071 2.26122e+017
3.80315 2.20537e+017
3.80558 2.15093e+017
3.80802 2.09786e+017
3.81045 2.04614e+017
3.81287 1.99572e+017
3.8153 1.94658e+017
3.81772 1.89868e+017
3.82014 1.85199e+017
3.82255 1.80648e+017
3.82496 1.76212e+017
3.82737 1.71887e+017
3.82978 1.67672e+017
3.83218 1.63563e+017
3.83459 1.59557e+017
3.83698 1.55653e+017
3.83938 1.51846e+017
3.84177 1.48136e+017
3.84416 1.44518e+017
3.84655 1.40992e+017
3.84893 1.37554e+017
3.85131 1.34203e+017
3.85369 1.30935e+017
3.85606 1.2775e+017
3.85844 1.24644e+017
3.86081 1.21617e+017
3.86317 1.18665e+017
3.86554 1.15787e+017
3.8679 1.12981e+017
3.87026 1.10245e+017
3.87261 1.07577e+017
3.87496 1.04976e+017
3.87731 1.0244e+017
3.87966 9.99677e+016
3.882 9.75566e+016
3.88434 9.52056e+016
3.88668 9.29131e+016
3.88902 9.06777e+016
3.89135 8.84978e+016
3.89368 8.63721e+016
3.89601 8.42991e+016
3.89833 8.22776e+016
3.90065 8.03062e+016
3.90297 7.83837e+016
3.90529 7.65088e+016
3.9076 7.46803e+016
3.90991 7.2897e+016
3.91222 7.11577e+016
3.91452 6.94615e+016
3.91683 6.7807e+016
3.91913 6.61934e+016
3.92142 6.46195e+016
3.92372 6.30844e+016
3.92601 6.1587e+016
3.92829 6.01265e+016
3.93058 5.87018e+016
3.93286 5.73122e+016
3.93514 5.59566e+016
3.93742 5.46342e+016
3.93969 5.33443e+016
3.94197 5.20859e+016
3.94424 5.08582e+016
3.9465 4.96606e+016
3.94877 4.84922e+016
3.95103 4.73524e+016
3.95328 4.62403e+016
3.95554 4.51553e+016
3.95779 4.40967e+016
3.96004 4.30639e+016
3.96229 4.20562e+016
3.96454 4.10729e+016
3.96678 4.01136e+016
3.96902 3.91774e+016
3.97125 3.8264e+016
3.97349 3.73726e+016
3.97572 3.65029e+016
3.97795 3.56541e+016
3.98017 3.48258e+016
3.9824 3.40175e+016
3.98462 3.32287e+016
3.98683 3.2459e+016
3.98905 3.17077e+016
3.99126 3.09745e+016
3.99347 3.02589e+016
3.99568 2.95605e+016
3.99788 2.88788e+016
4.00009 2.82135e+016
4.00229 2.75641e+016
4.00448 2.69303e+016
4.00668 2.63116e+016
4.00887 2.57077e+016
4.01106 2.51182e+016
4.01324 2.45428e+016
4.01543 2.3981e+016
4.01761 2.34327e+016
4.01979 2.28974e+016
4.02196 2.23748e+016
4.02413 2.18646e+016
4.02631 2.13665e+016
4.02847 2.08802e+016
4.03064 2.04055e+016
4.0328 1.99419e+016
4.03496 1.94894e+016
4.03712 1.90475e+016
4.03927 1.8616e+016
4.04143 1.81948e+016
4.04358 1.77834e+016
4.04572 1.73818e+016
4.04787 1.69895e+016
4.05001 1.66065e+016
4.05215 1.62325e+016
4.05429 1.58673e+016
4.05642 1.55106e+016
4.05855 1.51623e+016
4.06068 1.48221e+016
4.06281 1.44899e+016
4.06493 1.41654e+016
4.06705 1.38485e+016
4.06917 1.3539e+016
4.07129 1.32367e+016
4.0734 1.29414e+016
4.07551 1.2653e+016
4.07762 1.23713e+016
4.07973 1.20961e+016
4.08183 1.18274e+016
4.08393 1.15648e+016
4.08603 1.13083e+016
4.08813 1.10578e+016
4.09022 1.0813e+016
4.09231 1.05739e+016
4.0944 1.03403e+016
4.09649 1.01121e+016
4.09857 9.88911e+015
4.10065 9.67128e+015
4.10273 9.45845e+015
4.10481 9.25051e+015
4.10688 9.04733e+015
4.10895 8.84882e+015
4.11102 8.65484e+015
4.11309 8.46531e+015
4.11515 8.28011e+015
4.11721 8.09913e+015
4.11927 7.92229e+015
4.12133 7.74947e+015
4.12338 7.58059e+015
4.12543 7.41555e+015
4.12748 7.25427e+015
4.12953 7.09664e+015
4.13157 6.9426e+015
4.13361 6.79204e+015
4.13565 6.64489e+015
4.13769 6.50108e+015
4.13972 6.36051e+015
4.14175 6.22312e+015
4.14378 6.08883e+015
4.14581 5.95756e+015
4.14783 5.82926e+015
4.14986 5.70384e+015
4.15188 5.58124e+015
4.15389 5.46139e+015
4.15591 5.34423e+015
4.15792 5.2297e+015
4.15993 5.11773e+015
4.16194 5.00827e+015
4.16394 4.90126e+015
4.16594 4.79663e+015
4.16794 4.69435e+015
4.16994 4.59434e+015
4.17194 4.49656e+015
4.17393 4.40095e+015
4.17592 4.30747e+015
4.17791 4.21607e+015
4.1799 4.1267e+015
4.18188 4.0393e+015
4.18386 3.95385e+015
4.18584 3.87028e+015
4.18782 3.78856e+015
4.18979 3.70865e+015
4.19176 3.6305e+015
4.19373 3.55407e+015
4.1957 3.47933e+015
4.19766 3.40623e+015
4.19962 3.33474e+015
4.20158 3.26482e+015
4.20354 3.19643e+015
4.2055 3.12954e+015
4.20745 3.06412e+015
4.2094 3.00013e+015
4.21135 2.93754e+015
4.21329 2.87631e+015
4.21524 2.81643e+015
4.21718 2.75784e+015
4.21912 2.70054e+015
4.22105 2.64448e+015
4.22299 2.58964e+015
4.22492 2.53599e+015
4.22685 2.4835e+015
4.22878 2.43215e+015
4.2307 2.38192e+015
4.23262 2.33277e+015
4.23454 2.28468e+015
4.23646 2.23764e+015
4.23838 2.1916e+015
4.24029 2.14656e+015
4.2422 2.10249e+015
4.24411 2.05937e+015
4.24602 2.01718e+015
4.24792 1.97589e+015
4.24982 1.93549e+015
4.25172 1.89595e+015
4.25362 1.85726e+015
4.25551 1.8194e+015
4.25741 1.78234e+015
4.2593 1.74608e+015
4.26118 1.71059e+015
4.26307 1.67586e+015
4.26495 1.64187e+015
4.26684 1.6086e+015
4.26871 1.57604e+015
4.27059 1.54417e+015
4.27247 1.51297e+015
4.27434 1.48244e+015
4.27621 1.45255e+015
4.27808 1.4233e+015
4.27994 1.39466e+015
4.28181 1.36663e+015
4.28367 1.33919e+015
4.28553 1.31233e+015
4.28738 1.28603e+015
4.28924 1.26029e+015
4.29109 1.23509e+015
4.29294 1.21041e+015
4.29479 1.18626e+015
4.29663 1.16261e+015
4.29848 1.13945e+015
4.30032 1.11678e+015
4.30216 1.09459e+015
4.30399 1.07285e+015
4.30583 1.05157e+015
4.30766 1.03074e+015
4.30949 1.01033e+015
4.31132 9.90355e+014
4.31314 9.70791e+014
4.31497 9.51633e+014
4.31679 9.32873e+014
4.31861 9.14501e+014
4.32042 8.96509e+014
4.32224 8.7889e+014
4.32405 8.61634e+014
4.32586 8.44734e+014
4.32767 8.28183e+014
4.32948 8.11973e+014
4.33128 7.96096e+014
4.33308 7.80545e+014
4.33488 7.65314e+014
4.33668 7.50396e+014
4.33847 7.35783e+014
4.34027 7.2147e+014
4.34206 7.07449e+014
4.34385 6.93715e+014
4.34563 6.80262e+014
4.34742 6.67082e+014
4.3492 6.54172e+014
4.35098 6.41524e+014
4.35276 6.29134e+014
4.35453 6.16995e+014
4.35631 6.05103e+014
4.35808 5.93452e+014
4.35985 5.82037e+014
4.36162 5.70854e+014
4.36338 5.59896e+014
4.36515 5.4916e+014
4.36691 5.3864e+014
4.36867 5.28333e+014
4.37042 5.18233e+014
4.37218 5.08337e+014
4.37393 4.9864e+014
4.37568 4.89137e+014
4.37743 4.79825e+014
4.37918 4.707e+014
4.38092 4.61758e+014
4.38266 4.52994e+014
4.3844 4.44406e+014
4.38614 4.35989e+014
4.38788 4.27741e+014
4.38961 4.19656e+014
4.39134 4.11733e+014
4.39307 4.03967e+014
4.3948 3.96356e+014
4.39652 3.88896e+014
4.39825 3.81584e+014
4.39997 3.74416e+014
4.40169 3.67391e+014
4.40341 3.60505e+014
4.40512 3.53754e+014
4.40683 3.47137e+014
4.40854 3.40651e+014
4.41025 3.34292e+014
4.41196 3.28059e+014
4.41367 3.21948e+014
4.41537 3.15957e+014
4.41707 3.10084e+014
4.41877 3.04325e+014
4.42046 2.9868e+014
4.42216 2.93145e+014
4.42385 2.87719e+014
4.42554 2.82398e+014
4.42723 2.77181e+014
4.42892 2.72066e+014
4.4306 2.67051e+014
4.43228 2.62133e+014
4.43397 2.57311e+014
4.43564 2.52582e+014
4.43732 2.47945e+014
4.43899 2.43398e+014
4.44067 2.38939e+014
4.44234 2.34566e+014
4.44401 2.30278e+014
4.44567 2.26073e+014
4.44734 2.21948e+014
4.449 2.17904e+014
4.45066 2.13937e+014
4.45232 2.10046e+014
4.45397 2.0623e+014
4.45563 2.02487e+014
4.45728 1.98816e+014
4.45893 1.95216e+014
4.46058 1.91684e+014
4.46223 1.8822e+014
4.46387 1.84822e+014
4.46551 1.81489e+014
4.46715 1.78219e+014
4.46879 1.75012e+014
4.47043 1.71865e+014
4.47206 1.68779e+014
4.4737 1.65751e+014
4.47533 1.62781e+014
4.47696 1.59866e+014
4.47858 1.57007e+014
4.48021 1.54202e+014
4.48183 1.51451e+014
4.48345 1.48751e+014
4.48507 1.46102e+014
4.48669 1.43502e+014
4.4883 1.40952e+014
4.48992 1.3845e+014
4.49153 1.35995e+014
4.49314 1.33586e+014
4.49475 1.31222e+014
4.49635 1.28902e+014
4.49795 1.26626e+014
4.49956 1.24392e+014
4.50116 1.222e+014
4.50275 1.20049e+014
4.50435 1.17938e+014
4.50594 1.15866e+014
4.50754 1.13833e+014
4.50913 1.11837e+014
4.51071 1.09879e+014
4.5123 1.07957e+014
4.51389 1.0607e+014
4.51547 1.04219e+014
4.51705 1.02402e+014
4.51863 1.00618e+014
4.5202 9.88671e+013
4.52178 9.71486e+013
4.52335 9.54618e+013
4.52492 9.3806e+013
4.52649 9.21807e+013
4.52806 9.05852e+013
4.52963 8.9019e+013
4.53119 8.74815e+013
4.53275 8.59721e+013
4.53431 8.44904e+013
4.53587 8.30357e+013
4.53742 8.16076e+013
4.53898 8.02055e+013
4.54053 7.8829e+013
4.54208 7.74776e+013
4.54363 7.61507e+013
4.54518 7.4848e+013
4.54672 7.35689e+013
4.54827 7.23129e+013
4.54981 7.10798e+013
4.55135 6.98689e+013
4.55288 6.868e+013
4.55442 6.75125e+013
4.55595 6.63661e+013
4.55749 6.52403e+013
4.55902 6.41348e+013
4.56054 6.30492e+013
4.56207 6.19832e+013
4.5636 6.09362e+013
4.56512 5.99081e+013
4.56664 5.88983e+013
4.56816 5.79067e+013
4.56968 5.69327e+013
4.57119 5.59762e+013
4.57271 5.50368e+013
4.57422 5.41141e+013
4.57573 5.32078e+013
4.57724 5.23176e+013
4.57874 5.14433e+013
4.58025 5.05846e+013
4.58175 4.9741e+013
4.58325 4.89124e+013
4.58475 4.80985e+013
4.58625 4.7299e+013
4.58774 4.65136e+013
4.58924 4.5742e+013
4.59073 4.49841e+013
4.59222 4.42396e+013
4.59371 4.35081e+013
4.59519 4.27895e+013
4.59668 4.20835e+013
4.59816 4.139e+013
4.59964 4.07085e+013
4.60112 4.00391e+013
4.6026 3.93813e+013
4.60408 3.8735e+013
4.60555 3.81e+013
4.60702 3.74761e+013
4.6085 3.68631e+013
4.60996 3.62607e+013
4.61143 3.56689e+013
4.6129 3.50873e+013
4.61436 3.45158e+013
4.61582 3.39542e+013
4.61728 3.34023e+013
4.61874 3.286e+013
4.6202 3.23271e+013
4.62165 3.18034e+013
4.62311 3.12887e+013
4.62456 3.07829e+013
4.62601 3.02858e+013
4.62745 2.97972e+013
4.6289 2.93171e+013
4.63035 2.88452e+013
4.63179 2.83814e+013
4.63323 2.79255e+013
4.63467 2.74775e+013
4.63611 2.70371e+013
4.63754 2.66042e+013
4.63898 2.61787e+013
4.64041 2.57605e+013
4.64184 2.53494e+013
4.64327 2.49453e+013
4.64469 2.45481e+013
4.64612 2.41576e+013
4.64754 2.37737e+013
4.64897 2.33964e+013
4.65039 2.30254e+013
4.65181 2.26607e+013
4.65322 2.23022e+013
4.65464 2.19497e+013
4.65605 2.16032e+013
4.65746 2.12625e+013
4.65887 2.09275e+013
4.66028 2.05982e+013
4.66169 2.02744e+013
4.66309 1.99561e+013
4.6645 1.96431e+013
4.6659 1.93353e+013
4.6673 1.90327e+013
4.6687 1.87351e+013
4.67009 1.84425e+013
4.67149 1.81548e+013
4.67288 1.78718e+013
4.67427 1.75936e+013
4.67566 1.732e+013
4.67705 1.7051e+013
4.67844 1.67864e+013
4.67982 1.65262e+013
4.68121 1.62704e+013
4.68259 1.60187e+013
4.68397 1.57713e+013
4.68535 1.55279e+013
4.68672 1.52885e+013
4.6881 1.5053e+013
4.68947 1.48215e+013
4.69084 1.45937e+013
4.69221 1.43697e+013
4.69358 1.41494e+013
4.69495 1.39327e+013
4.69631 1.37195e+013
4.69768 1.35099e+013
4.69904 1.33036e+013
4.7004 1.31007e+013
4.70176 1.29012e+013
4.70312 1.27049e+013
4.70447 1.25118e+013
4.70583 1.23218e+013
4.70718 1.21349e+013
4.70853 1.1951e+013
4.70988 1.17702e+013
4.71122 1.15922e+013
4.71257 1.14172e+013
4.71391 1.1245e+013
4.71526 1.10755e+013
4.7166 1.09088e+013
4.71794 1.07448e+013
4.71927 1.05834e+013
4.72061 1.04246e+013
4.72194 1.02684e+013
4.72328 1.01147e+013
4.72461 9.96343e+012
4.72594 9.8146e+012
4.72727 9.66815e+012
4.72859 9.52405e+012
4.72992 9.38225e+012
4.73124 9.24271e+012
4.73256 9.1054e+012
4.73388 8.97027e+012
4.7352 8.8373e+012
4.73652 8.70644e+012
4.73783 8.57765e+012
4.73915 8.45091e+012
4.74046 8.32618e+012
4.74177 8.20343e+012
4.74308 8.08262e+012
4.74439 7.96371e+012
4.74569 7.84668e+012
4.747 7.7315e+012
4.7483 7.61814e+012
4.7496 7.50655e+012
4.7509 7.39673e+012
4.7522 7.28862e+012
4.75349 7.18222e+012
4.75479 7.07748e+012
4.75608 6.97438e+012
4.75737 6.8729e+012
4.75866 6.773e+012
4.75995 6.67466e+012
4.76124 6.57786e+012
4.76252 6.48256e+012
4.76381 6.38875e+012
4.76509 6.29639e+012
4.76637 6.20547e+012
4.76765 6.11596e+012
4.76893 6.02784e+012
4.77021 5.94109e+012
4.77148 5.85567e+012
4.77275 5.77158e+012
4.77403 5.68879e+012
4.7753 5.60727e+012
4.77657 5.52701e+012
4.77783 5.44798e+012
4.7791 5.37017e+012
4.78036 5.29356e+012
4.78162 5.21812e+012
4.78289 5.14384e+012
4.78415 5.07069e+012
4.7854 4.99867e+012
4.78666 4.92774e+012
4.78792 4.8579e+012
4.78917 4.78913e+012
4.79042 4.7214e+012
4.79167 4.6547e+012
4.79292 4.58902e+012
4.79417 4.52434e+012
4.79541 4.46064e+012
4.79666 4.3979e+012
4.7979 4.33611e+012
4.79914 4.27526e+012
4.80038 4.21533e+012
4.80162 4.15631e+012
4.80286 4.09817e+012
4.80409 4.04091e+012
4.80533 3.98452e+012
4.80656 3.92897e+012
4.80779 3.87426e+012
4.80902 3.82036e+012
4.81025 3.76728e+012
4.81148 3.71499e+012
4.8127 3.66349e+012
4.81393 3.61275e+012
4.81515 3.56277e+012
4.81637 3.51354e+012
4.81759 3.46504e+012
4.81881 3.41726e+012
4.82002 3.3702e+012
4.82124 3.32383e+012
4.82245 3.27815e+012
4.82366 3.23315e+012
4.82488 3.18882e+012
4.82608 3.14514e+012
4.82729 3.10211e+012
4.8285 3.05971e+012
4.8297 3.01794e+012
4.83091 2.97679e+012
4.83211 2.93624e+012
4.83331 2.89629e+012
4.83451 2.85692e+012
4.83571 2.81814e+012
4.8369 2.77992e+012
4.8381 2.74226e+012
4.83929 2.70515e+012
4.84048 2.66859e+012
4.84167 2.63256e+012
4.84286 2.59705e+012
4.84405 2.56206e+012
4.84524 2.52759e+012
4.84642 2.49361e+012
4.8476 2.46013e+012
4.84879 2.42713e+012
4.84997 2.39462e+012
4.85115 2.36257e+012
4.85232 2.33099e+012
4.8535 2.29986e+012
4.85467 2.26919e+012
4.85585 2.23895e+012
4.85702 2.20915e+012
4.85819 2.17979e+012
4.85936 2.15084e+012
4.86053 2.12231e+012
4.86169 2.09419e+012
4.86286 2.06647e+012
4.86402 2.03915e+012
4.86518 2.01223e+012
4.86635 1.98568e+012
4.8675 1.95952e+012
4.86866 1.93373e+012
4.86982 1.9083e+012
4.87097 1.88324e+012
4.87213 1.85854e+012
4.87328 1.83418e+012
4.87443 1.81018e+012
4.87558 1.78651e+012
4.87673 1.76318e+012
4.87788 1.74018e+012
4.87902 1.7175e+012
4.88017 1.69515e+012
4.88131 1.67311e+012
4.88245 1.65138e+012
4.88359 1.62995e+012
4.88473 1.60883e+012
4.88587 1.588e+012
4.887 1.56747e+012
4.88814 1.54723e+012
4.88927 1.52727e+012
4.8904 1.50759e+012
4.89153 1.48818e+012
4.89266 1.46904e+012
4.89379 1.45018e+012
4.89492 1.43157e+012
4.89604 1.41322e+012
4.89717 1.39513e+012
4.89829 1.37729e+012
4.89941 1.3597e+012
4.90053 1.34236e+012
4.90165 1.32525e+012
4.90276 1.30838e+012
4.90388 1.29174e+012
4.90499 1.27533e+012
4.90611 1.25915e+012
4.90722 1.2432e+012
4.90833 1.22746e+012
4.90944 1.21194e+012
4.91055 1.19663e+012
4.91165 1.18153e+012
4.91276 1.16664e+012
4.91386 1.15196e+012
4.91496 1.13747e+012
4.91607 1.12318e+012
4.91717 1.10909e+012
4.91826 1.09519e+012
4.91936 1.08148e+012
4.92046 1.06796e+012
4.92155 1.05462e+012
4.92264 1.04146e+012
4.92374 1.02848e+012
4.92483 1.01568e+012
4.92592 1.00305e+012
4.927 9.90588e+011
4.92809 9.78298e+011
4.92918 9.66173e+011
4.93026 9.54213e+011
4.93134 9.42413e+011
4.93242 9.30773e+011
4.9335 9.19289e+011
4.93458 9.07959e+011
4.93566 8.96782e+011
4.93674 8.85755e+011
4.93781 8.74875e+011
4.93888 8.64141e+011
4.93996 8.53551e+011
4.94103 8.43102e+011
4.9421 8.32792e+011
4.94317 8.2262e+011
4.94423 8.12584e+011
4.9453 8.02681e+011
4.94636 7.9291e+011
4.94743 7.83268e+011
4.94849 7.73754e+011
4.94955 7.64367e+011
4.95061 7.55104e+011
4.95167 7.45963e+011
4.95273 7.36943e+011
4.95378 7.28042e+011
4.95484 7.19258e+011
4.95589 7.1059e+011
4.95694 7.02036e+011
4.95799 6.93595e+011
4.95904 6.85265e+011
4.96009 6.77043e+011
4.96114 6.6893e+011
4.96218 6.60922e+011
4.96323 6.5302e+011
4.96427 6.45221e+011
4.96531 6.37523e+011
4.96635 6.29926e+011
4.96739 6.22428e+011
4.96843 6.15027e+011
4.96947 6.07723e+011
4.9705 6.00513e+011
4.97154 5.93397e+011
4.97257 5.86373e+011
4.9736 5.7944e+011
4.97463 5.72597e+011
4.97566 5.65842e+011
4.97669 5.59174e+011
4.97772 5.52593e+011
4.97874 5.46096e+011
4.97977 5.39683e+011
4.98079 5.33352e+011
4.98181 5.27102e+011
4.98283 5.20933e+011
4.98385 5.14843e+011
4.98487 5.0883e+011
4.98589 5.02895e+011
4.9869 4.97035e+011
4.98792 4.9125e+011
4.98893 4.85539e+011
4.98994 4.79901e+011
4.99095 4.74334e+011
4.99196 4.68839e+011
4.99297 4.63412e+011
4.99398 4.58055e+011
4.99499 4.52766e+011
4.99599 4.47544e+011
4.997 4.42387e+011
4.998 4.37296e+011
4.999 4.32269e+011
5 4.27306e+011
5.001 4.22401e+011
5.002 4.17548e+011
5.003 4.12748e+011
5.004 4.07999e+011
5.00501 4.03302e+011
5.00601 3.98655e+011
5.00701 3.94059e+011
5.00802 3.89512e+011
5.00902 3.85015e+011
5.01003 3.80566e+011
5.01104 3.76165e+011
5.01204 3.71812e+011
5.01305 3.67506e+011
5.01406 3.63247e+011
5.01507 3.59034e+011
5.01608 3.54868e+011
5.01709 3.50746e+011
5.0181 3.46669e+011
5.01911 3.42637e+011
5.02012 3.38649e+011
5.02114 3.34704e+011
5.02215 3.30802e+011
5.02317 3.26944e+011
5.02418 3.23127e+011
5.0252 3.19352e+011
5.02621 3.15618e+011
5.02723 3.11926e+011
5.02825 3.08274e+011
5.02927 3.04662e+011
5.03029 3.0109e+011
5.03131 2.97557e+011
5.03233 2.94063e+011
5.03335 2.90607e+011
5.03437 2.8719e+011
5.03539 2.8381e+011
5.03642 2.80468e+011
5.03744 2.77162e+011
5.03847 2.73893e+011
5.03949 2.70661e+011
5.04052 2.67464e+011
5.04155 2.64303e+011
5.04257 2.61176e+011
5.0436 2.58085e+011
5.04463 2.55027e+011
5.04566 2.52004e+011
5.04669 2.49015e+011
5.04772 2.46059e+011
5.04875 2.43135e+011
5.04979 2.40245e+011
5.05082 2.37386e+011
5.05185 2.3456e+011
5.05289 2.31765e+011
5.05392 2.29001e+011
5.05496 2.26269e+011
5.05599 2.23567e+011
5.05703 2.20895e+011
5.05807 2.18254e+011
5.05911 2.15642e+011
5.06015 2.13059e+011
5.06119 2.10505e+011
5.06223 2.07981e+011
5.06327 2.05484e+011
5.06431 2.03016e+011
5.06535 2.00576e+011
5.0664 1.98163e+011
5.06744 1.95778e+011
5.06849 1.93419e+011
5.06953 1.91088e+011
5.07058 1.88782e+011
5.07163 1.86503e+011
5.07267 1.8425e+011
5.07372 1.82022e+011
5.07477 1.7982e+011
5.07582 1.77642e+011
5.07687 1.7549e+011
5.07792 1.73362e+011
5.07897 1.71258e+011
5.08003 1.69179e+011
5.08108 1.67123e+011
5.08213 1.6509e+011
5.08319 1.63081e+011
5.08424 1.61095e+011
5.0853 1.59131e+011
5.08636 1.5719e+011
5.08741 1.55272e+011
5.08847 1.53375e+011
5.08953 1.515e+011
5.09059 1.49647e+011
5.09165 1.47815e+011
5.09271 1.46004e+011
5.09377 1.44214e+011
5.09484 1.42445e+011
5.0959 1.40696e+011
5.09696 1.38967e+011
5.09803 1.37259e+011
5.09909 1.3557e+011
5.10016 1.339e+011
5.10122 1.3225e+011
5.10229 1.30619e+011
5.10336 1.29007e+011
5.10443 1.27414e+011
5.1055 1.2584e+011
5.10657 1.24283e+011
5.10764 1.22745e+011
5.10871 1.21225e+011
5.10978 1.19722e+011
5.11086 1.18237e+011
5.11193 1.16769e+011
5.113 1.15319e+011
5.11408 1.13885e+011
5.11516 1.12469e+011
5.11623 1.11068e+011
5.11731 1.09685e+011
5.11839 1.08317e+011
5.11947 1.06966e+011
5.12055 1.0563e+011
5.12163 1.0431e+011
5.12271 1.03006e+011
5.12379 1.01717e+011
5.12487 1.00443e+011
5.12596 9.91847e+010
5.12704 9.79408e+010
5.12812 9.67117e+010
5.12921 9.54971e+010
5.13029 9.42968e+010
5.13138 9.31108e+010
5.13247 9.19388e+010
5.13356 9.07808e+010
5.13465 8.96365e+010
5.13574 8.85058e+010
5.13683 8.73885e+010
5.13792 8.62846e+010
5.13901 8.51938e+010
5.1401 8.4116e+010
5.1412 8.3051e+010
5.14229 8.19988e+010
5.14338 8.09591e+010
5.14448 7.99319e+010
5.14558 7.89169e+010
5.14667 7.79141e+010
5.14777 7.69234e+010
5.14887 7.59445e+010
5.14997 7.49773e+010
5.15107 7.40218e+010
5.15217 7.30778e+010
5.15327 7.21451e+010
5.15437 7.12237e+010
5.15547 7.03133e+010
5.15658 6.9414e+010
5.15768 6.85255e+010
5.15879 6.76477e+010
5.15989 6.67805e+010
5.161 6.59238e+010
5.16211 6.50775e+010
5.16322 6.42415e+010
5.16432 6.34156e+010
5.16543 6.25997e+010
5.16654 6.17937e+010
5.16765 6.09975e+010
5.16877 6.0211e+010
5.16988 5.9434e+010
5.17099 5.86666e+010
5.17211 5.79085e+010
5.17322 5.71596e+010
5.17434 5.64199e+010
5.17545 5.56892e+010
5.17657 5.49674e+010
5.17769 5.42545e+010
5.17881 5.35503e+010
5.17992 5.28548e+010
5.18104 5.21678e+010
5.18216 5.14892e+010
5.18329 5.08189e+010
5.18441 5.01569e+010
5.18553 4.95031e+010
5.18665 4.88573e+010
5.18778 4.82194e+010
5.1889 4.75894e+010
5.19003 4.69672e+010
5.19116 4.63527e+010
5.19228 4.57458e+010
5.19341 4.51463e+010
5.19454 4.45543e+010
5.19567 4.39697e+010
5.1968 4.33923e+010
5.19793 4.2822e+010
5.19906 4.22589e+010
5.2002 4.17027e+010
5.20133 4.11534e+010
5.20246 4.0611e+010
5.2036 4.00754e+010
5.20473 3.95464e+010
5.20587 3.9024e+010
5.20701 3.85082e+010
5.20815 3.79988e+010
5.20929 3.74957e+010
5.21042 3.6999e+010
5.21156 3.65085e+010
5.21271 3.60241e+010
5.21385 3.55458e+010
5.21499 3.50735e+010
5.21613 3.46072e+010
5.21728 3.41467e+010
5.21842 3.3692e+010
5.21957 3.3243e+010
5.22071 3.27997e+010
5.22186 3.2362e+010
5.22301 3.19298e+010
5.22416 3.15031e+010
5.22531 3.10818e+010
5.22646 3.06658e+010
5.22761 3.0255e+010
5.22876 2.98495e+010
5.22991 2.94491e+010
5.23107 2.90538e+010
5.23222 2.86635e+010
5.23337 2.82782e+010
5.23453 2.78978e+010
5.23569 2.75222e+010
5.23684 2.71514e+010
5.238 2.67853e+010
5.23916 2.64239e+010
5.24032 2.60671e+010
5.24148 2.57149e+010
5.24264 2.53672e+010
5.2438 2.50239e+010
5.24496 2.46851e+010
5.24613 2.43505e+010
5.24729 2.40203e+010
5.24846 2.36943e+010
5.24962 2.33725e+010
5.25079 2.30548e+010
5.25196 2.27413e+010
5.25312 2.24317e+010
5.25429 2.21262e+010
5.25546 2.18246e+010
5.25663 2.15268e+010
5.2578 2.1233e+010
5.25897 2.09429e+010
5.26015 2.06566e+010
5.26132 2.0374e+010
5.26249 2.0095e+010
5.26367 1.98197e+010
5.26485 1.9548e+010
5.26602 1.92797e+010
5.2672 1.9015e+010
5.26838 1.87537e+010
5.26956 1.84958e+010
5.27074 1.82413e+010
5.27192 1.79901e+010
5.2731 1.77421e+010
5.27428 1.74974e+010
5.27546 1.72559e+010
5.27665 1.70176e+010
5.27783 1.67824e+010
5.27902 1.65502e+010
5.2802 1.63211e+010
5.28139 1.60951e+010
5.28258 1.58719e+010
5.28376 1.56517e+010
5.28495 1.54345e+010
5.28614 1.522e+010
5.28733 1.50084e+010
5.28853 1.47996e+010
5.28972 1.45935e+010
5.29091 1.43902e+010
5.29211 1.41895e+010
5.2933 1.39915e+010
5.2945 1.37961e+010
5.29569 1.36033e+010
5.29689 1.34131e+010
5.29809 1.32254e+010
5.29929 1.30402e+010
5.30048 1.28574e+010
5.30169 1.26771e+010
5.30289 1.24991e+010
5.30409 1.23236e+010
5.30529 1.21503e+010
5.30649 1.19794e+010
5.3077 1.18108e+010
5.3089 1.16444e+010
5.31011 1.14802e+010
5.31132 1.13183e+010
5.31252 1.11585e+010
5.31373 1.10008e+010
5.31494 1.08453e+010
5.31615 1.06918e+010
5.31736 1.05404e+010
5.31857 1.0391e+010
5.31979 1.02437e+010
5.321 1.00983e+010
5.32221 9.95491e+009
5.32343 9.81344e+009
5.32464 9.67387e+009
5.32586 9.53618e+009
5.32708 9.40036e+009
5.3283 9.26637e+009
5.32951 9.13419e+009
5.33073 9.00381e+009
5.33195 8.87519e+009
5.33318 8.74832e+009
5.3344 8.62317e+009
5.33562 8.49971e+009
5.33684 8.37794e+009
5.33807 8.25783e+009
5.33929 8.13934e+009
5.34052 8.02248e+009
5.34175 7.90721e+009
5.34298 7.79351e+009
5.3442 7.68136e+009
5.34543 7.57074e+009
5.34666 7.46164e+009
5.34789 7.35404e+009
5.34913 7.2479e+009
5.35036 7.14323e+009
5.35159 7.03998e+009
5.35283 6.93816e+009
5.35406 6.83773e+009
5.3553 6.73869e+009
5.35654 6.64101e+009
5.35777 6.54468e+009
5.35901 6.44967e+009
5.36025 6.35597e+009
5.36149 6.26357e+009
5.36273 6.17244e+009
5.36397 6.08258e+009
5.36522 5.99395e+009
5.36646 5.90656e+009
5.3677 5.82037e+009
5.36895 5.73539e+009
5.3702 5.65158e+009
5.37144 5.56893e+009
5.37269 5.48744e+009
5.37394 5.40707e+009
5.37519 5.32783e+009
5.37644 5.24969e+009
5.37769 5.17264e+009
5.37894 5.09667e+009
5.38019 5.02176e+009
5.38145 4.94789e+009
5.3827 4.87506e+009
5.38396 4.80324e+009
5.38521 4.73244e+009
5.38647 4.66262e+009
5.38773 4.59379e+009
5.38899 4.52592e+009
5.39024 4.459e+009
5.39151 4.39303e+009
5.39277 4.32799e+009
5.39403 4.26386e+009
5.39529 4.20063e+009
5.39655 4.1383e+009
5.39782 4.07685e+009
5.39908 4.01626e+009
5.40035 3.95653e+009
5.40162 3.89765e+009
5.40288 3.8396e+009
5.40415 3.78238e+009
5.40542 3.72596e+009
5.40669 3.67035e+009
5.40796 3.61552e+009
5.40924 3.56148e+009
5.41051 3.5082e+009
5.41178 3.45569e+009
5.41306 3.40392e+009
5.41433 3.35289e+009
5.41561 3.30258e+009
5.41689 3.253e+009
5.41816 3.20412e+009
5.41944 3.15595e+009
5.42072 3.10846e+009
5.422 3.06165e+009
5.42328 3.01552e+009
5.42457 2.97005e+009
5.42585 2.92523e+009
5.42713 2.88105e+009
5.42842 2.83751e+009
5.4297 2.79459e+009
5.43099 2.7523e+009
5.43228 2.71061e+009
5.43357 2.66952e+009
5.43485 2.62903e+009
5.43614 2.58913e+009
5.43744 2.54979e+009
5.43873 2.51103e+009
5.44002 2.47283e+009
5.44131 2.43519e+009
5.44261 2.39809e+009
5.4439 2.36153e+009
5.4452 2.32549e+009
5.4465 2.28999e+009
5.44779 2.255e+009
5.44909 2.22052e+009
5.45039 2.18654e+009
5.45169 2.15305e+009
5.45299 2.12006e+009
5.45429 2.08755e+009
5.4556 2.05551e+009
5.4569 2.02394e+009
5.45821 1.99283e+009
5.45951 1.96218e+009
5.46082 1.93198e+009
5.46213 1.90222e+009
5.46343 1.8729e+009
5.46474 1.84401e+009
5.46605 1.81554e+009
5.46736 1.7875e+009
5.46867 1.75986e+009
5.46999 1.73263e+009
5.4713 1.70581e+009
5.47261 1.67938e+009
5.47393 1.65334e+009
5.47525 1.62769e+009
5.47656 1.60241e+009
5.47788 1.57751e+009
5.4792 1.55298e+009
5.48052 1.52881e+009
5.48184 1.50501e+009
5.48316 1.48155e+009
5.48448 1.45844e+009
5.48581 1.43568e+009
5.48713 1.41326e+009
5.48845 1.39117e+009
5.48978 1.36941e+009
5.49111 1.34797e+009
5.49243 1.32686e+009
5.49376 1.30606e+009
5.49509 1.28557e+009
5.49642 1.26539e+009
5.49775 1.24551e+009
5.49908 1.22592e+009
5.50042 1.20664e+009
5.50175 1.18764e+009
5.50309 1.16892e+009
5.50442 1.15049e+009
5.50576 1.13234e+009
5.50709 1.11446e+009
5.50843 1.09684e+009
5.50977 1.0795e+009
5.51111 1.06241e+009
5.51245 1.04559e+009
5.51379 1.02902e+009
5.51514 1.0127e+009
5.51648 9.96622e+008
5.51782 9.80791e+008
5.51917 9.65201e+008
5.52052 9.49847e+008
5.52186 9.34727e+008
5.52321 9.19836e+008
5.52456 9.05172e+008
5.52591 8.90731e+008
5.52726 8.7651e+008
5.52861 8.62506e+008
5.52996 8.48715e+008
5.53132 8.35135e+008
5.53267 8.21763e+008
5.53403 8.08595e+008
5.53538 7.95628e+008
5.53674 7.8286e+008
5.5381 7.70288e+008
5.53946 7.57909e+008
5.54082 7.45719e+008
5.54218 7.33717e+008
5.54354 7.219e+008
5.5449 7.10264e+008
5.54626 6.98808e+008
5.54763 6.87528e+008
5.54899 6.76422e+008
5.55036 6.65487e+008
5.55173 6.54721e+008
5.5531 6.44122e+008
5.55446 6.33687e+008
5.55583 6.23413e+008
5.5572 6.13298e+008
5.55858 6.0334e+008
5.55995 5.93537e+008
5.56132 5.83886e+008
5.5627 5.74385e+008
5.56407 5.65031e+008
5.56545 5.55824e+008
5.56682 5.46759e+008
5.5682 5.37836e+008
5.56958 5.29053e+008
5.57096 5.20406e+008
5.57234 5.11894e+008
5.57372 5.03516e+008
5.57511 4.95268e+008
5.57649 4.8715e+008
5.57787 4.79159e+008
5.57926 4.71293e+008
5.58065 4.63551e+008
5.58203 4.5593e+008
5.58342 4.48429e+008
5.58481 4.41047e+008
5.5862 4.3378e+008
5.58759 4.26628e+008
5.58898 4.19589e+008
5.59038 4.1266e+008
5.59177 4.05841e+008
5.59316 3.9913e+008
5.59456 3.92525e+008
5.59596 3.86025e+008
5.59735 3.79628e+008
5.59875 3.73332e+008
5.60015 3.67136e+008
5.60155 3.61038e+008
5.60295 3.55037e+008
5.60435 3.49132e+008
5.60576 3.4332e+008
5.60716 3.37601e+008
5.60857 3.31974e+008
5.60997 3.26436e+008
5.61138 3.20986e+008
5.61279 3.15623e+008
5.6142 3.10347e+008
5.6156 3.05154e+008
5.61702 3.00045e+008
5.61843 2.95018e+008
5.61984 2.90071e+008
5.62125 2.85204e+008
5.62267 2.80414e+008
5.62408 2.75702e+008
5.6255 2.71066e+008
5.62692 2.66504e+008
5.62833 2.62016e+008
5.62975 2.576e+008
5.63117 2.53255e+008
5.63259 2.48981e+008
5.63401 2.44775e+008
5.63544 2.40638e+008
5.63686 2.36567e+008
5.63829 2.32563e+008
5.63971 2.28623e+008
5.64114 2.24747e+008
5.64257 2.20934e+008
5.64399 2.17184e+008
5.64542 2.13494e+008
5.64685 2.09864e+008
5.64829 2.06293e+008
5.64972 2.0278e+008
5.65115 1.99325e+008
5.65259 1.95926e+008
5.65402 1.92583e+008
5.65546 1.89294e+008
5.65689 1.86059e+008
5.65833 1.82877e+008
5.65977 1.79747e+008
5.66121 1.76669e+008
5.66265 1.73641e+008
5.66409 1.70662e+008
5.66554 1.67733e+008
5.66698 1.64852e+008
5.66843 1.62018e+008
5.66987 1.59231e+008
5.67132 1.5649e+008
5.67277 1.53794e+008
5.67421 1.51142e+008
5.67566 1.48535e+008
5.67711 1.4597e+008
5.67857 1.43448e+008
5.68002 1.40968e+008
5.68147 1.38529e+008
5.68293 1.3613e+008
5.68438 1.33771e+008
5.68584 1.31451e+008
5.6873 1.2917e+008
5.68875 1.26927e+008
5.69021 1.24721e+008
5.69167 1.22552e+008
5.69313 1.20419e+008
5.6946 1.18321e+008
5.69606 1.16259e+008
5.69752 1.14231e+008
5.69899 1.12237e+008
5.70046 1.10276e+008
5.70192 1.08349e+008
5.70339 1.06453e+008
5.70486 1.0459e+008
5.70633 1.02757e+008
5.7078 1.00956e+008
5.70927 9.91843e+007
5.71075 9.74428e+007
5.71222 9.57307e+007
5.71369 9.40473e+007
5.71517 9.23924e+007
5.71665 9.07654e+007
5.71813 8.91659e+007
5.7196 8.75934e+007
5.72108 8.60476e+007
5.72257 8.45279e+007
5.72405 8.30339e+007
5.72553 8.15653e+007
5.72701 8.01216e+007
5.7285 7.87024e+007
5.72998 7.73073e+007
5.73147 7.5936e+007
5.73296 7.4588e+007
5.73445 7.3263e+007
5.73594 7.19605e+007
5.73743 7.06803e+007
5.73892 6.94219e+007
5.74041 6.81851e+007
5.74191 6.69693e+007
5.7434 6.57744e+007
5.7449 6.45999e+007
5.74639 6.34456e+007
5.74789 6.23111e+007
5.74939 6.1196e+007
5.75089 6.01001e+007
5.75239 5.9023e+007
5.75389 5.79645e+007
5.7554 5.69242e+007
5.7569 5.59018e+007
5.7584 5.4897e+007
5.75991 5.39096e+007
5.76142 5.29392e+007
5.76292 5.19856e+007
5.76443 5.10485e+007
5.76594 5.01276e+007
5.76745 4.92227e+007
5.76897 4.83335e+007
5.77048 4.74596e+007
5.77199 4.6601e+007
5.77351 4.57572e+007
5.77502 4.49282e+007
5.77654 4.41135e+007
5.77806 4.33131e+007
5.77958 4.25266e+007
5.7811 4.17538e+007
5.78262 4.09945e+007
5.78414 4.02485e+007
5.78566 3.95155e+007
5.78719 3.87953e+007
5.78871 3.80877e+007
5.79024 3.73926e+007
5.79176 3.67096e+007
5.79329 3.60386e+007
5.79482 3.53794e+007
5.79635 3.47318e+007
5.79788 3.40955e+007
5.79941 3.34705e+007
5.80095 3.28565e+007
5.80248 3.22533e+007
5.80402 3.16607e+007
5.80555 3.10786e+007
5.80709 3.05068e+007
5.80863 2.99451e+007
5.81017 2.93934e+007
5.81171 2.88514e+007
5.81325 2.8319e+007
5.81479 2.7796e+007
5.81634 2.72824e+007
5.81788 2.67778e+007
5.81943 2.62823e+007
5.82097 2.57955e+007
5.82252 2.53174e+007
5.82407 2.48478e+007
5.82562 2.43866e+007
5.82717 2.39337e+007
5.82872 2.34888e+007
5.83027 2.30519e+007
5.83183 2.26227e+007
5.83338 2.22013e+007
5.83494 2.17874e+007
5.83649 2.1381e+007
5.83805 2.09818e+007
5.83961 2.05898e+007
5.84117 2.02048e+007
5.84273 1.98268e+007
5.84429 1.94555e+007
5.84586 1.9091e+007
5.84742 1.8733e+007
5.84899 1.83814e+007
5.85055 1.80362e+007
5.85212 1.76973e+007
5.85369 1.73645e+007
5.85526 1.70377e+007
5.85683 1.67168e+007
5.8584 1.64017e+007
5.85997 1.60923e+007
5.86154 1.57886e+007
5.86312 1.54904e+007
5.86469 1.51975e+007
5.86627 1.49101e+007
5.86785 1.46278e+007
5.86943 1.43507e+007
5.87101 1.40786e+007
5.87259 1.38115e+007
5.87417 1.35493e+007
5.87575 1.32919e+007
5.87734 1.30391e+007
5.87892 1.2791e+007
5.88051 1.25475e+007
5.8821 1.23084e+007
5.88368 1.20737e+007
5.88527 1.18433e+007
5.88686 1.16171e+007
5.88846 1.13951e+007
5.89005 1.11771e+007
5.89164 1.09632e+007
5.89324 1.07532e+007
5.89483 1.05471e+007
5.89643 1.03448e+007
5.89803 1.01463e+007
5.89963 9.95136e+006
5.90123 9.76007e+006
5.90283 9.57231e+006
5.90443 9.38803e+006
5.90603 9.20717e+006
5.90764 9.02966e+006
5.90924 8.85545e+006
5.91085 8.68447e+006
5.91246 8.51668e+006
5.91406 8.352e+006
5.91567 8.19039e+006
5.91728 8.03179e+006
5.9189 7.87615e+006
5.92051 7.72342e+006
5.92212 7.57353e+006
5.92374 7.42645e+006
5.92535 7.28212e+006
5.92697 7.14049e+006
5.92859 7.00152e+006
5.93021 6.86515e+006
5.93183 6.73133e+006
5.93345 6.60003e+006
5.93507 6.4712e+006
5.9367 6.34479e+006
5.93832 6.22076e+006
5.93995 6.09907e+006
5.94157 5.97966e+006
5.9432 5.86251e+006
5.94483 5.74758e+006
5.94646 5.63481e+006
5.94809 5.52417e+006
5.94972 5.41563e+006
5.95136 5.30914e+006
5.95299 5.20468e+006
5.95463 5.10219e+006
5.95626 5.00164e+006
5.9579 4.90301e+006
5.95954 4.80625e+006
5.96118 4.71133e+006
5.96282 4.61822e+006
5.96446 4.52688e+006
5.96611 4.43728e+006
5.96775 4.34939e+006
5.9694 4.26318e+006
5.97104 4.17862e+006
5.97269 4.09567e+006
5.97434 4.01431e+006
5.97599 3.93451e+006
5.97764 3.85623e+006
5.97929 3.77946e+006
5.98095 3.70417e+006
5.9826 3.63031e+006
5.98426 3.55788e+006
5.98591 3.48684e+006
5.98757 3.41717e+006
5.98923 3.34884e+006
5.99089 3.28183e+006
5.99255 3.21612e+006
5.99421 3.15167e+006
5.99587 3.08846e+006
5.99754 3.02648e+006
5.9992 2.9657e+006
6.00087 2.90609e+006
6.00254 2.84764e+006
6.00421 2.79033e+006
6.00588 2.73413e+006
6.00755 2.67902e+006
6.00922 2.62498e+006
6.01089 2.57199e+006
6.01257 2.52003e+006
6.01424 2.46909e+006
6.01592 2.41914e+006
6.0176 2.37016e+006
6.01927 2.32214e+006
6.02095 2.27506e+006
6.02263 2.2289e+006
6.02432 2.18365e+006
6.026 2.13928e+006
6.02768 2.09578e+006
6.02937 2.05313e+006
6.03106 2.01132e+006
6.03274 1.97033e+006
6.03443 1.93015e+006
6.03612 1.89076e+006
6.03781 1.85215e+006
6.03951 1.81429e+006
6.0412 1.77718e+006
6.04289 1.74081e+006
6.04459 1.70515e+006
6.04629 1.6702e+006
6.04798 1.63594e+006
6.04968 1.60236e+006
6.05138 1.56944e+006
6.05308 1.53718e+006
6.05479 1.50556e+006
6.05649 1.47456e+006
6.05819 1.44418e+006
6.0599 1.41441e+006
6.06161 1.38522e+006
6.06331 1.35662e+006
6.06502 1.32859e+006
6.06673 1.30112e+006
6.06845 1.27419e+006
6.07016 1.24781e+006
6.07187 1.22195e+006
6.07359 1.19661e+006
6.0753 1.17178e+006
6.07702 1.14744e+006
6.07874 1.12359e+006
6.08046 1.10022e+006
6.08218 1.07732e+006
6.0839 1.05488e+006
6.08562 1.0329e+006
6.08735 1.01135e+006
6.08907 990240
6.0908 969554
6.09253 949285
6.09425 929426
6.09598 909968
6.09772 890904
6.09945 872225
6.10118 853925
6.10292 835995
6.10465 818430
6.10639 801220
6.10813 784361
6.10986 767844
6.11161 751663
6.11335 735812
6.11509 720283
6.11683 705071
6.11858 690170
6.12032 675573
6.12207 661274
6.12382 647268
6.12557 633548
6.12732 620109
6.12907 606946
6.13082 594053
6.13258 581425
6.13433 569056
6.13609 556941
6.13785 545076
6.13961 533454
6.14137 522073
6.14313 510926
6.14489 500009
6.14665 489318
6.14842 478847
6.15019 468594
6.15195 458552
6.15372 448719
6.15549 439089
6.15726 429659
6.15903 420425
6.16081 411383
6.16258 402529
6.16436 393859
6.16613 385370
6.16791 377057
6.16969 368918
6.17147 360949
6.17325 353146
6.17503 345507
6.17682 338027
6.1786 330704
6.18039 323534
6.18217 316515
6.18396 309643
6.18575 302915
6.18754 296329
6.18934 289881
6.19113 283569
6.19292 277389
6.19472 271341
6.19652 265419
6.19831 259623
6.20011 253949
6.20191 248395
6.20372 242959
6.20552 237637
6.20732 232429
6.20913 227331
6.21093 222341
6.21274 217457
6.21455 212677
6.21636 207998
6.21817 203419
6.21998 198938
6.2218 194552
6.22361 190260
6.22543 186060
6.22725 181949
6.22906 177926
6.23088 173989
6.23271 170136
6.23453 166366
6.23635 162677
6.23818 159067
6.24 155535
6.24183 152079
6.24366 148696
6.24549 145387
6.24732 142149
6.24915 138981
6.25098 135881
6.25282 132848
6.25465 129881
6.25649 126978
6.25833 124137
6.26017 121358
6.26201 118640
6.26385 115980
6.26569 113378
6.26754 110833
6.26938 108343
6.27123 105907
6.27307 103524
6.27492 101193
6.27677 98913.1
6.27863 96682.7
6.28048 94501.1
6.28233 92367.1
6.28419 90279.8
6.28604 88238.2
6.2879 86241.3
6.28976 84288.2
6.29162 82377.9
6.29348 80509.6
6.29535 78682.3
6.29721 76895.2
6.29907 75147.4
6.30094 73438.1
6.30281 71766.5
6.30468 70131.7
6.30655 68533
6.30842 66969.6
6.31029 65440.8
6.31217 63945.8
6.31404 62483.8
6.31592 61054.3
6.3178 59656.4
6.31967 58289.6
6.32155 56953.1
6.32344 55646.3
6.32532 54368.6
6.3272 53119.3
6.32909 51897.8
6.33097 50703.5
6.33286 49535.9
6.33475 48394.3
6.33664 47278.2
6.33853 46187.1
6.34043 45120.4
6.34232 44077.5
6.34422 43058.1
6.34611 42061.5
6.34801 41087.2
6.34991 40134.8
6.35181 39203.8
6.35371 38293.8
6.35561 37404.2
6.35752 36534.7
6.35942 35684.7
6.36133 34854
6.36324 34042
6.36515 33248.3
6.36706 32472.6
6.36897 31714.4
6.37088 30973.4
6.3728 30249.1
6.37471 29541.3
6.37663 28849.6
6.37855 28173.5
6.38047 27512.9
6.38239 26867.2
6.38431 26236.3
6.38623 25619.7
6.38816 25017.1
6.39008 24428.4
6.39201 23853
6.39394 23290.8
6.39587 22741.5
6.3978 22204.7
6.39973 21680.2
6.40167 21167.7
6.4036 20667
6.40554 20177.7
6.40747 19699.8
6.40941 19232.7
6.41135 18776.5
6.41329 18330.7
6.41524 17895.2
6.41718 17469.7
6.41913 17054.1
6.42107 16648
6.42302 16251.3
6.42497 15863.8
6.42692 15485.3
6.42887 15115.5
6.43082 14754.3
6.43278 14401.5
6.43473 14056.9
6.43669 13720.2
6.43865 13391.4
6.44061 13070.2
6.44257 12756.6
6.44453 12450.2
6.4465 12150.9
6.44846 11858.7
6.45043 11573.2
6.45239 11294.5
6.45436 11022.2
6.45633 10756.4
6.4583 10496.7
6.46028 10243.1
6.46225 9995.51
6.46423 9753.7
6.4662 9517.57
6.46818 9286.99
6.47016 9061.83
6.47214 8841.97
6.47412 8627.29
6.47611 8417.68
6.47809 8213
6.48008 8013.17
6.48206 7818.05
6.48405 7627.54
6.48604 7441.55
6.48803 7259.95
6.49003 7082.67
6.49202 6909.58
6.49401 6740.61
6.49601 6575.64
6.49801 6414.6
6.50001 6257.39
6.50201 6103.92
6.50401 5954.11
6.50601 5807.87
6.50802 5665.12
6.51002 5525.77
6.51203 5389.76
6.51404 5257
6.51605 5127.41
6.51806 5000.93
6.52007 4877.48
6.52209 4756.99
6.5241 4639.39
6.52612 4524.62
6.52814 4412.6
6.53016 4303.28
6.53218 4196.6
6.5342 4092.48
6.53622 3990.87
6.53825 3891.71
6.54027 3794.95
6.5423 3700.53
6.54433 3608.39
6.54636 3518.48
6.54839 3430.74
6.55042 3345.14
6.55246 3261.61
6.55449 3180.1
6.55653 3100.58
6.55857 3022.99
6.56061 2947.29
6.56265 2873.43
6.56469 2801.36
6.56673 2731.06
6.56878 2662.47
6.57082 2595.56
6.57287 2530.28
6.57492 2466.6
6.57697 2404.47
6.57902 2343.87
6.58108 2284.75
6.58313 2227.09
6.58519 2170.83
6.58725 2115.96
6.5893 2062.44
6.59136 2010.24
6.59343 1959.32
6.59549 1909.65
6.59755 1861.21
6.59962 1813.97
6.60168 1767.89
6.60375 1722.95
6.60582 1679.12
6.60789 1636.38
6.60997 1594.69
6.61204 1554.04
6.61412 1514.39
6.61619 1475.73
6.61827 1438.03
6.62035 1401.27
6.62243 1365.42
6.62451 1330.47
6.6266 1296.38
6.62868 1263.15
6.63077 1230.74
6.63285 1199.15
6.63494 1168.34
6.63703 1138.3
6.63913 1109.02
6.64122 1080.47
6.64331 1052.63
6.64541 1025.49
6.64751 999.037
6.64961 973.245
6.65171 948.102
6.65381 923.59
6.65591 899.696
6.65802 876.404
6.66012 853.7
6.66223 831.568
6.66434 809.995
6.66645 788.967
6.66856 768.471
6.67067 748.493
6.67279 729.022
6.6749 710.044
6.67702 691.547
6.67914 673.52
6.68126 655.951
6.68338 638.828
6.6855 622.141
6.68763 605.879
6.68975 590.031
6.69188 574.587
6.69401 559.537
6.69614 544.872
6.69827 530.581
6.7004 516.655
6.70254 503.086
6.70467 489.865
6.70681 476.982
6.70895 464.43
6.71109 452.2
6.71323 440.284
6.71537 428.675
6.71752 417.364
6.71966 406.344
6.72181 395.608
6.72396 385.149
6.72611 374.96
6.72826 365.034
6.73041 355.364
6.73256 345.945
6.73472 336.769
6.73688 327.831
6.73904 319.124
6.7412 310.643
6.74336 302.383
6.74552 294.337
6.74768 286.5
6.74985 278.867
6.75202 271.433
6.75419 264.192
6.75636 257.14
6.75853 250.272
6.7607 243.584
6.76287 237.07
6.76505 230.726
6.76723 224.549
6.76941 218.533
6.77159 212.675
6.77377 206.971
6.77595 201.416
6.77814 196.007
6.78032 190.741
6.78251 185.613
6.7847 180.62
6.78689 175.758
6.78908 171.025
6.79127 166.416
6.79347 161.929
6.79566 157.561
6.79786 153.308
6.80006 149.168
6.80226 145.137
6.80446 141.214
6.80667 137.394
6.80887 133.676
6.81108 130.056
6.81329 126.533
6.8155 123.103
6.81771 119.765
6.81992 116.515
6.82213 113.352
6.82435 110.274
6.82657 107.278
6.82879 104.361
6.831 101.523
6.83323 98.7609
6.83545 96.0726
6.83767 93.4563
6.8399 90.9102
6.84213 88.4324
6.84435 86.0212
6.84659 83.6748
6.84882 81.3914
6.85105 79.1696
6.85328 77.0076
6.85552 74.9038
6.85776 72.8568
6.86 70.8651
6.86224 68.9272
6.86448 67.0417
6.86672 65.2072
6.86897 63.4224
6.87122 61.6859
6.87346 59.9965
6.87571 58.353
6.87796 56.7541
6.88022 55.1987
6.88247 53.6855
6.88473 52.2136
6.88698 50.7817
6.88924 49.3889
6.8915 48.034
6.89376 46.7162
6.89603 45.4343
6.89829 44.1875
6.90056 42.9748
6.90283 41.7953
6.9051 40.6482
6.90737 39.5324
6.90964 38.4473
6.91191 37.392
6.91419 36.3657
6.91646 35.3676
6.91874 34.397
6.92102 33.4531
6.9233 32.5353
6.92559 31.6427
6.92787 30.7748
6.93016 29.9309
6.93244 29.1103
6.93473 28.3124
6.93702 27.5366
6.93932 26.7822
6.94161 26.0488
6.9439 25.3358
6.9462 24.6425
6.9485 23.9685
6.9508 23.3133
6.9531 22.6763
6.9554 22.057
6.95771 21.455
6.96001 20.8697
6.96232 20.3008
6.96463 19.7478
6.96694 19.2103
6.96925 18.6878
6.97156 18.1799
6.97388 17.6863
6.9762 17.2064
6.97851 16.7401
6.98083 16.2868
6.98316 15.8463
6.98548 15.4182
6.9878 15.0021
6.99013 14.5977
6.99246 14.2047
6.99478 13.8229
6.99712 13.4517
6.99945 13.0911
7.00178 12.7407
7.00412 12.4001
7.00645 12.0692
7.00879 11.7477
7.01113 11.4353
7.01347 11.1318
7.01582 10.8369
7.01816 10.5503
7.02051 10.2719
7.02285 10.0014
7.0252 9.73866
7.02755 9.48337
7.02991 9.23537
7.03226 8.99444
7.03462 8.76039
7.03697 8.53302
7.03933 8.31217
7.04169 8.09763
7.04405 7.88924
7.04642 7.68682
7.04878 7.4902
7.05115 7.29923
7.05352 7.11375
7.05589 6.9336
7.05826 6.75863
7.06063 6.5887
7.06301 6.42366
7.06538 6.26339
7.06776 6.10773
7.07014 5.95658
7.07252 5.80979
7.0749 5.66724
7.07729 5.52882
7.07967 5.39441
7.08206 5.2639
7.08445 5.13717
7.08684 5.01411
7.08923 4.89464
7.09162 4.77863
7.09402 4.666
7.09642 4.55665
7.09881 4.45049
7.10121 4.34741
7.10361 4.24735
7.10602 4.15021
7.10842 4.0559
7.11083 3.96436
7.11324 3.87549
7.11565 3.78922
7.11806 3.70549
7.12047 3.6242
7.12289 3.54531
7.1253 3.46873
7.12772 3.3944
7.13014 3.32226
7.13256 3.25224
7.13498 3.18428
7.13741 3.11833
7.13983 3.05432
7.14226 2.9922
7.14469 2.93192
7.14712 2.87342
7.14955 2.81665
7.15198 2.76156
7.15442 2.7081
7.15686 2.65623
7.15929 2.60589
7.16174 2.55706
7.16418 2.50967
7.16662 2.46369
7.16907 2.41908
7.17151 2.3758
7.17396 2.33381
7.17641 2.29307
7.17886 2.25355
7.18132 2.21521
7.18377 2.17801
7.18623 2.14193
7.18869 2.10692
7.19115 2.07297
7.19361 2.04003
7.19607 2.00808
7.19854 1.97709
7.201 1.94704
7.20347 1.91788
7.20594 1.8896
7.20841 1.86218
7.21088 1.83558
7.21336 1.80978
7.21584 1.78476
7.21831 1.7605
7.22079 1.73697
7.22327 1.71415
7.22576 1.69203
7.22824 1.67057
7.23073 1.64976
7.23322 1.62959
7.23571 1.61002
7.2382 1.59106
7.24069 1.57266
7.24318 1.55483
7.24568 1.53754
7.24818 1.52078
7.25068 1.50453
7.25318 1.48877
7.25568 1.4735
7.25819 1.45869
7.26069 1.44433
7.2632 1.43042
7.26571 1.41693
7.26822 1.40385
7.27073 1.39118
7.27325 1.37889
7.27577 1.36698
7.27828 1.35544
7.2808 1.34425
7.28332 1.33341
7.28585 1.3229
7.28837 1.31271
7.2909 1.30284
7.29343 1.29327
7.29596 1.284
7.29849 1.27502
7.30102 1.26631
7.30356 1.25788
7.30609 1.2497
7.30863 1.24178
7.31117 1.2341
7.31371 1.22667
7.31626 1.21946
7.3188 1.21248
7.32135 1.20571
7.3239 1.19916
7.32645 1.19281
7.329 1.18666
7.33155 1.1807
7.33411 1.17492
7.33666 1.16933
7.33922 1.16391
7.34178 1.15866
7.34434 1.15358
7.34691 1.14865
7.34947 1.14388
7.35204 1.13926
7.35461 1.13479
7.35718 1.13045
7.35975 1.12625
7.36233 1.12219
7.3649 1.11825
7.36748 1.11444
7.37006 1.11074
7.37264 1.10717
7.37522 1.1037
7.37781 1.10035
7.38039 1.0971
7.38298 1.09396
7.38557 1.09091
7.38816 1.08796
7.39075 1.08511
7.39335 1.08234
7.39595 1.07967
7.39854 1.07707
7.40114 1.07457
7.40374 1.07214
7.40635 1.06978
7.40895 1.06751
7.41156 1.0653
7.41417 1.06317
7.41678 1.06111
7.41939 1.05911
7.422 1.05717
7.42462 1.0553
7.42724 1.05349
7.42986 1.05173
7.43248 1.05003
7.4351 1.04839
7.43772 1.0468
7.44035 1.04526
7.44298 1.04377
7.44561 1.04233
7.44824 1.04093
7.45087 1.03958
7.45351 1.03827
7.45614 1.03701
7.45878 1.03578
7.46142 1.0346
7.46406 1.03345
7.46671 1.03235
7.46935 1.03127
7.472 1.03024
7.47465 1.02923
7.4773 1.02826
7.47995 1.02732
7.48261 1.02641
7.48526 1.02553
7.48792 1.02468
7.49058 1.02386
7.49324 1.02306
7.4959 1.02229
7.49857 1.02155
7.50123 1.02082
7.5039 1.02013
7.50657 1.01945
7.50925 1.0188
7.51192 1.01817
7.51459 1.01756
7.51727 1.01697
7.51995 1.0164
7.52263 1.01585
7.52531 1.01532
7.528 1.0148
7.53069 1.0143
7.53337 1.01382
7.53606 1.01335
7.53875 1.0129
7.54145 1.01246
7.54414 1.01204
7.54684 1.01164
7.54954 1.01124
7.55224 1.01086
7.55494 1.01049
7.55765 1.01014
7.56035 1.00979
7.56306 1.00946
7.56577 1.00914
7.56848 1.00882
7.57119 1.00852
7.57391 1.00823
7.57663 1.00795
7.57935 1.00768
7.58207 1.00742
7.58479 1.00716
7.58751 1.00692
7.59024 1.00668
7.59297 1.00645
7.5957 1.00623
7.59843 1.00602
7.60116 1.00581
7.6039 1.00561
7.60663 1.00542
7.60937 1.00523
7.61211 1.00505
7.61485 1.00488
7.6176 1.00471
7.62034 1.00455
7.62309 1.00439
7.62584 1.00424
7.62859 1.00409
7.63135 1.00395
7.6341 1.00381
7.63686 1.00368
7.63962 1.00355
7.64238 1.00343
7.64514 1.00331
7.64791 1.0032
7.65067 1.00309
7.65344 1.00298
7.65621 1.00287
7.65898 1.00277
7.66175 1.00268
7.66453 1.00258
7.66731 1.00249
7.67009 1.00241
7.67287 1.00232
7.67565 1.00224
7.67844 1.00216
7.68122 1.00209
7.68401 1.00201
7.6868 1.00194
7.68959 1.00187
7.69239 1.00181
7.69518 1.00174
7.69798 1.00168
7.70078 1.00162
7.70358 1.00157
7.70639 1.00151
7.70919 1.00146
7.712 1.00141
7.71481 1.00136
7.71762 1.00131
7.72043 1.00126
7.72324 1.00122
7.72606 1.00117
7.72888 1.00113
7.7317 1.00109
7.73452 1.00105
7.73735 1.00102
7.74017 1.00098
7.743 1.00095
7.74583 1.00091
7.74866 1.00088
7.75149 1.00085
7.75433 1.00082
7.75717 1.00079
7.76001 1.00076
7.76285 1.00073
7.76569 1.00071
7.76853 1.00068
7.77138 1.00066
7.77423 1.00063
7.77708 1.00061
7.77993 1.00059
7.78279 1.00057
7.78564 1.00055
7.7885 1.00053
7.79136 1.00051
7.79422 1.00049
7.79709 1.00047
7.79995 1.00046
7.80282 1.00044
7.80569 1.00042
7.80856 1.00041
7.81144 1.00039
7.81431 1.00038
7.81719 1.00036
7.82007 1.00035
7.82295 1.00034
7.82583 1.00033
7.82872 1.00031
7.8316 1.0003
7.83449 1.00029
7.83738 1.00028
7.84027 1.00027
7.84317 1.00026
7.84607 1.00025
7.84896 1.00024
7.85186 1.00023
7.85477 1.00023
7.85767 1.00022
7.86058 1.00021
7.86349 1.0002
7.8664 1.00019
7.86931 1.00019
7.87222 1.00018
7.87514 1.00017
7.87806 1.00017
7.88098 1.00016
7.8839 1.00015
7.88682 1.00015
7.88975 1.00014
7.89267 1.00014
7.8956 1.00013
7.89853 1.00013
7.90147 1.00012
7.9044 1.00012
7.90734 1.00011
7.91028 1.00011
7.91322 1.00011
7.91616 1.0001
7.91911 1.0001
7.92206 1.00009
7.92501 1.00009
7.92796 1.00009
7.93091 1.00008
7.93387 1.00008
7.93682 1.00008
7.93978 1.00008
7.94274 1.00007
7.9457 1.00007
7.94867 1.00007
7.95164 1.00006
7.95461 1.00006
7.95758 1.00006
7.96055 1.00006
7.96352 1.00006
7.9665 1.00005
7.96948 1.00005
7.97246 1.00005
7.97544 1.00005
7.97843 1.00005
7.98141 1.00004
7.9844 1.00004
7.98739 1.00004
7.99039 1.00004
7.99338 1.00004
7.99638 1.00004
7.99938 1.00004
8.00238 1.00003
8.00538 1.00003
8.00838 1.00003
8.01139 1.00003
8.0144 1.00003
8.01741 1.00003
8.02042 1.00003
8.02344 1.00003
8.02646 1.00002
8.02947 1.00002
8.03249 1.00002
8.03552 1.00002
8.03854 1.00002
8.04157 1.00002
8.0446 1.00002
8.04763 1.00002
8.05066 1.00002
8.0537 1.00002
8.05673 1.00002
8.05977 1.00002
8.06281 1.00002
8.06586 1.00001
8.0689 1.00001
8.07195 1.00001
8.075 1.00001
8.07805 1.00001
8.0811 1.00001
8.08416 1.00001
8.08721 1.00001
8.09027 1.00001
8.09334 1.00001
8.0964 1.00001
8.09946 1.00001
8.10253 1.00001
8.1056 1.00001
8.10867 1.00001
8.11175 1.00001
8.11482 1.00001
8.1179 1.00001
8.12098 1.00001
8.12406 1.00001
8.12714 1.00001
8.13023 1.00001
8.13332 1.00001
8.13641 1.00001
8.1395 1.00001
8.1426 1.00001
8.14569 1.00001
8.14879 1.00001
8.15189 1
8.15499 1
8.1581 1
8.1612 1
8.16431 1
8.16742 1
8.17054 1
8.17365 1
8.17677 1
8.17989 1
8.18301 1
8.18613 1
8.18926 1
8.19238 1
8.19551 1
8.19864 1
8.20178 1
8.20491 1
8.20805 1
8.21119 1
8.21433 1
8.21748 1
8.22062 1
8.22377 1
8.22692 1
8.23007 1
8.23323 1
8.23639 1
8.23955 1
8.24271 1
8.24587 1
8.24903 1
8.2522 1
8.25537 1
8.25854 1
8.26172 1
8.26489 1
8.26807 1
8.27125 1
8.27443 1
8.27762 1
8.2808 1
8.28399 1
8.28718 1
8.29037 1
8.29357 1
8.29677 1
8.29996 1
8.30317 1
8.30637 1
8.30957 1
8.31278 1
8.31599 1
8.3192 1
8.32242 1
8.32563 1
8.32885 1
8.33207 1
8.3353 1
8.33852 1
8.34175 1
8.34498 1
8.34821 1
8.35144 1
8.35468 1
8.35791 1
8.36115 1
8.3644 1
8.36764 1
8.37089 1
8.37413 1
8.37739 1
8.38064 1
8.38389 1
8.38715 1
8.39041 1
8.39367 1
8.39694 1
8.4002 1
8.40347 1
8.40674 1
8.41001 1
8.41329 1
8.41656 1
8.41984 1
8.42312 1
8.42641 1
8.42969 1
8.43298 1
8.43627 1
8.43956 1
8.44286 1
8.44615 1
8.44945 1
8.45275 1
8.45606 1
8.45936 1
8.46267 1
8.46598 1
8.46929 1
8.4726 1
8.47592 1
8.47924 1
8.48256 1
8.48588 1
8.48921 1
8.49254 1
8.49587 1
8.4992 1
8.50253 1
8.50587 1
8.50921 1
8.51255 1
8.51589 1
8.51924 1
8.52258 1
8.52593 1
8.52929 1
8.53264 1
8.536 1
8.53935 1
8.54272 1
8.54608 1
8.54944 1
8.55281 1
8.55618 1
8.55955 1
8.56293 1
8.5663 1
8.56968 1
8.57306 1
8.57645 1
8.57983 1
8.58322 1
8.58661 1
8.59 1
8.5934 1
8.5968 1
8.6002 1
8.6036 1
8.607 1
8.61041 1
8.61381 1
8.61723 1
8.62064 1
8.62405 1
8.62747 1
8.63089 1
8.63431 1
8.63774 1
8.64116 1
8.64459 1
8.64802 1
8.65146 1
8.65489 1
8.65833 1
8.66177 1
8.66521 1
8.66866 1
8.67211 1
8.67555 1
8.67901 1
8.68246 1
8.68592 1
8.68938 1
8.69284 1
8.6963 1
8.69977 1
8.70323 1
8.7067 1
8.71018 1
8.71365 1
8.71713 1
8.72061 1
8.72409 1
8.72757 1
8.73106 1
8.73455 1
8.73804 1
8.74153 1
8.74503 1
8.74853 1
8.75203 1
8.75553 1
8.75904 1
8.76254 1
8.76605 1
8.76956 1
8.77308 1
8.7766 1
8.78012 1
8.78364 1
8.78716 1
8.79069 1
8.79422 1
8.79775 1
8.80128 1
8.80482 1
8.80835 1
8.81189 1
8.81544 1
8.81898 1
8.82253 1
8.82608 1
8.82963 1
8.83319 1
8.83674 1
8.8403 1
8.84386 1
8.84743 1
8.85099 1
8.85456 1
8.85813 1
8.86171 1
8.86528 1
8.86886 1
8.87244 1
8.87603 1
8.87961 1
8.8832 1
8.88679 1
8.89038 1
8.89398 1
8.89757 1
8.90117 1
8.90478 1
8.90838 1
8.91199 1
8.9156 1
8.91921 1
8.92282 1
8.92644 1
8.93006 1
8.93368 1
8.93731 1
8.94093 1
8.94456 1
8.94819 1
8.95183 1
8.95546 1
8.9591 1
8.96274 1
8.96638 1
8.97003 1
8.97368 1
8.97733 1
8.98098 1
8.98464 1
8.9883 1
8.99196 1
8.99562 1
8.99928 1
9.00295 1
9.00662 1
9.01029 1
9.01397 1
9.01765 1
9.02133 1
9.02501 1
9.02869 1
9.03238 1
9.03607 1
9.03976 1
9.04346 1
9.04716 1
9.05086 1
9.05456 1
9.05826 1
9.06197 1
9.06568 1
9.06939 1
9.07311 1
9.07682 1
9.08054 1
9.08426 1
9.08799 1
9.09171 1
9.09544 1
9.09918 1
9.10291 1
9.10665 1
9.11039 1
9.11413 1
9.11787 1
9.12162 1
9.12537 1
9.12912 1
9.13288 1
9.13663 1
9.14039 1
9.14415 1
9.14792 1
9.15168 1
9.15545 1
9.15923 1
9.163 1
9.16678 1
9.17056 1
9.17434 1
9.17812 1
9.18191 1
9.1857 1
9.18949 1
9.19329 1
9.19708 1
9.20088 1
9.20469 1
9.20849 1
9.2123 1
9.21611 1
9.21992 1
9.22373 1
9.22755 1
9.23137 1
9.23519 1
9.23902 1
9.24285 1
9.24668 1
9.25051 1
9.25435 1
9.25818 1
9.26202 1
9.26587 1
9.26971 1
9.27356 1
9.27741 1
9.28126 1
9.28512 1
9.28898 1
9.29284 1
9.2967 1
9.30057 1
9.30444 1
9.30831 1
9.31218 1
9.31606 1
9.31994 1
9.32382 1
9.3277 1
9.33159 1
9.33548 1
9.33937 1
9.34327 1
9.34716 1
9.35106 1
9.35497 1
9.35887 1
9.36278 1
9.36669 1
9.3706 1
9.37452 1
9.37844 1
9.38236 1
9.38628 1
9.39021 1
9.39413 1
9.39806 1
9.402 1
9.40593 1
9.40987 1
9.41382 1
9.41776 1
9.42171 1
9.42566 1
9.42961 1
9.43356 1
9.43752 1
9.44148 1
9.44544 1
9.44941 1
9.45338 1
9.45735 1
9.46132 1
9.4653 1
9.46928 1
9.47326 1
9.47724 1
9.48123 1
9.48522 1
9.48921 1
9.4932 1
9.4972 1
9.5012 1
9.5052 1
9.50921 1
9.51322 1
9.51723 1
9.52124 1
9.52525 1
9.52927 1
9.53329 1
9.53732 1
9.54135 1
9.54537 1
9.54941 1
9.55344 1
9.55748 1
9.56152 1
9.56556 1
9.56961 1
9.57366 1
9.57771 1
9.58176 1
9.58582 1
9.58987 1
9.59394 1
9.598 1
9.60207 1
9.60614 1
9.61021 1
9.61429 1
9.61836 1
9.62244 1
9.62653 1
9.63061 1
9.6347 1
9.63879 1
9.64289 1
9.64699 1
9.65109 1
9.65519 1
9.65929 1
9.6634 1
9.66751 1
9.67163 1
9.67574 1
9.67986 1
9.68398 1
9.68811 1
9.69223 1
9.69636 1
9.7005 1
9.70463 1
9.70877 1
9.71291 1
9.71706 1
9.7212 1
9.72535 1
9.7295 1
9.73366 1
9.73782 1
9.74198 1
9.74614 1
9.75031 1
9.75447 1
9.75865 1
9.76282 1
9.767 1
9.77118 1
9.77536 1
9.77955 1
9.78373 1
9.78792 1
9.79212 1
9.79631 1
9.80051 1
9.80472 1
9.80892 1
9.81313 1
9.81734 1
9.82155 1
9.82577 1
9.82999 1
9.83421 1
9.83844 1
9.84266 1
9.84689 1
9.85113 1
9.85536 1
9.8596 1
9.86384 1
9.86809 1
9.87233 1
9.87658 1
9.88084 1
9.88509 1
9.88935 1
9.89361 1
9.89788 1
9.90214 1
9.90641 1
9.91069 1
9.91496 1
9.91924 1
9.92352 1
9.92781 1
9.93209 1
9.93638 1
9.94068 1
9.94497 1
9.94927 1
9.95357 1
9.95788 1
9.96218 1
9.96649 1
9.97081 1
9.97512 1
9.97944 1
9.98376 1
9.98809 1
9.99242 1
9.99675 1
10.0011 1
10.0054 1
10.0098 1
10.0141 1
10.0184 1
10.0228 1
10.0271 1
10.0315 1
10.0358 1
10.0402 1
10.0446 1
10.0489 1
10.0533 1
10.0577 1
10.062 1
10.0664 1
10.0708 1
10.0752 1
10.0796 1
10.084 1
10.0884 1
10.0927 1
10.0971 1
10.1015 1
10.1059 1
10.1104 1
10.1148 1
10.1192 1
10.1236 1
10.128 1
10.1324 1
10.1368 1
10.1413 1
10.1457 1
10.1501 1
10.1546 1
10.159 1
10.1635 1
10.1679 1
10.1723 1
10.1768 1
10.1812 1
10.1857 1
10.1902 1
10.1946 1
10.1991 1
10.2036 1
10.208 1
10.2125 1
10.217 1
10.2215 1
10.2259 1
10.2304 1
10.2349 1
10.2394 1
10.2439 1
10.2484 1
10.2529 1
10.2574 1
10.2619 1
10.2664 1
10.2709 1
10.2755 1
10.28 1
10.2845 1
10.289 1
10.2935 1
10.2981 1
10.3026 1
10.3072 1
10.3117 1
10.3162 1
10.3208 1
10.3253 1
10.3299 1
10.3344 1
10.339 1
10.3436 1
10.3481 1
10.3527 1
10.3573 1
10.3618 1
10.3664 1
10.371 1
10.3756 1
10.3802 1
10.3847 1
10.3893 1
10.3939 1
10.3985 1
10.4031 1
10.4077 1
10.4123 1
10.417 1
10.4216 1
10.4262 1
10.4308 1
10.4354 1
10.4401 1
10.4447 1
10.4493 1
10.4539 1
10.4586 1
10.4632 1
10.4679 1
10.4725 1
10.4772 1
10.4818 1
10.4865 1
10.4911 1
10.4958 1
10.5005 1
10.5051 1
10.5098 1
10.5145 1
10.5192 1
10.5238 1
10.5285 1
10.5332 1
10.5379 1
10.5426 1
10.5473 1
10.552 1
10.5567 1
10.5614 1
10.5661 1
10.5708 1
10.5756 1
10.5803 1
10.585 1
10.5897 1
10.5944 1
10.5992 1
10.6039 1
10.6087 1
10.6134 1
10.6181 1
10.6229 1
10.6276 1
10.6324 1
10.6371 1
10.6419 1
10.6467 1
10.6514 1
10.6562 1
10.661 1
10.6658 1
10.6705 1
10.6753 1
10.6801 1
10.6849 1
10.6897 1
10.6945 1
10.6993 1
10.7041 1
10.7089 1
10.7137 1
10.7185 1
10.7233 1
10.7281 1
10.733 1
10.7378 1
10.7426 1
10.7474 1
10.7523 1
10.7571 1
10.762 1
10.7668 1
10.7716 1
10.7765 1
10.7813 1
10.7862 1
10.7911 1
10.7959 1
10.8008 1
10.8057 1
10.8105 1
10.8154 1
10.8203 1
10.8252 1
10.8301 1
10.8349 1
10.8398 1
10.8447 1
10.8496 1
10.8545 1
10.8594 1
10.8643 1
10.8693 1
10.8742 1
10.8791 1
10.884 1
10.8889 1
10.8939 1
10.8988 1
10.9037 1
10.9087 1
10.9136 1
10.9186 1
10.9235 1
10.9285 1
10.9334 1
10.9384 1
10.9433 1
10.9483 1
10.9533 1
10.9582 1
10.9632 1
10.9682 1
10.9732 1
10.9782 1
10.9831 1
10.9881 1
10.9931 1
10.9981 1
11.0031 1
11.0081 1
11.0131 1
11.0182 1
11.0232 1
11.0282 1
11.0332 1
11.0382 1
11.0433 1
11.0483 1
11.0533 1
11.0584 1
11.0634 1
11.0684 1
11.0735 1
11.0785 1
11.0836 1
11.0887 1
11.0937 1
11.0988 1
11.1039 1
11.1089 1
11.114 1
11.1191 1
11.1242 1
11.1292 1
11.1343 1
11.1394 1
11.1445 1
11.1496 1
11.1547 1
11.1598 1
11.1649 1
11.1701 1
11.1752 1
11.1803 1
11.1854 1
11.1905 1
11.1957 1
11.2008 1
11.2059 1
11.2111 1
11.2162 1
11.2214 1
11.2265 1
11.2317 1
11.2368 1
11.242 1
11.2471 1
11.2523 1
11.2575 1
11.2627 1
11.2678 1
11.273 1
11.2782 1
11.2834 1
11.2886 1
11.2938 1
11.299 1
11.3042 1
11.3094 1
11.3146 1
11.3198 1
11.325 1
11.3302 1
11.3355 1
11.3407 1
11.3459 1
11.3511 1
11.3564 1
11.3616 1
11.3669 1
11.3721 1
11.3774 1
11.3826 1
11.3879 1
11.3931 1
11.3984 1
11.4037 1
11.4089 1
11.4142 1
11.4195 1
11.4248 1
11.4301 1
11.4354 1
11.4406 1
11.4459 1
11.4512 1
11.4565 1
11.4619 1
11.4672 1
11.4725 1
11.4778 1
11.4831 1
11.4884 1
11.4938 1
11.4991 1
11.5044 1
11.5098 1
11.5151 1
11.5205 1
11.5258 1
11.5312 1
11.5365 1
11.5419 1
11.5472 1
11.5526 1
11.558 1
11.5634 1
11.5687 1
11.5741 1
11.5795 1
11.5849 1
11.5903 1
11.5957 1
11.6011 1
11.6065 1
11.6119 1
11.6173 1
11.6227 1
11.6281 1
11.6336 1
11.639 1
11.6444 1
11.6498 1
11.6553 1
11.6607 1
11.6662 1
11.6716 1
11.6771 1
11.6825 1
11.688 1
11.6934 1
11.6989 1
11.7044 1
11.7098 1
11.7153 1
11.7208 1
11.7263 1
11.7318 1
11.7373 1
11.7427 1
11.7482 1
11.7537 1
11.7593 1
11.7648 1
11.7703 1
11.7758 1
11.7813 1
11.7868 1
11.7924 1
11.7979 1
11.8034 1
11.809 1
11.8145 1
11.8201 1
11.8256 1
11.8312 1
11.8367 1
11.8423 1
11.8478 1
11.8534 1
11.859 1
11.8646 1
11.8701 1
11.8757 1
11.8813 1
11.8869 1
11.8925 1
11.8981 1
11.9037 1
11.9093 1
11.9149 1
11.9205 1
11.9261 1
11.9317 1
11.9374 1
11.943 1
11.9486 1
11.9543 1
11.9599 1
11.9655 1
11.9712 1
11.9768 1
11.9825 1
11.9882 1
11.9938 1
11.9995 1
12.0052 1
12.0108 1
12.0165 1
12.0222 1
12.0279 1
12.0336 1
12.0392 1
12.0449 1
12.0506 1
12.0563 1
12.0621 1
12.0678 1
12.0735 1
12.0792 1
12.0849 1
12.0906 1
12.0964 1
12.1021 1
12.1078 1
12.1136 1
12.1193 1
12.1251 1
12.1308 1
12.1366 1
12.1424 1
12.1481 1
12.1539 1
12.1597 1
12.1654 1
12.1712 1
12.177 1
12.1828 1
12.1886 1
12.1944 1
12.2002 1
12.206 1
12.2118 1
12.2176 1
12.2234 1
12.2292 1
12.235 1
12.2409 1
12.2467 1
12.2525 1
12.2584 1
12.2642 1
12.2701 1
12.2759 1
12.2818 1
12.2876 1
12.2935 1
12.2993 1
12.3052 1
12.3111 1
12.317 1
12.3228 1
12.3287 1
12.3346 1
12.3405 1
12.3464 1
12.3523 1
12.3582 1
12.3641 1
12.37 1
12.376 1
12.3819 1
12.3878 1
12.3937 1
12.3997 1
12.4056 1
12.4115 1
12.4175 1
12.4234 1
12.4294 1
12.4353 1
12.4413 1
12.4473 1
12.4532 1
12.4592 1
12.4652 1
12.4712 1
12.4771 1
12.4831 1
12.4891 1
12.4951 1
12.5011 1
12.5071 1
12.5131 1
12.5191 1
12.5252 1
12.5312 1
12.5372 1
12.5432 1
12.5493 1
12.5553 1
12.5613 1
12.5674 1
12.5734 1
12.5795 1
12.5855 1
12.5916 1
12.5977 1
12.6037 1
12.6098 1
12.6159 1
12.622 1
12.628 1
12.6341 1
12.6402 1
12.6463 1
12.6524 1
12.6585 1
12.6646 1
12.6707 1
12.6769 1
12.683 1
12.6891 1
12.6952 1
12.7014 1
12.7075 1
12.7136 1
12.7198 1
12.7259 1
12.7321 1
12.7383 1
12.7444 1
12.7506 1
12.7567 1
12.7629 1
12.7691 1
12.7753 1
12.7815 1
12.7877 1
12.7939 1
12.8001 1
12.8063 1
12.8125 1
12.8187 1
12.8249 1
12.8311 1
12.8373 1
12.8436 1
12.8498 1
12.856 1
12.8623 1
12.8685 1
12.8748 1
12.881 1
12.8873 1
12.8935 1
12.8998 1
12.9061 1
12.9123 1
12.9186 1
12.9249 1
12.9312 1
12.9375 1
12.9438 1
12.9501 1
12.9564 1
12.9627 1
12.969 1
12.9753 1
12.9816 1
12.988 1
12.9943 1
13.0006 1
13.007 1
13.0133 1
13.0196 1
13.026 1
13.0323 1
13.0387 1
13.0451 1
13.0514 1
13.0578 1
13.0642 1
13.0706 1
13.0769 1
13.0833 1
13.0897 1
13.0961 1
13.1025 1
13.1089 1
13.1153 1
13.1218 1
13.1282 1
13.1346 1
13.141 1
13.1474 1
13.1539 1
13.1603 1
13.1668 1
13.1732 1
13.1797 1
13.1861 1
13.1926 1
13.199 1
13.2055 1
13.212 1
13.2185 1
13.2249 1
13.2314 1
13.2379 1
13.2444 1
13.2509 1
13.2574 1
13.2639 1
13.2704 1
13.277 1
13.2835 1
13.29 1
13.2965 1
13.3031 1
13.3096 1
13.3162 1
13.3227 1
13.3293 1
13.3358 1
13.3424 1
13.3489 1
13.3555 1
13.3621 1
13.3687 1
13.3752 1
13.3818 1
13.3884 1
13.395 1
13.4016 1
13.4082 1
13.4148 1
13.4214 1
13.4281 1
13.4347 1
13.4413 1
13.4479 1
13.4546 1
13.4612 1
13.4679 1
13.4745 1
13.4812 1
13.4878 1
13.4945 1
13.5011 1
13.5078 1
13.5145 1
13.5212 1
13.5279 1
13.5345 1
13.5412 1
13.5479 1
13.5546 1
13.5613 1
13.5681 1
13.5748 1
13.5815 1
13.5882 1
13.5949 1
13.6017 1
13.6084 1
13.6152 1
13.6219 1
13.6287 1
13.6354 1
13.6422 1
13.6489 1
13.6557 1
13.6625 1
13.6693 1
13.676 1
13.6828 1
13.6896 1
13.6964 1
13.7032 1
13.71 1
13.7168 1
13.7237 1
13.7305 1
13.7373 1
13.7441 1
13.751 1
13.7578 1
13.7646 1
13.7715 1
13.7783 1
13.7852 1
13.792 1
13.7989 1
13.8058 1
13.8127 1
13.8195 1
13.8264 1
13.8333 1
13.8402 1
13.8471 1
13.854 1
13.8609 1
13.8678 1
13.8747 1
13.8817 1
13.8886 1
13.8955 1
13.9024 1
13.9094 1
13.9163 1
13.9233 1
13.9302 1
13.9372 1
13.9441 1
13.9511 1
13.9581 1
13.9651 1
13.972 1
13.979 1
13.986 1
13.993 1
14 1
