Boron vs Depth
3243 2 2
Depth
Boron
0 2e+020
0.00700127 1.99456e+020
0.0139941 1.98912e+020
0.0209786 1.98367e+020
0.0279547 1.97821e+020
0.0349224 1.97274e+020
0.0418818 1.96727e+020
0.0488327 1.96178e+020
0.0557754 1.95629e+020
0.0627097 1.95079e+020
0.0696357 1.94528e+020
0.0765534 1.93977e+020
0.0834628 1.93424e+020
0.0903638 1.92871e+020
0.0972566 1.92317e+020
0.104141 1.91762e+020
0.111017 1.91207e+020
0.117885 1.90651e+020
0.124745 1.90094e+020
0.131597 1.89536e+020
0.13844 1.88977e+020
0.145275 1.88418e+020
0.152102 1.87858e+020
0.158921 1.87297e+020
0.165731 1.86735e+020
0.172533 1.86173e+020
0.179328 1.8561e+020
0.186114 1.85046e+020
0.192891 1.84481e+020
0.199661 1.83916e+020
0.206423 1.8335e+020
0.213176 1.82783e+020
0.219922 1.82216e+020
0.226659 1.81647e+020
0.233388 1.81078e+020
0.240109 1.80509e+020
0.246822 1.79938e+020
0.253527 1.79367e+020
0.260224 1.78795e+020
0.266913 1.78222e+020
0.273594 1.77649e+020
0.280267 1.77075e+020
0.286931 1.765e+020
0.293588 1.75925e+020
0.300237 1.75349e+020
0.306878 1.74772e+020
0.313511 1.74194e+020
0.320136 1.73616e+020
0.326753 1.73037e+020
0.333362 1.72457e+020
0.339963 1.71877e+020
0.346556 1.71296e+020
0.353141 1.70714e+020
0.359718 1.70132e+020
0.366288 1.69549e+020
0.372849 1.68965e+020
0.379403 1.68381e+020
0.385949 1.67796e+020
0.392487 1.6721e+020
0.399017 1.66624e+020
0.405539 1.66037e+020
0.412054 1.65449e+020
0.41856 1.64861e+020
0.425059 1.64272e+020
0.43155 1.63682e+020
0.438033 1.63092e+020
0.444509 1.62501e+020
0.450976 1.6191e+020
0.457436 1.61317e+020
0.463889 1.60725e+020
0.470333 1.60131e+020
0.47677 1.59537e+020
0.483198 1.58942e+020
0.48962 1.58347e+020
0.496033 1.57751e+020
0.502439 1.57154e+020
0.508837 1.56557e+020
0.515228 1.55959e+020
0.52161 1.55361e+020
0.527985 1.54762e+020
0.534353 1.54162e+020
0.540713 1.53562e+020
0.547065 1.52961e+020
0.553409 1.5236e+020
0.559746 1.51758e+020
0.566076 1.51155e+020
0.572397 1.50552e+020
0.578711 1.49948e+020
0.585018 1.49344e+020
0.591317 1.48739e+020
0.597608 1.48134e+020
0.603892 1.47527e+020
0.610169 1.46921e+020
0.616437 1.46314e+020
0.622699 1.45706e+020
0.628952 1.45097e+020
0.635199 1.44488e+020
0.641437 1.43879e+020
0.647669 1.43269e+020
0.653892 1.42658e+020
0.660109 1.42047e+020
0.666318 1.41435e+020
0.672519 1.40823e+020
0.678713 1.4021e+020
0.684899 1.39597e+020
0.691078 1.38983e+020
0.69725 1.38369e+020
0.703414 1.37754e+020
0.709571 1.37138e+020
0.715721 1.36522e+020
0.721863 1.35906e+020
0.727997 1.35289e+020
0.734125 1.34671e+020
0.740245 1.34053e+020
0.746357 1.33434e+020
0.752463 1.32815e+020
0.758561 1.32195e+020
0.764651 1.31575e+020
0.770735 1.30955e+020
0.776811 1.30334e+020
0.782879 1.29712e+020
0.788941 1.2909e+020
0.794995 1.28467e+020
0.801042 1.27844e+020
0.807082 1.2722e+020
0.813114 1.26596e+020
0.819139 1.25972e+020
0.825157 1.25347e+020
0.831168 1.24721e+020
0.837171 1.24095e+020
0.843168 1.23468e+020
0.849157 1.22841e+020
0.855139 1.22214e+020
0.861113 1.21586e+020
0.867081 1.20958e+020
0.873041 1.20329e+020
0.878994 1.19699e+020
0.884941 1.1907e+020
0.890879 1.1844e+020
0.896811 1.17809e+020
0.902736 1.17178e+020
0.908654 1.16546e+020
0.914564 1.15914e+020
0.920467 1.15282e+020
0.926364 1.14649e+020
0.932253 1.14015e+020
0.938135 1.13382e+020
0.94401 1.12748e+020
0.949878 1.12113e+020
0.955739 1.11478e+020
0.961593 1.10842e+020
0.96744 1.10207e+020
0.97328 1.0957e+020
0.979113 1.08934e+020
0.984939 1.08296e+020
0.990758 1.07659e+020
0.996569 1.07021e+020
1.00237 1.06382e+020
1.00817 1.05744e+020
1.01396 1.05105e+020
1.01975 1.04465e+020
1.02552 1.03825e+020
1.03129 1.03185e+020
1.03706 1.02544e+020
1.04281 1.01903e+020
1.04856 1.01261e+020
1.05431 1.00619e+020
1.06004 9.99771e+019
1.06577 9.93344e+019
1.07149 9.86913e+019
1.07721 9.80479e+019
1.08292 9.74041e+019
1.08862 9.676e+019
1.09431 9.61154e+019
1.1 9.54706e+019
1.10568 9.48253e+019
1.11135 9.41797e+019
1.11702 9.35337e+019
1.12268 9.28874e+019
1.12833 9.22407e+019
1.13398 9.15937e+019
1.13962 9.09464e+019
1.14525 9.02986e+019
1.15088 8.96506e+019
1.1565 8.90022e+019
1.16211 8.83535e+019
1.16772 8.77044e+019
1.17332 8.7055e+019
1.17891 8.64053e+019
1.1845 8.57553e+019
1.19008 8.51049e+019
1.19565 8.44542e+019
1.20122 8.38032e+019
1.20678 8.31519e+019
1.21233 8.25002e+019
1.21787 8.18483e+019
1.22341 8.1196e+019
1.22895 8.05435e+019
1.23447 7.98906e+019
1.23999 7.92374e+019
1.2455 7.8584e+019
1.25101 7.79302e+019
1.25651 7.72762e+019
1.262 7.66219e+019
1.26749 7.59672e+019
1.27297 7.53123e+019
1.27844 7.46571e+019
1.28391 7.40017e+019
1.28937 7.33459e+019
1.29482 7.26899e+019
1.30027 7.20337e+019
1.30571 7.13771e+019
1.31114 7.07203e+019
1.31657 7.00632e+019
1.32199 6.94059e+019
1.3274 6.87483e+019
1.33281 6.80905e+019
1.33821 6.74324e+019
1.34361 6.6774e+019
1.349 6.61155e+019
1.35438 6.54567e+019
1.35975 6.47976e+019
1.36512 6.41383e+019
1.37049 6.34788e+019
1.37584 6.28191e+019
1.38119 6.21591e+019
1.38653 6.14989e+019
1.39187 6.08385e+019
1.3972 6.01779e+019
1.40253 5.95171e+019
1.40784 5.88561e+019
1.41315 5.81949e+019
1.41846 5.75335e+019
1.42376 5.68719e+019
1.42905 5.62101e+019
1.43434 5.55482e+019
1.43961 5.48861e+019
1.44489 5.42239e+019
1.45015 5.35614e+019
1.45542 5.28989e+019
1.46067 5.22362e+019
1.46592 5.15734e+019
1.47116 5.09105e+019
1.47639 5.02474e+019
1.48162 4.95843e+019
1.48685 4.89211e+019
1.49206 4.82578e+019
1.49727 4.75945e+019
1.50248 4.69311e+019
1.50767 4.62677e+019
1.51286 4.56043e+019
1.51805 4.49409e+019
1.52323 4.42776e+019
1.5284 4.36143e+019
1.53357 4.2951e+019
1.53873 4.22879e+019
1.54388 4.16249e+019
1.54903 4.0962e+019
1.55417 4.02993e+019
1.55931 3.96368e+019
1.56444 3.89745e+019
1.56956 3.83125e+019
1.57468 3.76508e+019
1.57979 3.69894e+019
1.58489 3.63283e+019
1.58999 3.56677e+019
1.59508 3.50075e+019
1.60017 3.43478e+019
1.60525 3.36886e+019
1.61033 3.30301e+019
1.61539 3.23721e+019
1.62046 3.17149e+019
1.62551 3.10584e+019
1.63056 3.04027e+019
1.63561 2.97479e+019
1.64064 2.90941e+019
1.64567 2.84413e+019
1.6507 2.77896e+019
1.65572 2.71392e+019
1.66073 2.64901e+019
1.66574 2.58425e+019
1.67074 2.51964e+019
1.67574 2.4552e+019
1.68073 2.39094e+019
1.68571 2.32689e+019
1.69069 2.26306e+019
1.69566 2.19946e+019
1.70063 2.13612e+019
1.70559 2.07306e+019
1.71054 2.01031e+019
1.71549 1.94789e+019
1.72043 1.88584e+019
1.72537 1.82418e+019
1.7303 1.76295e+019
1.73522 1.70218e+019
1.74014 1.64192e+019
1.74505 1.58221e+019
1.74996 1.52309e+019
1.75486 1.46462e+019
1.75975 1.40683e+019
1.76464 1.34978e+019
1.76952 1.29354e+019
1.7744 1.23815e+019
1.77927 1.18367e+019
1.78414 1.13017e+019
1.789 1.0777e+019
1.79385 1.02632e+019
1.7987 9.76093e+018
1.80354 9.27077e+018
1.80838 8.79328e+018
1.81321 8.32899e+018
1.81803 7.87841e+018
1.82285 7.44199e+018
1.82766 7.02014e+018
1.83247 6.61322e+018
1.83727 6.22153e+018
1.84207 5.84529e+018
1.84686 5.48465e+018
1.85164 5.13972e+018
1.85642 4.8105e+018
1.86119 4.49695e+018
1.86596 4.19893e+018
1.87072 3.91625e+018
1.87548 3.64866e+018
1.88023 3.39584e+018
1.88497 3.15743e+018
1.88971 2.933e+018
1.89444 2.72212e+018
1.89917 2.52429e+018
1.90389 2.33899e+018
1.90861 2.1657e+018
1.91332 2.00386e+018
1.91802 1.85293e+018
1.92272 1.71235e+018
1.92741 1.58156e+018
1.9321 1.46002e+018
1.93678 1.34718e+018
1.94146 1.24253e+018
1.94613 1.14555e+018
1.95079 1.05577e+018
1.95545 9.72696e+017
1.96011 8.95895e+017
1.96476 8.24935e+017
1.9694 7.59409e+017
1.97404 6.98934e+017
1.97867 6.43148e+017
1.98329 5.9171e+017
1.98791 5.44299e+017
1.99253 5.00617e+017
1.99714 4.60384e+017
2.00174 4.23337e+017
2.00634 3.89234e+017
2.01093 3.57849e+017
2.01552 3.2897e+017
2.0201 3.02403e+017
2.02468 2.77967e+017
2.02925 2.55495e+017
2.03381 2.3483e+017
2.03837 2.15831e+017
2.04293 1.98364e+017
2.04748 1.82307e+017
2.05202 1.67549e+017
2.05656 1.53984e+017
2.06109 1.41516e+017
2.06562 1.30059e+017
2.07014 1.19529e+017
2.07465 1.09853e+017
2.07917 1.00961e+017
2.08367 9.27902e+016
2.08817 8.52819e+016
2.09267 7.83825e+016
2.09715 7.20427e+016
2.10164 6.6217e+016
2.10612 6.08639e+016
2.11059 5.59448e+016
2.11506 5.14246e+016
2.11952 4.72709e+016
2.12398 4.34539e+016
2.12843 3.99462e+016
2.13287 3.67228e+016
2.13731 3.37606e+016
2.14175 3.10382e+016
2.14618 2.85363e+016
2.15061 2.62369e+016
2.15502 2.41236e+016
2.15944 2.21812e+016
2.16385 2.0396e+016
2.16825 1.8755e+016
2.17265 1.72467e+016
2.17704 1.58603e+016
2.18143 1.45859e+016
2.18581 1.34143e+016
2.19019 1.23373e+016
2.19456 1.13472e+016
2.19893 1.04369e+016
2.20329 9.60008e+015
2.20765 8.83064e+015
2.212 8.1232e+015
2.21634 7.47271e+015
2.22068 6.87459e+015
2.22502 6.32459e+015
2.22935 5.81882e+015
2.23368 5.35372e+015
2.238 4.92599e+015
2.24231 4.53262e+015
2.24662 4.17083e+015
2.25092 3.83808e+015
2.25522 3.53202e+015
2.25952 3.25051e+015
2.26381 2.99156e+015
2.26809 2.75335e+015
2.27237 2.53422e+015
2.27664 2.33263e+015
2.28091 2.14717e+015
2.28517 1.97654e+015
2.28943 1.81955e+015
2.29368 1.67511e+015
2.29793 1.54219e+015
2.30217 1.41989e+015
2.30641 1.30735e+015
2.31064 1.20378e+015
2.31487 1.10847e+015
2.31909 1.02075e+015
2.32331 9.4001e+014
2.32752 8.657e+014
2.33173 7.97302e+014
2.33593 7.34343e+014
2.34013 6.76387e+014
2.34432 6.23034e+014
2.34851 5.73917e+014
2.35269 5.28698e+014
2.35687 4.87065e+014
2.36104 4.48732e+014
2.36521 4.13436e+014
2.36937 3.80935e+014
2.37353 3.51006e+014
2.37768 3.23444e+014
2.38182 2.98062e+014
2.38597 2.74685e+014
2.3901 2.53154e+014
2.39424 2.33323e+014
2.39836 2.15056e+014
2.40249 1.98229e+014
2.4066 1.82729e+014
2.41071 1.68449e+014
2.41482 1.55292e+014
2.41892 1.43171e+014
2.42302 1.32003e+014
2.42711 1.21712e+014
2.4312 1.1223e+014
2.43528 1.03492e+014
2.43936 9.54387e+013
2.44344 8.80171e+013
2.4475 8.1177e+013
2.45157 7.48725e+013
2.45562 6.90613e+013
2.45968 6.37045e+013
2.46373 5.87665e+013
2.46777 5.42142e+013
2.47181 5.00172e+013
2.47584 4.61477e+013
2.47987 4.25799e+013
2.4839 3.92901e+013
2.48792 3.62564e+013
2.49193 3.34589e+013
2.49594 3.0879e+013
2.49995 2.84996e+013
2.50395 2.6305e+013
2.50794 2.42807e+013
2.51193 2.24135e+013
2.51592 2.06911e+013
2.5199 1.91021e+013
2.52387 1.76362e+013
2.52785 1.62837e+013
2.53181 1.50357e+013
2.53577 1.38843e+013
2.53973 1.28217e+013
2.54368 1.18411e+013
2.54763 1.09362e+013
2.55157 1.0101e+013
2.55551 9.33016e+012
2.55945 8.61864e+012
2.56338 7.96184e+012
2.5673 7.35553e+012
2.57122 6.7958e+012
2.57513 6.27903e+012
2.57904 5.8019e+012
2.58295 5.36135e+012
2.58685 4.95454e+012
2.59075 4.57888e+012
2.59464 4.23195e+012
2.59852 3.91155e+012
2.6024 3.61562e+012
2.60628 3.34228e+012
2.61015 3.0898e+012
2.61402 2.85656e+012
2.61789 2.64108e+012
2.62174 2.44201e+012
2.6256 2.25809e+012
2.62945 2.08814e+012
2.63329 1.9311e+012
2.63713 1.78599e+012
2.64097 1.65188e+012
2.6448 1.52793e+012
2.64862 1.41337e+012
2.65245 1.30748e+012
2.65626 1.2096e+012
2.66008 1.11912e+012
2.66388 1.03547e+012
2.66769 9.58135e+011
2.67149 8.86629e+011
2.67528 8.20511e+011
2.67907 7.59372e+011
2.68286 7.02833e+011
2.68664 6.50544e+011
2.69041 6.02183e+011
2.69418 5.57453e+011
2.69795 5.16078e+011
2.70171 4.77804e+011
2.70547 4.42397e+011
2.70922 4.0964e+011
2.71297 3.79333e+011
2.71672 3.5129e+011
2.72046 3.25341e+011
2.72419 3.01328e+011
2.72792 2.79106e+011
2.73165 2.58539e+011
2.73537 2.39503e+011
2.73909 2.21883e+011
2.7428 2.05572e+011
2.74651 1.90473e+011
2.75022 1.76494e+011
2.75392 1.63552e+011
2.75761 1.51568e+011
2.7613 1.40472e+011
2.76499 1.30197e+011
2.76867 1.20681e+011
2.77235 1.11867e+011
2.77602 1.03705e+011
2.77969 9.61439e+010
2.78336 8.91401e+010
2.78701 8.26519e+010
2.79067 7.66411e+010
2.79432 7.1072e+010
2.79797 6.59119e+010
2.80161 6.11305e+010
2.80525 5.66997e+010
2.80888 5.25935e+010
2.81251 4.87879e+010
2.81614 4.52606e+010
2.81976 4.19911e+010
2.82337 3.89604e+010
2.82699 3.61508e+010
2.83059 3.35461e+010
2.8342 3.11311e+010
2.8378 2.88919e+010
2.84139 2.68155e+010
2.84498 2.489e+010
2.84857 2.31043e+010
2.85215 2.14482e+010
2.85573 1.9912e+010
2.8593 1.84872e+010
2.86287 1.71654e+010
2.86643 1.59392e+010
2.86999 1.48016e+010
2.87355 1.37461e+010
2.8771 1.27668e+010
2.88065 1.1858e+010
2.88419 1.10146e+010
2.88773 1.02319e+010
2.89126 9.50545e+009
2.89479 8.83117e+009
2.89832 8.20528e+009
2.90184 7.62426e+009
2.90536 7.08486e+009
2.90887 6.58407e+009
2.91238 6.11909e+009
2.91589 5.68733e+009
2.91939 5.28639e+009
2.92289 4.91404e+009
2.92638 4.56824e+009
2.92987 4.24705e+009
2.93335 3.94871e+009
2.93683 3.67158e+009
2.94031 3.41413e+009
2.94378 3.17495e+009
2.94725 2.95272e+009
2.95071 2.74624e+009
2.95417 2.55436e+009
2.95762 2.37606e+009
2.96107 2.21035e+009
2.96452 2.05634e+009
2.96796 1.91318e+009
2.9714 1.78012e+009
2.97483 1.65642e+009
2.97827 1.54142e+009
2.98169 1.43451e+009
2.98511 1.3351e+009
2.98853 1.24266e+009
2.99194 1.15671e+009
2.99535 1.07677e+009
2.99876 1.00242e+009
3.00216 9.33275e+008
3.00556 8.68956e+008
3.00895 8.09125e+008
3.01234 7.53464e+008
3.01573 7.01681e+008
3.01911 6.53501e+008
3.02248 6.08671e+008
3.02586 5.66955e+008
3.02923 5.28134e+008
3.03259 4.92004e+008
3.03595 4.58378e+008
3.03931 4.27079e+008
3.04266 3.97945e+008
3.04601 3.70823e+008
3.04935 3.45573e+008
3.05269 3.22065e+008
3.05603 3.00176e+008
3.05936 2.79794e+008
3.06269 2.60814e+008
3.06602 2.43138e+008
3.06934 2.26676e+008
3.07265 2.11343e+008
3.07597 1.9706e+008
3.07928 1.83755e+008
3.08258 1.7136e+008
3.08588 1.59812e+008
3.08918 1.49053e+008
3.09247 1.39027e+008
3.09576 1.29685e+008
3.09904 1.20979e+008
3.10233 1.12865e+008
3.1056 1.05302e+008
3.10888 9.82529e+007
3.11214 9.16819e+007
3.11541 8.55562e+007
3.11867 7.98453e+007
3.12193 7.45207e+007
3.12518 6.95559e+007
3.12843 6.49263e+007
3.13168 6.0609e+007
3.13492 5.65827e+007
3.13816 5.28274e+007
3.14139 4.93248e+007
3.14462 4.60575e+007
3.14785 4.30096e+007
3.15107 4.01662e+007
3.15429 3.75133e+007
3.1575 3.5038e+007
3.16071 3.27283e+007
3.16392 3.05729e+007
3.16712 2.85614e+007
3.17032 2.66841e+007
3.17352 2.49319e+007
3.17671 2.32964e+007
3.1799 2.17696e+007
3.18308 2.03443e+007
3.18626 1.90136e+007
3.18944 1.77711e+007
3.19261 1.6611e+007
3.19578 1.55276e+007
3.19895 1.45159e+007
3.20211 1.35711e+007
3.20526 1.26886e+007
3.20842 1.18643e+007
3.21157 1.10943e+007
3.21471 1.0375e+007
3.21785 9.70302e+006
3.22099 9.07516e+006
3.22413 8.4885e+006
3.22726 7.94031e+006
3.23039 7.42802e+006
3.23351 6.94926e+006
3.23663 6.5018e+006
3.23974 6.08357e+006
3.24286 5.69263e+006
3.24596 5.32717e+006
3.24907 4.98551e+006
3.25217 4.66608e+006
3.25527 4.36742e+006
3.25836 4.08815e+006
3.26145 3.82699e+006
3.26454 3.58276e+006
3.26762 3.35435e+006
3.2707 3.14071e+006
3.27377 2.94088e+006
3.27684 2.75395e+006
3.27991 2.57907e+006
3.28298 2.41547e+006
3.28604 2.26239e+006
3.28909 2.11916e+006
3.29214 1.98513e+006
3.29519 1.85971e+006
3.29824 1.74232e+006
3.30128 1.63246e+006
3.30432 1.52963e+006
3.30735 1.43337e+006
3.31039 1.34326e+006
3.31341 1.2589e+006
3.31644 1.17992e+006
3.31946 1.10596e+006
3.32247 1.03672e+006
3.32549 971869
3.32849 911140
3.3315 854263
3.3345 800991
3.3375 751091
3.3405 704347
3.34349 660557
3.34647 619531
3.34946 581092
3.35244 545075
3.35541 511324
3.35839 479695
3.36136 450053
3.36432 422271
3.36729 396230
3.37025 371820
3.3732 348938
3.37615 327485
3.3791 307372
3.38205 288514
3.38499 270830
3.38792 254248
3.39086 238696
3.39379 224111
3.39672 210431
3.39964 197599
3.40256 185563
3.40548 174270
3.40839 163676
3.4113 153737
3.41421 144410
3.41711 135658
3.42001 127445
3.4229 119738
3.4258 112503
3.42868 105713
3.43157 99339.8
3.43445 93356.6
3.43733 87739.5
3.44021 82465.9
3.44308 77514.4
3.44594 72865
3.44881 68499
3.45167 64398.9
3.45453 60548.1
3.45738 56931.4
3.46023 53534.3
3.46308 50343.1
3.46592 47345.4
3.46877 44529
3.4716 41882.9
3.47444 39396.7
3.47727 37060.5
3.48009 34865.1
3.48292 32801.9
3.48574 30862.9
3.48855 29040.3
3.49137 27327.2
3.49418 25716.8
3.49698 24202.9
3.49979 22779.6
3.50259 21441.5
3.50538 20183.2
3.50818 19000
3.51097 17887.4
3.51375 16841
3.51654 15856.9
3.51932 14931.2
3.52209 14060.5
3.52487 13241.4
3.52764 12470.9
3.5304 11745.9
3.53317 11063.9
3.53593 10422.1
3.53868 9818.15
3.54143 9249.82
3.54418 8714.96
3.54693 8211.56
3.54967 7737.73
3.55241 7291.73
3.55515 6871.87
3.55789 6476.62
3.56062 6104.49
3.56334 5754.11
3.56607 5424.2
3.56879 5113.54
3.5715 4820.98
3.57422 4545.45
3.57693 4285.95
3.57963 4041.53
3.58234 3811.29
3.58504 3594.4
3.58774 3390.07
3.59043 3197.57
3.59312 3016.19
3.59581 2845.29
3.5985 2684.24
3.60118 2532.47
3.60386 2389.44
3.60653 2254.64
3.6092 2127.58
3.61187 2007.8
3.61454 1894.9
3.6172 1788.46
3.61986 1688.11
3.62251 1593.49
3.62517 1504.28
3.62781 1420.15
3.63046 1340.82
3.6331 1266
3.63574 1195.43
3.63838 1128.87
3.64101 1066.09
3.64364 1006.86
3.64627 950.992
3.6489 898.28
3.65152 848.546
3.65413 801.619
3.65675 757.337
3.65936 715.55
3.66197 676.113
3.66457 638.893
3.66718 603.763
3.66978 570.603
3.67237 539.301
3.67496 509.75
3.67755 481.852
3.68014 455.512
3.68272 430.641
3.6853 407.157
3.68788 384.98
3.69046 364.037
3.69303 344.257
3.69559 325.575
3.69816 307.928
3.70072 291.259
3.70328 275.513
3.70584 260.636
3.70839 246.581
3.71094 233.301
3.71348 220.753
3.71603 208.895
3.71857 197.69
3.7211 187.099
3.72364 177.09
3.72617 167.629
3.7287 158.687
3.73122 150.233
3.73375 142.241
3.73626 134.686
3.73878 127.542
3.74129 120.787
3.7438 114.4
3.74631 108.36
3.74881 102.648
3.75132 97.2452
3.75381 92.1355
3.75631 87.3022
3.7588 82.7303
3.76129 78.4053
3.76378 74.3135
3.76626 70.4423
3.76874 66.7795
3.77122 63.3136
3.77369 60.0339
3.77616 56.9302
3.77863 53.9929
3.78109 51.2129
3.78356 48.5815
3.78602 46.0908
3.78847 43.733
3.79093 41.501
3.79338 39.3878
3.79582 37.387
3.79827 35.4926
3.80071 33.6988
3.80315 32.0002
3.80558 30.3915
3.80802 28.868
3.81045 27.425
3.81287 26.0582
3.8153 24.7635
3.81772 23.5371
3.82014 22.3752
3.82255 21.2745
3.82496 20.2315
3.82737 19.2433
3.82978 18.3069
3.83218 17.4195
3.83459 16.5786
3.83698 15.7816
3.83938 15.0262
3.84177 14.3102
3.84416 13.6315
3.84655 12.988
3.84893 12.3781
3.85131 11.7998
3.85369 11.2515
3.85606 10.7316
3.85844 10.2386
3.86081 9.77112
3.86317 9.32777
3.86554 8.90729
3.8679 8.50848
3.87026 8.13019
3.87261 7.77137
3.87496 7.43097
3.87731 7.10804
3.87966 6.80167
3.882 6.51098
3.88434 6.23516
3.88668 5.97343
3.88902 5.72506
3.89135 5.48936
3.89368 5.26566
3.89601 5.05334
3.89833 4.85181
3.90065 4.66051
3.90297 4.47892
3.90529 4.30652
3.9076 4.14285
3.90991 3.98745
3.91222 3.83989
3.91452 3.69978
3.91683 3.56673
3.91913 3.44038
3.92142 3.32038
3.92372 3.2064
3.92601 3.09815
3.92829 2.99532
3.93058 2.89763
3.93286 2.80484
3.93514 2.71667
3.93742 2.63291
3.93969 2.55332
3.94197 2.4777
3.94424 2.40584
3.9465 2.33754
3.94877 2.27264
3.95103 2.21095
3.95328 2.15232
3.95554 2.09659
3.95779 2.04362
3.96004 1.99326
3.96229 1.94538
3.96454 1.89986
3.96678 1.85658
3.96902 1.81543
3.97125 1.7763
3.97349 1.73909
3.97572 1.7037
3.97795 1.67004
3.98017 1.63803
3.9824 1.60758
3.98462 1.57862
3.98683 1.55106
3.98905 1.52485
3.99126 1.49992
3.99347 1.47619
3.99568 1.45362
3.99788 1.43214
4.00009 1.4117
4.00229 1.39224
4.00448 1.37373
4.00668 1.35611
4.00887 1.33934
4.01106 1.32338
4.01324 1.30819
4.01543 1.29372
4.01761 1.27995
4.01979 1.26684
4.02196 1.25436
4.02413 1.24248
4.02631 1.23116
4.02847 1.22038
4.03064 1.21012
4.0328 1.20034
4.03496 1.19104
4.03712 1.18217
4.03927 1.17372
4.04143 1.16568
4.04358 1.15801
4.04572 1.15071
4.04787 1.14376
4.05001 1.13713
4.05215 1.13081
4.05429 1.1248
4.05642 1.11906
4.05855 1.1136
4.06068 1.10839
4.06281 1.10343
4.06493 1.09869
4.06705 1.09418
4.06917 1.08989
4.07129 1.08579
4.0734 1.08188
4.07551 1.07816
4.07762 1.07461
4.07973 1.07122
4.08183 1.06799
4.08393 1.06491
4.08603 1.06197
4.08813 1.05917
4.09022 1.0565
4.09231 1.05396
4.0944 1.05153
4.09649 1.04921
4.09857 1.047
4.10065 1.04489
4.10273 1.04288
4.10481 1.04096
4.10688 1.03912
4.10895 1.03738
4.11102 1.03571
4.11309 1.03412
4.11515 1.0326
4.11721 1.03115
4.11927 1.02976
4.12133 1.02844
4.12338 1.02718
4.12543 1.02598
4.12748 1.02483
4.12953 1.02373
4.13157 1.02268
4.13361 1.02168
4.13565 1.02073
4.13769 1.01982
4.13972 1.01895
4.14175 1.01812
4.14378 1.01732
4.14581 1.01656
4.14783 1.01584
4.14986 1.01515
4.15188 1.01449
4.15389 1.01385
4.15591 1.01325
4.15792 1.01267
4.15993 1.01212
4.16194 1.0116
4.16394 1.0111
4.16594 1.01061
4.16794 1.01016
4.16994 1.00972
4.17194 1.0093
4.17393 1.0089
4.17592 1.00851
4.17791 1.00815
4.1799 1.0078
4.18188 1.00746
4.18386 1.00714
4.18584 1.00684
4.18782 1.00655
4.18979 1.00627
4.19176 1.006
4.19373 1.00574
4.1957 1.0055
4.19766 1.00526
4.19962 1.00504
4.20158 1.00483
4.20354 1.00462
4.2055 1.00443
4.20745 1.00424
4.2094 1.00406
4.21135 1.00389
4.21329 1.00373
4.21524 1.00357
4.21718 1.00342
4.21912 1.00327
4.22105 1.00314
4.22299 1.00301
4.22492 1.00288
4.22685 1.00276
4.22878 1.00264
4.2307 1.00253
4.23262 1.00243
4.23454 1.00233
4.23646 1.00223
4.23838 1.00214
4.24029 1.00205
4.2422 1.00196
4.24411 1.00188
4.24602 1.00181
4.24792 1.00173
4.24982 1.00166
4.25172 1.00159
4.25362 1.00153
4.25551 1.00146
4.25741 1.0014
4.2593 1.00135
4.26118 1.00129
4.26307 1.00124
4.26495 1.00119
4.26684 1.00114
4.26871 1.00109
4.27059 1.00105
4.27247 1.001
4.27434 1.00096
4.27621 1.00092
4.27808 1.00089
4.27994 1.00085
4.28181 1.00082
4.28367 1.00078
4.28553 1.00075
4.28738 1.00072
4.28924 1.00069
4.29109 1.00067
4.29294 1.00064
4.29479 1.00061
4.29663 1.00059
4.29848 1.00056
4.30032 1.00054
4.30216 1.00052
4.30399 1.0005
4.30583 1.00048
4.30766 1.00046
4.30949 1.00044
4.31132 1.00042
4.31314 1.00041
4.31497 1.00039
4.31679 1.00038
4.31861 1.00036
4.32042 1.00035
4.32224 1.00033
4.32405 1.00032
4.32586 1.00031
4.32767 1.0003
4.32948 1.00028
4.33128 1.00027
4.33308 1.00026
4.33488 1.00025
4.33668 1.00024
4.33847 1.00023
4.34027 1.00022
4.34206 1.00021
4.34385 1.00021
4.34563 1.0002
4.34742 1.00019
4.3492 1.00018
4.35098 1.00018
4.35276 1.00017
4.35453 1.00016
4.35631 1.00016
4.35808 1.00015
4.35985 1.00014
4.36162 1.00014
4.36338 1.00013
4.36515 1.00013
4.36691 1.00012
4.36867 1.00012
4.37042 1.00011
4.37218 1.00011
4.37393 1.00011
4.37568 1.0001
4.37743 1.0001
4.37918 1.00009
4.38092 1.00009
4.38266 1.00009
4.3844 1.00008
4.38614 1.00008
4.38788 1.00008
4.38961 1.00007
4.39134 1.00007
4.39307 1.00007
4.3948 1.00007
4.39652 1.00006
4.39825 1.00006
4.39997 1.00006
4.40169 1.00006
4.40341 1.00005
4.40512 1.00005
4.40683 1.00005
4.40854 1.00005
4.41025 1.00005
4.41196 1.00005
4.41367 1.00004
4.41537 1.00004
4.41707 1.00004
4.41877 1.00004
4.42046 1.00004
4.42216 1.00004
4.42385 1.00003
4.42554 1.00003
4.42723 1.00003
4.42892 1.00003
4.4306 1.00003
4.43228 1.00003
4.43397 1.00003
4.43564 1.00003
4.43732 1.00003
4.43899 1.00002
4.44067 1.00002
4.44234 1.00002
4.44401 1.00002
4.44567 1.00002
4.44734 1.00002
4.449 1.00002
4.45066 1.00002
4.45232 1.00002
4.45397 1.00002
4.45563 1.00002
4.45728 1.00002
4.45893 1.00002
4.46058 1.00002
4.46223 1.00001
4.46387 1.00001
4.46551 1.00001
4.46715 1.00001
4.46879 1.00001
4.47043 1.00001
4.47206 1.00001
4.4737 1.00001
4.47533 1.00001
4.47696 1.00001
4.47858 1.00001
4.48021 1.00001
4.48183 1.00001
4.48345 1.00001
4.48507 1.00001
4.48669 1.00001
4.4883 1.00001
4.48992 1.00001
4.49153 1.00001
4.49314 1.00001
4.49475 1.00001
4.49635 1.00001
4.49795 1.00001
4.49956 1.00001
4.50116 1.00001
4.50275 1.00001
4.50435 1.00001
4.50594 1.00001
4.50754 1.00001
4.50913 1.00001
4.51071 1.00001
4.5123 1
4.51389 1
4.51547 1
4.51705 1
4.51863 1
4.5202 1
4.52178 1
4.52335 1
4.52492 1
4.52649 1
4.52806 1
4.52963 1
4.53119 1
4.53275 1
4.53431 1
4.53587 1
4.53742 1
4.53898 1
4.54053 1
4.54208 1
4.54363 1
4.54518 1
4.54672 1
4.54827 1
4.54981 1
4.55135 1
4.55288 1
4.55442 1
4.55595 1
4.55749 1
4.55902 1
4.56054 1
4.56207 1
4.5636 1
4.56512 1
4.56664 1
4.56816 1
4.56968 1
4.57119 1
4.57271 1
4.57422 1
4.57573 1
4.57724 1
4.57874 1
4.58025 1
4.58175 1
4.58325 1
4.58475 1
4.58625 1
4.58774 1
4.58924 1
4.59073 1
4.59222 1
4.59371 1
4.59519 1
4.59668 1
4.59816 1
4.59964 1
4.60112 1
4.6026 1
4.60408 1
4.60555 1
4.60702 1
4.6085 1
4.60996 1
4.61143 1
4.6129 1
4.61436 1
4.61582 1
4.61728 1
4.61874 1
4.6202 1
4.62165 1
4.62311 1
4.62456 1
4.62601 1
4.62745 1
4.6289 1
4.63035 1
4.63179 1
4.63323 1
4.63467 1
4.63611 1
4.63754 1
4.63898 1
4.64041 1
4.64184 1
4.64327 1
4.64469 1
4.64612 1
4.64754 1
4.64897 1
4.65039 1
4.65181 1
4.65322 1
4.65464 1
4.65605 1
4.65746 1
4.65887 1
4.66028 1
4.66169 1
4.66309 1
4.6645 1
4.6659 1
4.6673 1
4.6687 1
4.67009 1
4.67149 1
4.67288 1
4.67427 1
4.67566 1
4.67705 1
4.67844 1
4.67982 1
4.68121 1
4.68259 1
4.68397 1
4.68535 1
4.68672 1
4.6881 1
4.68947 1
4.69084 1
4.69221 1
4.69358 1
4.69495 1
4.69631 1
4.69768 1
4.69904 1
4.7004 1
4.70176 1
4.70312 1
4.70447 1
4.70583 1
4.70718 1
4.70853 1
4.70988 1
4.71122 1
4.71257 1
4.71391 1
4.71526 1
4.7166 1
4.71794 1
4.71927 1
4.72061 1
4.72194 1
4.72328 1
4.72461 1
4.72594 1
4.72727 1
4.72859 1
4.72992 1
4.73124 1
4.73256 1
4.73388 1
4.7352 1
4.73652 1
4.73783 1
4.73915 1
4.74046 1
4.74177 1
4.74308 1
4.74439 1
4.74569 1
4.747 1
4.7483 1
4.7496 1
4.7509 1
4.7522 1
4.75349 1
4.75479 1
4.75608 1
4.75737 1
4.75866 1
4.75995 1
4.76124 1
4.76252 1
4.76381 1
4.76509 1
4.76637 1
4.76765 1
4.76893 1
4.77021 1
4.77148 1
4.77275 1
4.77403 1
4.7753 1
4.77657 1
4.77783 1
4.7791 1
4.78036 1
4.78162 1
4.78289 1
4.78415 1
4.7854 1
4.78666 1
4.78792 1
4.78917 1
4.79042 1
4.79167 1
4.79292 1
4.79417 1
4.79541 1
4.79666 1
4.7979 1
4.79914 1
4.80038 1
4.80162 1
4.80286 1
4.80409 1
4.80533 1
4.80656 1
4.80779 1
4.80902 1
4.81025 1
4.81148 1
4.8127 1
4.81393 1
4.81515 1
4.81637 1
4.81759 1
4.81881 1
4.82002 1
4.82124 1
4.82245 1
4.82366 1
4.82488 1
4.82608 1
4.82729 1
4.8285 1
4.8297 1
4.83091 1
4.83211 1
4.83331 1
4.83451 1
4.83571 1
4.8369 1
4.8381 1
4.83929 1
4.84048 1
4.84167 1
4.84286 1
4.84405 1
4.84524 1
4.84642 1
4.8476 1
4.84879 1
4.84997 1
4.85115 1
4.85232 1
4.8535 1
4.85467 1
4.85585 1
4.85702 1
4.85819 1
4.85936 1
4.86053 1
4.86169 1
4.86286 1
4.86402 1
4.86518 1
4.86635 1
4.8675 1
4.86866 1
4.86982 1
4.87097 1
4.87213 1
4.87328 1
4.87443 1
4.87558 1
4.87673 1
4.87788 1
4.87902 1
4.88017 1
4.88131 1
4.88245 1
4.88359 1
4.88473 1
4.88587 1
4.887 1
4.88814 1
4.88927 1
4.8904 1
4.89153 1
4.89266 1
4.89379 1
4.89492 1
4.89604 1
4.89717 1
4.89829 1
4.89941 1
4.90053 1
4.90165 1
4.90276 1
4.90388 1
4.90499 1
4.90611 1
4.90722 1
4.90833 1
4.90944 1
4.91055 1
4.91165 1
4.91276 1
4.91386 1
4.91496 1
4.91607 1
4.91717 1
4.91826 1
4.91936 1
4.92046 1
4.92155 1
4.92264 1
4.92374 1
4.92483 1
4.92592 1
4.927 1
4.92809 1
4.92918 1
4.93026 1
4.93134 1
4.93242 1
4.9335 1
4.93458 1
4.93566 1
4.93674 1
4.93781 1
4.93888 1
4.93996 1
4.94103 1
4.9421 1
4.94317 1
4.94423 1
4.9453 1
4.94636 1
4.94743 1
4.94849 1
4.94955 1
4.95061 1
4.95167 1
4.95273 1
4.95378 1
4.95484 1
4.95589 1
4.95694 1
4.95799 1
4.95904 1
4.96009 1
4.96114 1
4.96218 1
4.96323 1
4.96427 1
4.96531 1
4.96635 1
4.96739 1
4.96843 1
4.96947 1
4.9705 1
4.97154 1
4.97257 1
4.9736 1
4.97463 1
4.97566 1
4.97669 1
4.97772 1
4.97874 1
4.97977 1
4.98079 1
4.98181 1
4.98283 1
4.98385 1
4.98487 1
4.98589 1
4.9869 1
4.98792 1
4.98893 1
4.98994 1
4.99095 1
4.99196 1
4.99297 1
4.99398 1
4.99499 1
4.99599 1
4.997 1
4.998 1
4.999 1
5 1
5.001 1
5.002 1
5.003 1
5.00401 1
5.00501 1
5.00602 1
5.00703 1
5.00804 1
5.00905 1
5.01006 1
5.01107 1
5.01208 1
5.0131 1
5.01411 1
5.01513 1
5.01615 1
5.01717 1
5.01819 1
5.01921 1
5.02023 1
5.02126 1
5.02228 1
5.02331 1
5.02434 1
5.02537 1
5.0264 1
5.02743 1
5.02846 1
5.0295 1
5.03053 1
5.03157 1
5.03261 1
5.03365 1
5.03469 1
5.03573 1
5.03677 1
5.03782 1
5.03886 1
5.03991 1
5.04096 1
5.04201 1
5.04306 1
5.04411 1
5.04516 1
5.04622 1
5.04727 1
5.04833 1
5.04939 1
5.05045 1
5.05151 1
5.05257 1
5.05364 1
5.0547 1
5.05577 1
5.05683 1
5.0579 1
5.05897 1
5.06004 1
5.06112 1
5.06219 1
5.06326 1
5.06434 1
5.06542 1
5.0665 1
5.06758 1
5.06866 1
5.06974 1
5.07082 1
5.07191 1
5.073 1
5.07408 1
5.07517 1
5.07626 1
5.07736 1
5.07845 1
5.07954 1
5.08064 1
5.08174 1
5.08283 1
5.08393 1
5.08504 1
5.08614 1
5.08724 1
5.08835 1
5.08945 1
5.09056 1
5.09167 1
5.09278 1
5.09389 1
5.09501 1
5.09612 1
5.09724 1
5.09835 1
5.09947 1
5.10059 1
5.10171 1
5.10283 1
5.10396 1
5.10508 1
5.10621 1
5.10734 1
5.10847 1
5.1096 1
5.11073 1
5.11186 1
5.113 1
5.11413 1
5.11527 1
5.11641 1
5.11755 1
5.11869 1
5.11983 1
5.12098 1
5.12212 1
5.12327 1
5.12442 1
5.12557 1
5.12672 1
5.12787 1
5.12903 1
5.13018 1
5.13134 1
5.1325 1
5.13365 1
5.13482 1
5.13598 1
5.13714 1
5.13831 1
5.13947 1
5.14064 1
5.14181 1
5.14298 1
5.14415 1
5.14533 1
5.1465 1
5.14768 1
5.14885 1
5.15003 1
5.15121 1
5.1524 1
5.15358 1
5.15476 1
5.15595 1
5.15714 1
5.15833 1
5.15952 1
5.16071 1
5.1619 1
5.1631 1
5.16429 1
5.16549 1
5.16669 1
5.16789 1
5.16909 1
5.1703 1
5.1715 1
5.17271 1
5.17392 1
5.17512 1
5.17634 1
5.17755 1
5.17876 1
5.17998 1
5.18119 1
5.18241 1
5.18363 1
5.18485 1
5.18607 1
5.1873 1
5.18852 1
5.18975 1
5.19098 1
5.19221 1
5.19344 1
5.19467 1
5.19591 1
5.19714 1
5.19838 1
5.19962 1
5.20086 1
5.2021 1
5.20334 1
5.20459 1
5.20583 1
5.20708 1
5.20833 1
5.20958 1
5.21083 1
5.21208 1
5.21334 1
5.2146 1
5.21585 1
5.21711 1
5.21838 1
5.21964 1
5.2209 1
5.22217 1
5.22343 1
5.2247 1
5.22597 1
5.22725 1
5.22852 1
5.22979 1
5.23107 1
5.23235 1
5.23363 1
5.23491 1
5.23619 1
5.23748 1
5.23876 1
5.24005 1
5.24134 1
5.24263 1
5.24392 1
5.24521 1
5.24651 1
5.2478 1
5.2491 1
5.2504 1
5.2517 1
5.253 1
5.25431 1
5.25561 1
5.25692 1
5.25823 1
5.25954 1
5.26085 1
5.26217 1
5.26348 1
5.2648 1
5.26612 1
5.26744 1
5.26876 1
5.27008 1
5.27141 1
5.27273 1
5.27406 1
5.27539 1
5.27672 1
5.27806 1
5.27939 1
5.28073 1
5.28206 1
5.2834 1
5.28474 1
5.28609 1
5.28743 1
5.28878 1
5.29012 1
5.29147 1
5.29282 1
5.29417 1
5.29553 1
5.29688 1
5.29824 1
5.2996 1
5.30096 1
5.30232 1
5.30369 1
5.30505 1
5.30642 1
5.30779 1
5.30916 1
5.31053 1
5.3119 1
5.31328 1
5.31465 1
5.31603 1
5.31741 1
5.31879 1
5.32018 1
5.32156 1
5.32295 1
5.32434 1
5.32573 1
5.32712 1
5.32851 1
5.32991 1
5.3313 1
5.3327 1
5.3341 1
5.3355 1
5.33691 1
5.33831 1
5.33972 1
5.34113 1
5.34254 1
5.34395 1
5.34536 1
5.34678 1
5.34819 1
5.34961 1
5.35103 1
5.35246 1
5.35388 1
5.35531 1
5.35673 1
5.35816 1
5.35959 1
5.36102 1
5.36246 1
5.36389 1
5.36533 1
5.36677 1
5.36821 1
5.36965 1
5.3711 1
5.37255 1
5.37399 1
5.37544 1
5.37689 1
5.37835 1
5.3798 1
5.38126 1
5.38272 1
5.38418 1
5.38564 1
5.3871 1
5.38857 1
5.39004 1
5.3915 1
5.39298 1
5.39445 1
5.39592 1
5.3974 1
5.39888 1
5.40036 1
5.40184 1
5.40332 1
5.40481 1
5.40629 1
5.40778 1
5.40927 1
5.41076 1
5.41226 1
5.41375 1
5.41525 1
5.41675 1
5.41825 1
5.41975 1
5.42126 1
5.42276 1
5.42427 1
5.42578 1
5.42729 1
5.42881 1
5.43032 1
5.43184 1
5.43336 1
5.43488 1
5.4364 1
5.43793 1
5.43946 1
5.44098 1
5.44251 1
5.44405 1
5.44558 1
5.44712 1
5.44865 1
5.45019 1
5.45173 1
5.45328 1
5.45482 1
5.45637 1
5.45792 1
5.45947 1
5.46102 1
5.46258 1
5.46413 1
5.46569 1
5.46725 1
5.46881 1
5.47037 1
5.47194 1
5.47351 1
5.47508 1
5.47665 1
5.47822 1
5.4798 1
5.48137 1
5.48295 1
5.48453 1
5.48611 1
5.4877 1
5.48929 1
5.49087 1
5.49246 1
5.49406 1
5.49565 1
5.49725 1
5.49884 1
5.50044 1
5.50205 1
5.50365 1
5.50525 1
5.50686 1
5.50847 1
5.51008 1
5.5117 1
5.51331 1
5.51493 1
5.51655 1
5.51817 1
5.51979 1
5.52142 1
5.52304 1
5.52467 1
5.5263 1
5.52794 1
5.52957 1
5.53121 1
5.53285 1
5.53449 1
5.53613 1
5.53777 1
5.53942 1
5.54107 1
5.54272 1
5.54437 1
5.54603 1
5.54768 1
5.54934 1
5.551 1
5.55266 1
5.55433 1
5.55599 1
5.55766 1
5.55933 1
5.56101 1
5.56268 1
5.56436 1
5.56603 1
5.56772 1
5.5694 1
5.57108 1
5.57277 1
5.57446 1
5.57615 1
5.57784 1
5.57954 1
5.58123 1
5.58293 1
5.58463 1
5.58633 1
5.58804 1
5.58975 1
5.59146 1
5.59317 1
5.59488 1
5.59659 1
5.59831 1
5.60003 1
5.60175 1
5.60348 1
5.6052 1
5.60693 1
5.60866 1
5.61039 1
5.61212 1
5.61386 1
5.6156 1
5.61734 1
5.61908 1
5.62082 1
5.62257 1
5.62432 1
5.62607 1
5.62782 1
5.62958 1
5.63133 1
5.63309 1
5.63485 1
5.63662 1
5.63838 1
5.64015 1
5.64192 1
5.64369 1
5.64547 1
5.64724 1
5.64902 1
5.6508 1
5.65258 1
5.65437 1
5.65615 1
5.65794 1
5.65973 1
5.66153 1
5.66332 1
5.66512 1
5.66692 1
5.66872 1
5.67052 1
5.67233 1
5.67414 1
5.67595 1
5.67776 1
5.67958 1
5.68139 1
5.68321 1
5.68503 1
5.68686 1
5.68868 1
5.69051 1
5.69234 1
5.69417 1
5.69601 1
5.69784 1
5.69968 1
5.70152 1
5.70337 1
5.70521 1
5.70706 1
5.70891 1
5.71076 1
5.71262 1
5.71447 1
5.71633 1
5.71819 1
5.72006 1
5.72192 1
5.72379 1
5.72566 1
5.72753 1
5.72941 1
5.73129 1
5.73316 1
5.73505 1
5.73693 1
5.73882 1
5.7407 1
5.74259 1
5.74449 1
5.74638 1
5.74828 1
5.75018 1
5.75208 1
5.75398 1
5.75589 1
5.7578 1
5.75971 1
5.76162 1
5.76354 1
5.76546 1
5.76738 1
5.7693 1
5.77122 1
5.77315 1
5.77508 1
5.77701 1
5.77895 1
5.78088 1
5.78282 1
5.78476 1
5.78671 1
5.78865 1
5.7906 1
5.79255 1
5.7945 1
5.79646 1
5.79842 1
5.80038 1
5.80234 1
5.8043 1
5.80627 1
5.80824 1
5.81021 1
5.81218 1
5.81416 1
5.81614 1
5.81812 1
5.8201 1
5.82209 1
5.82408 1
5.82607 1
5.82806 1
5.83006 1
5.83206 1
5.83406 1
5.83606 1
5.83806 1
5.84007 1
5.84208 1
5.84409 1
5.84611 1
5.84812 1
5.85014 1
5.85217 1
5.85419 1
5.85622 1
5.85825 1
5.86028 1
5.86231 1
5.86435 1
5.86639 1
5.86843 1
5.87047 1
5.87252 1
5.87457 1
5.87662 1
5.87867 1
5.88073 1
5.88279 1
5.88485 1
5.88691 1
5.88898 1
5.89105 1
5.89312 1
5.89519 1
5.89727 1
5.89935 1
5.90143 1
5.90351 1
5.9056 1
5.90769 1
5.90978 1
5.91187 1
5.91397 1
5.91607 1
5.91817 1
5.92027 1
5.92238 1
5.92449 1
5.9266 1
5.92871 1
5.93083 1
5.93295 1
5.93507 1
5.93719 1
5.93932 1
5.94145 1
5.94358 1
5.94571 1
5.94785 1
5.94999 1
5.95213 1
5.95428 1
5.95642 1
5.95857 1
5.96073 1
5.96288 1
5.96504 1
5.9672 1
5.96936 1
5.97153 1
5.97369 1
5.97587 1
5.97804 1
5.98021 1
5.98239 1
5.98457 1
5.98676 1
5.98894 1
5.99113 1
5.99332 1
5.99552 1
5.99771 1
5.99991 1
6.00212 1
6.00432 1
6.00653 1
6.00874 1
6.01095 1
6.01317 1
6.01538 1
6.0176 1
6.01983 1
6.02205 1
6.02428 1
6.02651 1
6.02875 1
6.03098 1
6.03322 1
6.03546 1
6.03771 1
6.03996 1
6.04221 1
6.04446 1
6.04672 1
6.04897 1
6.05123 1
6.0535 1
6.05576 1
6.05803 1
6.06031 1
6.06258 1
6.06486 1
6.06714 1
6.06942 1
6.07171 1
6.07399 1
6.07628 1
6.07858 1
6.08087 1
6.08317 1
6.08548 1
6.08778 1
6.09009 1
6.0924 1
6.09471 1
6.09703 1
6.09935 1
6.10167 1
6.10399 1
6.10632 1
6.10865 1
6.11098 1
6.11332 1
6.11566 1
6.118 1
6.12034 1
6.12269 1
6.12504 1
6.12739 1
6.12974 1
6.1321 1
6.13446 1
6.13683 1
6.13919 1
6.14156 1
6.14394 1
6.14631 1
6.14869 1
6.15107 1
6.15345 1
6.15584 1
6.15823 1
6.16062 1
6.16302 1
6.16541 1
6.16782 1
6.17022 1
6.17263 1
6.17504 1
6.17745 1
6.17986 1
6.18228 1
6.1847 1
6.18713 1
6.18955 1
6.19198 1
6.19442 1
6.19685 1
6.19929 1
6.20173 1
6.20418 1
6.20662 1
6.20907 1
6.21153 1
6.21398 1
6.21644 1
6.21891 1
6.22137 1
6.22384 1
6.22631 1
6.22878 1
6.23126 1
6.23374 1
6.23622 1
6.23871 1
6.2412 1
6.24369 1
6.24619 1
6.24868 1
6.25119 1
6.25369 1
6.2562 1
6.25871 1
6.26122 1
6.26374 1
6.26625 1
6.26878 1
6.2713 1
6.27383 1
6.27636 1
6.2789 1
6.28143 1
6.28397 1
6.28652 1
6.28906 1
6.29161 1
6.29416 1
6.29672 1
6.29928 1
6.30184 1
6.30441 1
6.30697 1
6.30954 1
6.31212 1
6.3147 1
6.31728 1
6.31986 1
6.32245 1
6.32504 1
6.32763 1
6.33022 1
6.33282 1
6.33543 1
6.33803 1
6.34064 1
6.34325 1
6.34587 1
6.34848 1
6.3511 1
6.35373 1
6.35636 1
6.35899 1
6.36162 1
6.36426 1
6.3669 1
6.36954 1
6.37219 1
6.37483 1
6.37749 1
6.38014 1
6.3828 1
6.38546 1
6.38813 1
6.3908 1
6.39347 1
6.39614 1
6.39882 1
6.4015 1
6.40419 1
6.40688 1
6.40957 1
6.41226 1
6.41496 1
6.41766 1
6.42037 1
6.42307 1
6.42578 1
6.4285 1
6.43121 1
6.43393 1
6.43666 1
6.43938 1
6.44211 1
6.44485 1
6.44759 1
6.45033 1
6.45307 1
6.45582 1
6.45857 1
6.46132 1
6.46407 1
6.46683 1
6.4696 1
6.47236 1
6.47513 1
6.47791 1
6.48068 1
6.48346 1
6.48625 1
6.48903 1
6.49182 1
6.49462 1
6.49741 1
6.50021 1
6.50302 1
6.50582 1
6.50863 1
6.51145 1
6.51426 1
6.51708 1
6.51991 1
6.52273 1
6.52556 1
6.5284 1
6.53123 1
6.53408 1
6.53692 1
6.53977 1
6.54262 1
6.54547 1
6.54833 1
6.55119 1
6.55406 1
6.55692 1
6.55979 1
6.56267 1
6.56555 1
6.56843 1
6.57132 1
6.5742 1
6.5771 1
6.57999 1
6.58289 1
6.58579 1
6.5887 1
6.59161 1
6.59452 1
6.59744 1
6.60036 1
6.60328 1
6.60621 1
6.60914 1
6.61208 1
6.61501 1
6.61795 1
6.6209 1
6.62385 1
6.6268 1
6.62975 1
6.63271 1
6.63568 1
6.63864 1
6.64161 1
6.64459 1
6.64756 1
6.65054 1
6.65353 1
6.65651 1
6.6595 1
6.6625 1
6.6655 1
6.6685 1
6.67151 1
6.67451 1
6.67753 1
6.68054 1
6.68356 1
6.68659 1
6.68961 1
6.69265 1
6.69568 1
6.69872 1
6.70176 1
6.70481 1
6.70786 1
6.71091 1
6.71396 1
6.71702 1
6.72009 1
6.72316 1
6.72623 1
6.7293 1
6.73238 1
6.73546 1
6.73855 1
6.74164 1
6.74473 1
6.74783 1
6.75093 1
6.75404 1
6.75714 1
6.76026 1
6.76337 1
6.76649 1
6.76961 1
6.77274 1
6.77587 1
6.77901 1
6.78215 1
6.78529 1
6.78843 1
6.79158 1
6.79474 1
6.79789 1
6.80105 1
6.80422 1
6.80739 1
6.81056 1
6.81374 1
6.81692 1
6.8201 1
6.82329 1
6.82648 1
6.82968 1
6.83288 1
6.83608 1
6.83929 1
6.8425 1
6.84571 1
6.84893 1
6.85215 1
6.85538 1
6.85861 1
6.86184 1
6.86508 1
6.86832 1
6.87157 1
6.87482 1
6.87807 1
6.88133 1
6.88459 1
6.88786 1
6.89112 1
6.8944 1
6.89767 1
6.90096 1
6.90424 1
6.90753 1
6.91082 1
6.91412 1
6.91742 1
6.92072 1
6.92403 1
6.92735 1
6.93066 1
6.93398 1
6.93731 1
6.94064 1
6.94397 1
6.94731 1
6.95065 1
6.95399 1
6.95734 1
6.96069 1
6.96405 1
6.96741 1
6.97077 1
6.97414 1
6.97752 1
6.98089 1
6.98427 1
6.98766 1
6.99105 1
6.99444 1
6.99784 1
7.00124 1
7.00465 1
7.00806 1
7.01147 1
7.01489 1
7.01831 1
7.02173 1
7.02517 1
7.0286 1
7.03204 1
7.03548 1
7.03893 1
7.04238 1
7.04583 1
7.04929 1
7.05275 1
7.05622 1
7.05969 1
7.06317 1
7.06665 1
7.07013 1
7.07362 1
7.07711 1
7.08061 1
7.08411 1
7.08762 1
7.09113 1
7.09464 1
7.09816 1
7.10168 1
7.10521 1
7.10874 1
7.11227 1
7.11581 1
7.11935 1
7.1229 1
7.12645 1
7.13001 1
7.13357 1
7.13713 1
7.1407 1
7.14427 1
7.14785 1
7.15143 1
7.15502 1
7.15861 1
7.1622 1
7.1658 1
7.16941 1
7.17301 1
7.17663 1
7.18024 1
7.18386 1
7.18749 1
7.19112 1
7.19475 1
7.19839 1
7.20203 1
7.20568 1
7.20933 1
7.21299 1
7.21664 1
7.22031 1
7.22398 1
7.22765 1
7.23133 1
7.23501 1
7.2387 1
7.24239 1
7.24608 1
7.24978 1
7.25349 1
7.2572 1
7.26091 1
7.26463 1
7.26835 1
7.27208 1
7.27581 1
7.27954 1
7.28328 1
7.28703 1
7.29078 1
7.29453 1
7.29829 1
7.30205 1
7.30582 1
7.30959 1
7.31336 1
7.31714 1
7.32093 1
7.32472 1
7.32851 1
7.33231 1
7.33612 1
7.33992 1
7.34374 1
7.34755 1
7.35138 1
7.3552 1
7.35903 1
7.36287 1
7.36671 1
7.37055 1
7.3744 1
7.37826 1
7.38211 1
7.38598 1
7.38985 1
7.39372 1
7.3976 1
7.40148 1
7.40536 1
7.40925 1
7.41315 1
7.41705 1
7.42096 1
7.42487 1
7.42878 1
7.4327 1
7.43662 1
7.44055 1
7.44449 1
7.44843 1
7.45237 1
7.45632 1
7.46027 1
7.46423 1
7.46819 1
7.47215 1
7.47613 1
7.4801 1
7.48408 1
7.48807 1
7.49206 1
7.49605 1
7.50005 1
7.50406 1
7.50807 1
7.51208 1
7.5161 1
7.52013 1
7.52416 1
7.52819 1
7.53223 1
7.53627 1
7.54032 1
7.54438 1
7.54843 1
7.5525 1
7.55656 1
7.56064 1
7.56472 1
7.5688 1
7.57289 1
7.57698 1
7.58108 1
7.58518 1
7.58929 1
7.5934 1
7.59751 1
7.60164 1
7.60576 1
7.6099 1
7.61403 1
7.61818 1
7.62232 1
7.62647 1
7.63063 1
7.63479 1
7.63896 1
7.64313 1
7.64731 1
7.65149 1
7.65568 1
7.65987 1
7.66407 1
7.66827 1
7.67248 1
7.67669 1
7.68091 1
7.68513 1
7.68936 1
7.69359 1
7.69783 1
7.70207 1
7.70632 1
7.71057 1
7.71483 1
7.71909 1
7.72336 1
7.72763 1
7.73191 1
7.73619 1
7.74048 1
7.74478 1
7.74908 1
7.75338 1
7.75769 1
7.762 1
7.76632 1
7.77065 1
7.77498 1
7.77932 1
7.78366 1
7.788 1
7.79235 1
7.79671 1
7.80107 1
7.80544 1
7.80981 1
7.81419 1
7.81857 1
7.82296 1
7.82735 1
7.83175 1
7.83615 1
7.84056 1
7.84498 1
7.84939 1
7.85382 1
7.85825 1
7.86269 1
7.86713 1
7.87157 1
7.87602 1
7.88048 1
7.88494 1
7.88941 1
7.89388 1
7.89836 1
7.90285 1
7.90733 1
7.91183 1
7.91633 1
7.92083 1
7.92535 1
7.92986 1
7.93438 1
7.93891 1
7.94344 1
7.94798 1
7.95252 1
7.95707 1
7.96163 1
7.96619 1
7.97075 1
7.97532 1
7.9799 1
7.98448 1
7.98907 1
7.99366 1
7.99826 1
8.00286 1
8.00747 1
8.01209 1
8.01671 1
8.02133 1
8.02596 1
8.0306 1
8.03524 1
8.03989 1
8.04455 1
8.04921 1
8.05387 1
8.05854 1
8.06322 1
8.0679 1
8.07259 1
8.07728 1
8.08198 1
8.08668 1
8.09139 1
8.09611 1
8.10083 1
8.10556 1
8.11029 1
8.11503 1
8.11977 1
8.12452 1
8.12928 1
8.13404 1
8.13881 1
8.14358 1
8.14836 1
8.15314 1
8.15793 1
8.16273 1
8.16753 1
8.17234 1
8.17715 1
8.18197 1
8.18679 1
8.19162 1
8.19646 1
8.2013 1
8.20615 1
8.211 1
8.21586 1
8.22073 1
8.2256 1
8.23048 1
8.23536 1
8.24025 1
8.24514 1
8.25004 1
8.25495 1
8.25986 1
8.26478 1
8.2697 1
8.27463 1
8.27957 1
8.28451 1
8.28946 1
8.29441 1
8.29937 1
8.30434 1
8.30931 1
8.31429 1
8.31927 1
8.32426 1
8.32926 1
8.33426 1
8.33927 1
8.34428 1
8.3493 1
8.35433 1
8.35936 1
8.36439 1
8.36944 1
8.37449 1
8.37954 1
8.38461 1
8.38967 1
8.39475 1
8.39983 1
8.40492 1
8.41001 1
8.41511 1
8.42021 1
8.42532 1
8.43044 1
8.43556 1
8.44069 1
8.44583 1
8.45097 1
8.45612 1
8.46127 1
8.46643 1
8.4716 1
8.47677 1
8.48195 1
8.48714 1
8.49233 1
8.49752 1
8.50273 1
8.50794 1
8.51315 1
8.51838 1
8.52361 1
8.52884 1
8.53408 1
8.53933 1
8.54458 1
8.54985 1
8.55511 1
8.56039 1
8.56566 1
8.57095 1
8.57624 1
8.58154 1
8.58685 1
8.59216 1
8.59747 1
8.6028 1
8.60813 1
8.61347 1
8.61881 1
8.62416 1
8.62951 1
8.63488 1
8.64025 1
8.64562 1
8.651 1
8.65639 1
8.66179 1
8.66719 1
8.6726 1
8.67801 1
8.68343 1
8.68886 1
8.69429 1
8.69973 1
8.70518 1
8.71063 1
8.71609 1
8.72156 1
8.72703 1
8.73251 1
8.738 1
8.74349 1
8.74899 1
8.7545 1
8.76001 1
8.76553 1
8.77105 1
8.77659 1
8.78213 1
8.78767 1
8.79322 1
8.79878 1
8.80435 1
8.80992 1
8.8155 1
8.82109 1
8.82668 1
8.83228 1
8.83789 1
8.8435 1
8.84912 1
8.85475 1
8.86038 1
8.86602 1
8.87167 1
8.87732 1
8.88298 1
8.88865 1
8.89432 1
8.9 1
8.90569 1
8.91138 1
8.91708 1
8.92279 1
8.92851 1
8.93423 1
8.93996 1
8.94569 1
8.95144 1
8.95719 1
8.96294 1
8.96871 1
8.97448 1
8.98025 1
8.98604 1
8.99183 1
8.99763 1
9.00343 1
9.00924 1
9.01506 1
9.02089 1
9.02672 1
9.03256 1
9.03841 1
9.04426 1
9.05012 1
9.05599 1
9.06186 1
9.06775 1
9.07364 1
9.07953 1
9.08544 1
9.09135 1
9.09726 1
9.10319 1
9.10912 1
9.11506 1
9.12101 1
9.12696 1
9.13292 1
9.13889 1
9.14486 1
9.15084 1
9.15683 1
9.16283 1
9.16883 1
9.17484 1
9.18086 1
9.18689 1
9.19292 1
9.19896 1
9.205 1
9.21106 1
9.21712 1
9.22319 1
9.22927 1
9.23535 1
9.24144 1
9.24754 1
9.25364 1
9.25976 1
9.26588 1
9.272 1
9.27814 1
9.28428 1
9.29043 1
9.29659 1
9.30275 1
9.30892 1
9.3151 1
9.32129 1
9.32748 1
9.33368 1
9.33989 1
9.34611 1
9.35233 1
9.35856 1
9.3648 1
9.37105 1
9.3773 1
9.38356 1
9.38983 1
9.39611 1
9.40239 1
9.40868 1
9.41498 1
9.42129 1
9.4276 1
9.43392 1
9.44025 1
9.44659 1
9.45294 1
9.45929 1
9.46565 1
9.47201 1
9.47839 1
9.48477 1
9.49116 1
9.49756 1
9.50397 1
9.51038 1
9.5168 1
9.52323 1
9.52967 1
9.53611 1
9.54256 1
9.54902 1
9.55549 1
9.56197 1
9.56845 1
9.57494 1
9.58144 1
9.58795 1
9.59446 1
9.60098 1
9.60751 1
9.61405 1
9.6206 1
9.62715 1
9.63371 1
9.64028 1
9.64686 1
9.65344 1
9.66004 1
9.66664 1
9.67325 1
9.67986 1
9.68649 1
9.69312 1
9.69976 1
9.70641 1
9.71307 1
9.71973 1
9.72641 1
9.73309 1
9.73978 1
9.74647 1
9.75318 1
9.75989 1
9.76661 1
9.77334 1
9.78008 1
9.78682 1
9.79358 1
9.80034 1
9.80711 1
9.81389 1
9.82067 1
9.82747 1
9.83427 1
9.84108 1
9.8479 1
9.85472 1
9.86156 1
9.8684 1
9.87525 1
9.88211 1
9.88898 1
9.89586 1
9.90274 1
9.90964 1
9.91654 1
9.92345 1
9.93036 1
9.93729 1
9.94422 1
9.95117 1
9.95812 1
9.96508 1
9.97205 1
9.97902 1
9.98601 1
9.993 1
10 1
