Boron vs Depth
4541 2 2
Depth
Boron
0 2e+020
0.00700127 1.99802e+020
0.0139941 1.99603e+020
0.0209786 1.99405e+020
0.0279547 1.99207e+020
0.0349224 1.99009e+020
0.0418818 1.98811e+020
0.0488327 1.98612e+020
0.0557754 1.98414e+020
0.0627097 1.98216e+020
0.0696357 1.98018e+020
0.0765534 1.97821e+020
0.0834628 1.97623e+020
0.0903638 1.97425e+020
0.0972566 1.97227e+020
0.104141 1.97029e+020
0.111017 1.96832e+020
0.117885 1.96634e+020
0.124745 1.96437e+020
0.131597 1.96239e+020
0.13844 1.96042e+020
0.145275 1.95844e+020
0.152102 1.95647e+020
0.158921 1.95449e+020
0.165731 1.95252e+020
0.172533 1.95055e+020
0.179328 1.94858e+020
0.186114 1.9466e+020
0.192891 1.94463e+020
0.199661 1.94266e+020
0.206423 1.94069e+020
0.213176 1.93872e+020
0.219922 1.93676e+020
0.226659 1.93479e+020
0.233388 1.93282e+020
0.240109 1.93085e+020
0.246822 1.92889e+020
0.253527 1.92692e+020
0.260224 1.92495e+020
0.266913 1.92299e+020
0.273594 1.92102e+020
0.280267 1.91906e+020
0.286931 1.9171e+020
0.293588 1.91513e+020
0.300237 1.91317e+020
0.306878 1.91121e+020
0.313511 1.90925e+020
0.320136 1.90729e+020
0.326753 1.90533e+020
0.333362 1.90337e+020
0.339963 1.90141e+020
0.346556 1.89945e+020
0.353141 1.89749e+020
0.359718 1.89554e+020
0.366288 1.89358e+020
0.372849 1.89162e+020
0.379403 1.88967e+020
0.385949 1.88771e+020
0.392487 1.88576e+020
0.399017 1.88381e+020
0.405539 1.88185e+020
0.412054 1.8799e+020
0.41856 1.87795e+020
0.425059 1.876e+020
0.43155 1.87405e+020
0.438033 1.8721e+020
0.444509 1.87015e+020
0.450976 1.8682e+020
0.457436 1.86625e+020
0.463889 1.8643e+020
0.470333 1.86236e+020
0.47677 1.86041e+020
0.483198 1.85846e+020
0.48962 1.85652e+020
0.496033 1.85457e+020
0.502439 1.85263e+020
0.508837 1.85069e+020
0.515228 1.84875e+020
0.52161 1.8468e+020
0.527985 1.84486e+020
0.534353 1.84292e+020
0.540713 1.84098e+020
0.547065 1.83904e+020
0.553409 1.8371e+020
0.559746 1.83517e+020
0.566076 1.83323e+020
0.572397 1.83129e+020
0.578711 1.82936e+020
0.585018 1.82742e+020
0.591317 1.82549e+020
0.597608 1.82355e+020
0.603892 1.82162e+020
0.610169 1.81969e+020
0.616437 1.81776e+020
0.622699 1.81583e+020
0.628952 1.8139e+020
0.635199 1.81197e+020
0.641437 1.81004e+020
0.647669 1.80811e+020
0.653892 1.80618e+020
0.660109 1.80425e+020
0.666318 1.80233e+020
0.672519 1.8004e+020
0.678713 1.79848e+020
0.684899 1.79655e+020
0.691078 1.79463e+020
0.69725 1.79271e+020
0.703414 1.79079e+020
0.709571 1.78887e+020
0.715721 1.78695e+020
0.721863 1.78503e+020
0.727997 1.78311e+020
0.734125 1.78119e+020
0.740245 1.77927e+020
0.746357 1.77735e+020
0.752463 1.77544e+020
0.758561 1.77352e+020
0.764651 1.77161e+020
0.770735 1.7697e+020
0.776811 1.76778e+020
0.782879 1.76587e+020
0.788941 1.76396e+020
0.794995 1.76205e+020
0.801042 1.76014e+020
0.807082 1.75823e+020
0.813114 1.75632e+020
0.819139 1.75441e+020
0.825157 1.75251e+020
0.831168 1.7506e+020
0.837171 1.74869e+020
0.843168 1.74679e+020
0.849157 1.74489e+020
0.855139 1.74298e+020
0.861113 1.74108e+020
0.867081 1.73918e+020
0.873041 1.73728e+020
0.878994 1.73538e+020
0.884941 1.73348e+020
0.890879 1.73158e+020
0.896811 1.72968e+020
0.902736 1.72779e+020
0.908654 1.72589e+020
0.914564 1.724e+020
0.920467 1.7221e+020
0.926364 1.72021e+020
0.932253 1.71832e+020
0.938135 1.71642e+020
0.94401 1.71453e+020
0.949878 1.71264e+020
0.955739 1.71075e+020
0.961593 1.70886e+020
0.96744 1.70698e+020
0.97328 1.70509e+020
0.979113 1.7032e+020
0.984939 1.70132e+020
0.990758 1.69943e+020
0.996569 1.69755e+020
1.00237 1.69567e+020
1.00817 1.69379e+020
1.01396 1.6919e+020
1.01975 1.69002e+020
1.02552 1.68814e+020
1.03129 1.68627e+020
1.03706 1.68439e+020
1.04281 1.68251e+020
1.04856 1.68063e+020
1.05431 1.67876e+020
1.06004 1.67688e+020
1.06577 1.67501e+020
1.07149 1.67314e+020
1.07721 1.67127e+020
1.08292 1.6694e+020
1.08862 1.66753e+020
1.09431 1.66566e+020
1.1 1.66379e+020
1.10568 1.66192e+020
1.11135 1.66005e+020
1.11702 1.65819e+020
1.12268 1.65632e+020
1.12833 1.65446e+020
1.13398 1.6526e+020
1.13962 1.65073e+020
1.14525 1.64887e+020
1.15088 1.64701e+020
1.1565 1.64515e+020
1.16211 1.64329e+020
1.16772 1.64143e+020
1.17332 1.63958e+020
1.17891 1.63772e+020
1.1845 1.63587e+020
1.19008 1.63401e+020
1.19565 1.63216e+020
1.20122 1.63031e+020
1.20678 1.62845e+020
1.21233 1.6266e+020
1.21787 1.62475e+020
1.22341 1.6229e+020
1.22895 1.62106e+020
1.23447 1.61921e+020
1.23999 1.61736e+020
1.2455 1.61552e+020
1.25101 1.61367e+020
1.25651 1.61183e+020
1.262 1.60999e+020
1.26749 1.60814e+020
1.27297 1.6063e+020
1.27844 1.60446e+020
1.28391 1.60262e+020
1.28937 1.60079e+020
1.29482 1.59895e+020
1.30027 1.59711e+020
1.30571 1.59528e+020
1.31114 1.59344e+020
1.31657 1.59161e+020
1.32199 1.58978e+020
1.3274 1.58795e+020
1.33281 1.58612e+020
1.33821 1.58429e+020
1.34361 1.58246e+020
1.349 1.58063e+020
1.35438 1.5788e+020
1.35975 1.57698e+020
1.36512 1.57515e+020
1.37049 1.57333e+020
1.37584 1.5715e+020
1.38119 1.56968e+020
1.38653 1.56786e+020
1.39187 1.56604e+020
1.3972 1.56422e+020
1.40253 1.5624e+020
1.40784 1.56059e+020
1.41315 1.55877e+020
1.41846 1.55695e+020
1.42376 1.55514e+020
1.42905 1.55333e+020
1.43434 1.55151e+020
1.43961 1.5497e+020
1.44489 1.54789e+020
1.45015 1.54608e+020
1.45542 1.54427e+020
1.46067 1.54247e+020
1.46592 1.54066e+020
1.47116 1.53885e+020
1.47639 1.53705e+020
1.48162 1.53524e+020
1.48685 1.53344e+020
1.49206 1.53164e+020
1.49727 1.52984e+020
1.50248 1.52804e+020
1.50767 1.52624e+020
1.51286 1.52444e+020
1.51805 1.52264e+020
1.52323 1.52085e+020
1.5284 1.51905e+020
1.53357 1.51726e+020
1.53873 1.51547e+020
1.54388 1.51367e+020
1.54903 1.51188e+020
1.55417 1.51009e+020
1.55931 1.5083e+020
1.56444 1.50652e+020
1.56956 1.50473e+020
1.57468 1.50294e+020
1.57979 1.50116e+020
1.58489 1.49937e+020
1.58999 1.49759e+020
1.59508 1.49581e+020
1.60017 1.49403e+020
1.60525 1.49225e+020
1.61033 1.49047e+020
1.61539 1.48869e+020
1.62046 1.48691e+020
1.62551 1.48514e+020
1.63056 1.48336e+020
1.63561 1.48159e+020
1.64064 1.47982e+020
1.64567 1.47804e+020
1.6507 1.47627e+020
1.65572 1.4745e+020
1.66073 1.47273e+020
1.66574 1.47097e+020
1.67074 1.4692e+020
1.67574 1.46743e+020
1.68073 1.46567e+020
1.68571 1.4639e+020
1.69069 1.46214e+020
1.69566 1.46038e+020
1.70063 1.45862e+020
1.70559 1.45686e+020
1.71054 1.4551e+020
1.71549 1.45334e+020
1.72043 1.45159e+020
1.72537 1.44983e+020
1.7303 1.44808e+020
1.73522 1.44632e+020
1.74014 1.44457e+020
1.74505 1.44282e+020
1.74996 1.44107e+020
1.75486 1.43932e+020
1.75975 1.43757e+020
1.76464 1.43582e+020
1.76952 1.43408e+020
1.7744 1.43233e+020
1.77927 1.43059e+020
1.78414 1.42885e+020
1.789 1.4271e+020
1.79385 1.42536e+020
1.7987 1.42362e+020
1.80354 1.42188e+020
1.80838 1.42015e+020
1.81321 1.41841e+020
1.81803 1.41667e+020
1.82285 1.41494e+020
1.82766 1.41321e+020
1.83247 1.41147e+020
1.83727 1.40974e+020
1.84207 1.40801e+020
1.84686 1.40628e+020
1.85164 1.40455e+020
1.85642 1.40283e+020
1.86119 1.4011e+020
1.86596 1.39938e+020
1.87072 1.39765e+020
1.87548 1.39593e+020
1.88023 1.39421e+020
1.88497 1.39249e+020
1.88971 1.39077e+020
1.89444 1.38905e+020
1.89917 1.38733e+020
1.90389 1.38561e+020
1.90861 1.3839e+020
1.91332 1.38218e+020
1.91802 1.38047e+020
1.92272 1.37876e+020
1.92741 1.37705e+020
1.9321 1.37534e+020
1.93678 1.37363e+020
1.94146 1.37192e+020
1.94613 1.37021e+020
1.95079 1.36851e+020
1.95545 1.3668e+020
1.96011 1.3651e+020
1.96476 1.36339e+020
1.9694 1.36169e+020
1.97404 1.35999e+020
1.97867 1.35829e+020
1.98329 1.3566e+020
1.98791 1.3549e+020
1.99253 1.3532e+020
1.99714 1.35151e+020
2.00174 1.34981e+020
2.00634 1.34812e+020
2.01093 1.34643e+020
2.01552 1.34474e+020
2.0201 1.34305e+020
2.02468 1.34136e+020
2.02925 1.33967e+020
2.03381 1.33799e+020
2.03837 1.3363e+020
2.04293 1.33462e+020
2.04748 1.33293e+020
2.05202 1.33125e+020
2.05656 1.32957e+020
2.06109 1.32789e+020
2.06562 1.32621e+020
2.07014 1.32454e+020
2.07465 1.32286e+020
2.07917 1.32118e+020
2.08367 1.31951e+020
2.08817 1.31784e+020
2.09267 1.31616e+020
2.09715 1.31449e+020
2.10164 1.31282e+020
2.10612 1.31115e+020
2.11059 1.30949e+020
2.11506 1.30782e+020
2.11952 1.30615e+020
2.12398 1.30449e+020
2.12843 1.30283e+020
2.13287 1.30117e+020
2.13731 1.2995e+020
2.14175 1.29784e+020
2.14618 1.29619e+020
2.15061 1.29453e+020
2.15502 1.29287e+020
2.15944 1.29122e+020
2.16385 1.28956e+020
2.16825 1.28791e+020
2.17265 1.28626e+020
2.17704 1.28461e+020
2.18143 1.28296e+020
2.18581 1.28131e+020
2.19019 1.27966e+020
2.19456 1.27801e+020
2.19893 1.27637e+020
2.20329 1.27472e+020
2.20765 1.27308e+020
2.212 1.27144e+020
2.21634 1.2698e+020
2.22068 1.26816e+020
2.22502 1.26652e+020
2.22935 1.26488e+020
2.23368 1.26324e+020
2.238 1.26161e+020
2.24231 1.25997e+020
2.24662 1.25834e+020
2.25092 1.25671e+020
2.25522 1.25508e+020
2.25952 1.25345e+020
2.26381 1.25182e+020
2.26809 1.25019e+020
2.27237 1.24857e+020
2.27664 1.24694e+020
2.28091 1.24532e+020
2.28517 1.24369e+020
2.28943 1.24207e+020
2.29368 1.24045e+020
2.29793 1.23883e+020
2.30217 1.23721e+020
2.30641 1.2356e+020
2.31064 1.23398e+020
2.31487 1.23237e+020
2.31909 1.23075e+020
2.32331 1.22914e+020
2.32752 1.22753e+020
2.33173 1.22592e+020
2.33593 1.22431e+020
2.34013 1.2227e+020
2.34432 1.22109e+020
2.34851 1.21949e+020
2.35269 1.21788e+020
2.35687 1.21628e+020
2.36104 1.21467e+020
2.36521 1.21307e+020
2.36937 1.21147e+020
2.37353 1.20987e+020
2.37768 1.20827e+020
2.38182 1.20668e+020
2.38597 1.20508e+020
2.3901 1.20349e+020
2.39424 1.20189e+020
2.39836 1.2003e+020
2.40249 1.19871e+020
2.4066 1.19712e+020
2.41071 1.19553e+020
2.41482 1.19394e+020
2.41892 1.19236e+020
2.42302 1.19077e+020
2.42711 1.18919e+020
2.4312 1.1876e+020
2.43528 1.18602e+020
2.43936 1.18444e+020
2.44344 1.18286e+020
2.4475 1.18128e+020
2.45157 1.1797e+020
2.45562 1.17813e+020
2.45968 1.17655e+020
2.46373 1.17498e+020
2.46777 1.1734e+020
2.47181 1.17183e+020
2.47584 1.17026e+020
2.47987 1.16869e+020
2.4839 1.16712e+020
2.48792 1.16556e+020
2.49193 1.16399e+020
2.49594 1.16243e+020
2.49995 1.16086e+020
2.50395 1.1593e+020
2.50794 1.15774e+020
2.51193 1.15618e+020
2.51592 1.15462e+020
2.5199 1.15306e+020
2.52387 1.1515e+020
2.52785 1.14995e+020
2.53181 1.14839e+020
2.53577 1.14684e+020
2.53973 1.14529e+020
2.54368 1.14374e+020
2.54763 1.14218e+020
2.55157 1.14064e+020
2.55551 1.13909e+020
2.55945 1.13754e+020
2.56338 1.136e+020
2.5673 1.13445e+020
2.57122 1.13291e+020
2.57513 1.13137e+020
2.57904 1.12983e+020
2.58295 1.12829e+020
2.58685 1.12675e+020
2.59075 1.12521e+020
2.59464 1.12367e+020
2.59852 1.12214e+020
2.6024 1.1206e+020
2.60628 1.11907e+020
2.61015 1.11754e+020
2.61402 1.11601e+020
2.61789 1.11448e+020
2.62174 1.11295e+020
2.6256 1.11142e+020
2.62945 1.1099e+020
2.63329 1.10837e+020
2.63713 1.10685e+020
2.64097 1.10533e+020
2.6448 1.10381e+020
2.64862 1.10229e+020
2.65245 1.10077e+020
2.65626 1.09925e+020
2.66008 1.09773e+020
2.66388 1.09622e+020
2.66769 1.0947e+020
2.67149 1.09319e+020
2.67528 1.09168e+020
2.67907 1.09017e+020
2.68286 1.08866e+020
2.68664 1.08715e+020
2.69041 1.08564e+020
2.69418 1.08413e+020
2.69795 1.08263e+020
2.70171 1.08112e+020
2.70547 1.07962e+020
2.70922 1.07812e+020
2.71297 1.07662e+020
2.71672 1.07512e+020
2.72046 1.07362e+020
2.72419 1.07212e+020
2.72792 1.07063e+020
2.73165 1.06913e+020
2.73537 1.06764e+020
2.73909 1.06615e+020
2.7428 1.06466e+020
2.74651 1.06317e+020
2.75022 1.06168e+020
2.75392 1.06019e+020
2.75761 1.0587e+020
2.7613 1.05722e+020
2.76499 1.05573e+020
2.76867 1.05425e+020
2.77235 1.05277e+020
2.77602 1.05129e+020
2.77969 1.04981e+020
2.78336 1.04833e+020
2.78701 1.04685e+020
2.79067 1.04537e+020
2.79432 1.0439e+020
2.79797 1.04243e+020
2.80161 1.04095e+020
2.80525 1.03948e+020
2.80888 1.03801e+020
2.81251 1.03654e+020
2.81614 1.03507e+020
2.81976 1.03361e+020
2.82337 1.03214e+020
2.82699 1.03067e+020
2.83059 1.02921e+020
2.8342 1.02775e+020
2.8378 1.02629e+020
2.84139 1.02483e+020
2.84498 1.02337e+020
2.84857 1.02191e+020
2.85215 1.02045e+020
2.85573 1.019e+020
2.8593 1.01754e+020
2.86287 1.01609e+020
2.86643 1.01464e+020
2.86999 1.01319e+020
2.87355 1.01174e+020
2.8771 1.01029e+020
2.88065 1.00884e+020
2.88419 1.0074e+020
2.88773 1.00595e+020
2.89126 1.00451e+020
2.89479 1.00306e+020
2.89832 1.00162e+020
2.90184 1.00018e+020
2.90536 9.98743e+019
2.90887 9.97305e+019
2.91238 9.95868e+019
2.91589 9.94432e+019
2.91939 9.92997e+019
2.92289 9.91563e+019
2.92638 9.90131e+019
2.92987 9.887e+019
2.93335 9.8727e+019
2.93683 9.85841e+019
2.94031 9.84413e+019
2.94378 9.82986e+019
2.94725 9.81561e+019
2.95071 9.80136e+019
2.95417 9.78713e+019
2.95762 9.77291e+019
2.96107 9.7587e+019
2.96452 9.74451e+019
2.96796 9.73032e+019
2.9714 9.71615e+019
2.97483 9.70198e+019
2.97827 9.68783e+019
2.98169 9.67369e+019
2.98511 9.65957e+019
2.98853 9.64545e+019
2.99194 9.63134e+019
2.99535 9.61725e+019
2.99876 9.60317e+019
3.00216 9.5891e+019
3.00556 9.57504e+019
3.00895 9.56099e+019
3.01234 9.54696e+019
3.01573 9.53293e+019
3.01911 9.51892e+019
3.02248 9.50492e+019
3.02586 9.49093e+019
3.02923 9.47695e+019
3.03259 9.46298e+019
3.03595 9.44903e+019
3.03931 9.43508e+019
3.04266 9.42115e+019
3.04601 9.40723e+019
3.04935 9.39332e+019
3.05269 9.37942e+019
3.05603 9.36554e+019
3.05936 9.35166e+019
3.06269 9.3378e+019
3.06602 9.32395e+019
3.06934 9.31011e+019
3.07265 9.29628e+019
3.07597 9.28246e+019
3.07928 9.26865e+019
3.08258 9.25486e+019
3.08588 9.24108e+019
3.08918 9.2273e+019
3.09247 9.21354e+019
3.09576 9.19979e+019
3.09904 9.18606e+019
3.10233 9.17233e+019
3.1056 9.15862e+019
3.10888 9.14491e+019
3.11214 9.13122e+019
3.11541 9.11754e+019
3.11867 9.10387e+019
3.12193 9.09022e+019
3.12518 9.07657e+019
3.12843 9.06294e+019
3.13168 9.04932e+019
3.13492 9.0357e+019
3.13816 9.0221e+019
3.14139 9.00852e+019
3.14462 8.99494e+019
3.14785 8.98137e+019
3.15107 8.96782e+019
3.15429 8.95428e+019
3.1575 8.94075e+019
3.16071 8.92723e+019
3.16392 8.91372e+019
3.16712 8.90022e+019
3.17032 8.88674e+019
3.17352 8.87326e+019
3.17671 8.8598e+019
3.1799 8.84635e+019
3.18308 8.83291e+019
3.18626 8.81948e+019
3.18944 8.80606e+019
3.19261 8.79266e+019
3.19578 8.77926e+019
3.19895 8.76588e+019
3.20211 8.75251e+019
3.20526 8.73915e+019
3.20842 8.7258e+019
3.21157 8.71246e+019
3.21471 8.69914e+019
3.21785 8.68582e+019
3.22099 8.67252e+019
3.22413 8.65923e+019
3.22726 8.64595e+019
3.23039 8.63268e+019
3.23351 8.61942e+019
3.23663 8.60617e+019
3.23974 8.59294e+019
3.24286 8.57971e+019
3.24596 8.5665e+019
3.24907 8.5533e+019
3.25217 8.54011e+019
3.25527 8.52693e+019
3.25836 8.51377e+019
3.26145 8.50061e+019
3.26454 8.48747e+019
3.26762 8.47433e+019
3.2707 8.46121e+019
3.27377 8.4481e+019
3.27684 8.435e+019
3.27991 8.42191e+019
3.28298 8.40884e+019
3.28604 8.39577e+019
3.28909 8.38272e+019
3.29214 8.36968e+019
3.29519 8.35664e+019
3.29824 8.34362e+019
3.30128 8.33062e+019
3.30432 8.31762e+019
3.30735 8.30463e+019
3.31039 8.29166e+019
3.31341 8.27869e+019
3.31644 8.26574e+019
3.31946 8.2528e+019
3.32247 8.23987e+019
3.32549 8.22695e+019
3.32849 8.21405e+019
3.3315 8.20115e+019
3.3345 8.18827e+019
3.3375 8.17539e+019
3.3405 8.16253e+019
3.34349 8.14968e+019
3.34647 8.13684e+019
3.34946 8.12401e+019
3.35244 8.11119e+019
3.35541 8.09839e+019
3.35839 8.08559e+019
3.36136 8.07281e+019
3.36432 8.06004e+019
3.36729 8.04728e+019
3.37025 8.03453e+019
3.3732 8.02179e+019
3.37615 8.00906e+019
3.3791 7.99635e+019
3.38205 7.98364e+019
3.38499 7.97095e+019
3.38792 7.95826e+019
3.39086 7.94559e+019
3.39379 7.93293e+019
3.39672 7.92028e+019
3.39964 7.90765e+019
3.40256 7.89502e+019
3.40548 7.8824e+019
3.40839 7.8698e+019
3.4113 7.85721e+019
3.41421 7.84462e+019
3.41711 7.83205e+019
3.42001 7.81949e+019
3.4229 7.80695e+019
3.4258 7.79441e+019
3.42868 7.78188e+019
3.43157 7.76937e+019
3.43445 7.75686e+019
3.43733 7.74437e+019
3.44021 7.73189e+019
3.44308 7.71942e+019
3.44594 7.70696e+019
3.44881 7.69451e+019
3.45167 7.68207e+019
3.45453 7.66965e+019
3.45738 7.65723e+019
3.46023 7.64483e+019
3.46308 7.63243e+019
3.46592 7.62005e+019
3.46877 7.60768e+019
3.4716 7.59532e+019
3.47444 7.58297e+019
3.47727 7.57064e+019
3.48009 7.55831e+019
3.48292 7.54599e+019
3.48574 7.53369e+019
3.48855 7.5214e+019
3.49137 7.50911e+019
3.49418 7.49684e+019
3.49698 7.48458e+019
3.49979 7.47233e+019
3.50259 7.4601e+019
3.50538 7.44787e+019
3.50818 7.43565e+019
3.51097 7.42345e+019
3.51375 7.41125e+019
3.51654 7.39907e+019
3.51932 7.3869e+019
3.52209 7.37474e+019
3.52487 7.36259e+019
3.52764 7.35045e+019
3.5304 7.33832e+019
3.53317 7.3262e+019
3.53593 7.3141e+019
3.53868 7.302e+019
3.54143 7.28992e+019
3.54418 7.27785e+019
3.54693 7.26578e+019
3.54967 7.25373e+019
3.55241 7.24169e+019
3.55515 7.22966e+019
3.55789 7.21765e+019
3.56062 7.20564e+019
3.56334 7.19364e+019
3.56607 7.18166e+019
3.56879 7.16968e+019
3.5715 7.15772e+019
3.57422 7.14577e+019
3.57693 7.13382e+019
3.57963 7.12189e+019
3.58234 7.10997e+019
3.58504 7.09806e+019
3.58774 7.08617e+019
3.59043 7.07428e+019
3.59312 7.0624e+019
3.59581 7.05054e+019
3.5985 7.03868e+019
3.60118 7.02684e+019
3.60386 7.01501e+019
3.60653 7.00318e+019
3.6092 6.99137e+019
3.61187 6.97957e+019
3.61454 6.96778e+019
3.6172 6.956e+019
3.61986 6.94424e+019
3.62251 6.93248e+019
3.62517 6.92073e+019
3.62781 6.909e+019
3.63046 6.89727e+019
3.6331 6.88556e+019
3.63574 6.87386e+019
3.63838 6.86217e+019
3.64101 6.85048e+019
3.64364 6.83881e+019
3.64627 6.82715e+019
3.6489 6.81551e+019
3.65152 6.80387e+019
3.65413 6.79224e+019
3.65675 6.78062e+019
3.65936 6.76902e+019
3.66197 6.75742e+019
3.66457 6.74584e+019
3.66718 6.73427e+019
3.66978 6.7227e+019
3.67237 6.71115e+019
3.67496 6.69961e+019
3.67755 6.68808e+019
3.68014 6.67656e+019
3.68272 6.66505e+019
3.6853 6.65355e+019
3.68788 6.64207e+019
3.69046 6.63059e+019
3.69303 6.61912e+019
3.69559 6.60767e+019
3.69816 6.59622e+019
3.70072 6.58479e+019
3.70328 6.57337e+019
3.70584 6.56195e+019
3.70839 6.55055e+019
3.71094 6.53916e+019
3.71348 6.52778e+019
3.71603 6.51641e+019
3.71857 6.50505e+019
3.7211 6.4937e+019
3.72364 6.48237e+019
3.72617 6.47104e+019
3.7287 6.45972e+019
3.73122 6.44842e+019
3.73375 6.43712e+019
3.73626 6.42584e+019
3.73878 6.41456e+019
3.74129 6.4033e+019
3.7438 6.39205e+019
3.74631 6.3808e+019
3.74881 6.36957e+019
3.75132 6.35835e+019
3.75381 6.34714e+019
3.75631 6.33594e+019
3.7588 6.32475e+019
3.76129 6.31357e+019
3.76378 6.30241e+019
3.76626 6.29125e+019
3.76874 6.2801e+019
3.77122 6.26897e+019
3.77369 6.25784e+019
3.77616 6.24673e+019
3.77863 6.23562e+019
3.78109 6.22453e+019
3.78356 6.21344e+019
3.78602 6.20237e+019
3.78847 6.19131e+019
3.79093 6.18026e+019
3.79338 6.16921e+019
3.79582 6.15818e+019
3.79827 6.14716e+019
3.80071 6.13615e+019
3.80315 6.12515e+019
3.80558 6.11416e+019
3.80802 6.10319e+019
3.81045 6.09222e+019
3.81287 6.08126e+019
3.8153 6.07031e+019
3.81772 6.05938e+019
3.82014 6.04845e+019
3.82255 6.03753e+019
3.82496 6.02663e+019
3.82737 6.01573e+019
3.82978 6.00485e+019
3.83218 5.99398e+019
3.83459 5.98311e+019
3.83698 5.97226e+019
3.83938 5.96142e+019
3.84177 5.95058e+019
3.84416 5.93976e+019
3.84655 5.92895e+019
3.84893 5.91815e+019
3.85131 5.90736e+019
3.85369 5.89658e+019
3.85606 5.88581e+019
3.85844 5.87505e+019
3.86081 5.8643e+019
3.86317 5.85356e+019
3.86554 5.84283e+019
3.8679 5.83212e+019
3.87026 5.82141e+019
3.87261 5.81071e+019
3.87496 5.80003e+019
3.87731 5.78935e+019
3.87966 5.77868e+019
3.882 5.76803e+019
3.88434 5.75738e+019
3.88668 5.74675e+019
3.88902 5.73612e+019
3.89135 5.72551e+019
3.89368 5.7149e+019
3.89601 5.70431e+019
3.89833 5.69372e+019
3.90065 5.68315e+019
3.90297 5.67259e+019
3.90529 5.66203e+019
3.9076 5.65149e+019
3.90991 5.64096e+019
3.91222 5.63044e+019
3.91452 5.61993e+019
3.91683 5.60942e+019
3.91913 5.59893e+019
3.92142 5.58845e+019
3.92372 5.57798e+019
3.92601 5.56752e+019
3.92829 5.55707e+019
3.93058 5.54663e+019
3.93286 5.5362e+019
3.93514 5.52578e+019
3.93742 5.51537e+019
3.93969 5.50497e+019
3.94197 5.49458e+019
3.94424 5.4842e+019
3.9465 5.47384e+019
3.94877 5.46348e+019
3.95103 5.45313e+019
3.95328 5.44279e+019
3.95554 5.43246e+019
3.95779 5.42215e+019
3.96004 5.41184e+019
3.96229 5.40154e+019
3.96454 5.39125e+019
3.96678 5.38098e+019
3.96902 5.37071e+019
3.97125 5.36045e+019
3.97349 5.35021e+019
3.97572 5.33997e+019
3.97795 5.32974e+019
3.98017 5.31953e+019
3.9824 5.30932e+019
3.98462 5.29912e+019
3.98683 5.28894e+019
3.98905 5.27876e+019
3.99126 5.2686e+019
3.99347 5.25844e+019
3.99568 5.2483e+019
3.99788 5.23816e+019
4.00009 5.22803e+019
4.00229 5.21792e+019
4.00448 5.20781e+019
4.00668 5.19772e+019
4.00887 5.18763e+019
4.01106 5.17756e+019
4.01324 5.16749e+019
4.01543 5.15744e+019
4.01761 5.14739e+019
4.01979 5.13736e+019
4.02196 5.12733e+019
4.02413 5.11732e+019
4.02631 5.10731e+019
4.02847 5.09732e+019
4.03064 5.08733e+019
4.0328 5.07736e+019
4.03496 5.06739e+019
4.03712 5.05744e+019
4.03927 5.04749e+019
4.04143 5.03756e+019
4.04358 5.02763e+019
4.04572 5.01772e+019
4.04787 5.00781e+019
4.05001 4.99792e+019
4.05215 4.98803e+019
4.05429 4.97816e+019
4.05642 4.96829e+019
4.05855 4.95844e+019
4.06068 4.94859e+019
4.06281 4.93876e+019
4.06493 4.92893e+019
4.06705 4.91912e+019
4.06917 4.90931e+019
4.07129 4.89952e+019
4.0734 4.88973e+019
4.07551 4.87996e+019
4.07762 4.87019e+019
4.07973 4.86044e+019
4.08183 4.85069e+019
4.08393 4.84095e+019
4.08603 4.83123e+019
4.08813 4.82151e+019
4.09022 4.8118e+019
4.09231 4.80211e+019
4.0944 4.79242e+019
4.09649 4.78274e+019
4.09857 4.77308e+019
4.10065 4.76342e+019
4.10273 4.75377e+019
4.10481 4.74414e+019
4.10688 4.73451e+019
4.10895 4.72489e+019
4.11102 4.71528e+019
4.11309 4.70569e+019
4.11515 4.6961e+019
4.11721 4.68652e+019
4.11927 4.67695e+019
4.12133 4.66739e+019
4.12338 4.65784e+019
4.12543 4.6483e+019
4.12748 4.63878e+019
4.12953 4.62926e+019
4.13157 4.61975e+019
4.13361 4.61025e+019
4.13565 4.60076e+019
4.13769 4.59128e+019
4.13972 4.58181e+019
4.14175 4.57235e+019
4.14378 4.5629e+019
4.14581 4.55345e+019
4.14783 4.54402e+019
4.14986 4.5346e+019
4.15188 4.52519e+019
4.15389 4.51579e+019
4.15591 4.5064e+019
4.15792 4.49701e+019
4.15993 4.48764e+019
4.16194 4.47828e+019
4.16394 4.46893e+019
4.16594 4.45958e+019
4.16794 4.45025e+019
4.16994 4.44092e+019
4.17194 4.43161e+019
4.17393 4.42231e+019
4.17592 4.41301e+019
4.17791 4.40373e+019
4.1799 4.39445e+019
4.18188 4.38518e+019
4.18386 4.37593e+019
4.18584 4.36668e+019
4.18782 4.35745e+019
4.18979 4.34822e+019
4.19176 4.339e+019
4.19373 4.32979e+019
4.1957 4.3206e+019
4.19766 4.31141e+019
4.19962 4.30223e+019
4.20158 4.29306e+019
4.20354 4.2839e+019
4.2055 4.27475e+019
4.20745 4.26561e+019
4.2094 4.25648e+019
4.21135 4.24736e+019
4.21329 4.23825e+019
4.21524 4.22915e+019
4.21718 4.22006e+019
4.21912 4.21098e+019
4.22105 4.2019e+019
4.22299 4.19284e+019
4.22492 4.18379e+019
4.22685 4.17474e+019
4.22878 4.16571e+019
4.2307 4.15669e+019
4.23262 4.14767e+019
4.23454 4.13867e+019
4.23646 4.12967e+019
4.23838 4.12069e+019
4.24029 4.11171e+019
4.2422 4.10274e+019
4.24411 4.09379e+019
4.24602 4.08484e+019
4.24792 4.0759e+019
4.24982 4.06697e+019
4.25172 4.05806e+019
4.25362 4.04915e+019
4.25551 4.04025e+019
4.25741 4.03136e+019
4.2593 4.02248e+019
4.26118 4.01361e+019
4.26307 4.00475e+019
4.26495 3.99589e+019
4.26684 3.98705e+019
4.26871 3.97822e+019
4.27059 3.9694e+019
4.27247 3.96058e+019
4.27434 3.95178e+019
4.27621 3.94299e+019
4.27808 3.9342e+019
4.27994 3.92543e+019
4.28181 3.91666e+019
4.28367 3.9079e+019
4.28553 3.89916e+019
4.28738 3.89042e+019
4.28924 3.88169e+019
4.29109 3.87297e+019
4.29294 3.86427e+019
4.29479 3.85557e+019
4.29663 3.84688e+019
4.29848 3.8382e+019
4.30032 3.82953e+019
4.30216 3.82087e+019
4.30399 3.81222e+019
4.30583 3.80357e+019
4.30766 3.79494e+019
4.30949 3.78632e+019
4.31132 3.77771e+019
4.31314 3.7691e+019
4.31497 3.76051e+019
4.31679 3.75192e+019
4.31861 3.74335e+019
4.32042 3.73478e+019
4.32224 3.72622e+019
4.32405 3.71768e+019
4.32586 3.70914e+019
4.32767 3.70061e+019
4.32948 3.69209e+019
4.33128 3.68358e+019
4.33308 3.67508e+019
4.33488 3.66659e+019
4.33668 3.65811e+019
4.33847 3.64964e+019
4.34027 3.64118e+019
4.34206 3.63273e+019
4.34385 3.62429e+019
4.34563 3.61585e+019
4.34742 3.60743e+019
4.3492 3.59901e+019
4.35098 3.59061e+019
4.35276 3.58221e+019
4.35453 3.57383e+019
4.35631 3.56545e+019
4.35808 3.55708e+019
4.35985 3.54872e+019
4.36162 3.54038e+019
4.36338 3.53204e+019
4.36515 3.52371e+019
4.36691 3.51539e+019
4.36867 3.50708e+019
4.37042 3.49878e+019
4.37218 3.49048e+019
4.37393 3.4822e+019
4.37568 3.47393e+019
4.37743 3.46566e+019
4.37918 3.45741e+019
4.38092 3.44916e+019
4.38266 3.44093e+019
4.3844 3.4327e+019
4.38614 3.42449e+019
4.38788 3.41628e+019
4.38961 3.40808e+019
4.39134 3.39989e+019
4.39307 3.39171e+019
4.3948 3.38354e+019
4.39652 3.37538e+019
4.39825 3.36723e+019
4.39997 3.35909e+019
4.40169 3.35096e+019
4.40341 3.34284e+019
4.40512 3.33472e+019
4.40683 3.32662e+019
4.40854 3.31852e+019
4.41025 3.31044e+019
4.41196 3.30236e+019
4.41367 3.2943e+019
4.41537 3.28624e+019
4.41707 3.27819e+019
4.41877 3.27015e+019
4.42046 3.26212e+019
4.42216 3.2541e+019
4.42385 3.24609e+019
4.42554 3.23809e+019
4.42723 3.2301e+019
4.42892 3.22212e+019
4.4306 3.21415e+019
4.43228 3.20618e+019
4.43397 3.19823e+019
4.43564 3.19028e+019
4.43732 3.18235e+019
4.43899 3.17442e+019
4.44067 3.16651e+019
4.44234 3.1586e+019
4.44401 3.1507e+019
4.44567 3.14281e+019
4.44734 3.13493e+019
4.449 3.12706e+019
4.45066 3.1192e+019
4.45232 3.11135e+019
4.45397 3.10351e+019
4.45563 3.09568e+019
4.45728 3.08785e+019
4.45893 3.08004e+019
4.46058 3.07224e+019
4.46223 3.06444e+019
4.46387 3.05666e+019
4.46551 3.04888e+019
4.46715 3.04111e+019
4.46879 3.03335e+019
4.47043 3.02561e+019
4.47206 3.01787e+019
4.4737 3.01014e+019
4.47533 3.00242e+019
4.47696 2.99471e+019
4.47858 2.98701e+019
4.48021 2.97931e+019
4.48183 2.97163e+019
4.48345 2.96396e+019
4.48507 2.95629e+019
4.48669 2.94864e+019
4.4883 2.94099e+019
4.48992 2.93336e+019
4.49153 2.92573e+019
4.49314 2.91811e+019
4.49475 2.9105e+019
4.49635 2.90291e+019
4.49795 2.89532e+019
4.49956 2.88774e+019
4.50116 2.88017e+019
4.50275 2.8726e+019
4.50435 2.86505e+019
4.50594 2.85751e+019
4.50754 2.84998e+019
4.50913 2.84245e+019
4.51071 2.83494e+019
4.5123 2.82743e+019
4.51389 2.81994e+019
4.51547 2.81245e+019
4.51705 2.80498e+019
4.51863 2.79751e+019
4.5202 2.79005e+019
4.52178 2.7826e+019
4.52335 2.77516e+019
4.52492 2.76773e+019
4.52649 2.76031e+019
4.52806 2.7529e+019
4.52963 2.7455e+019
4.53119 2.7381e+019
4.53275 2.73072e+019
4.53431 2.72335e+019
4.53587 2.71598e+019
4.53742 2.70863e+019
4.53898 2.70128e+019
4.54053 2.69395e+019
4.54208 2.68662e+019
4.54363 2.6793e+019
4.54518 2.67199e+019
4.54672 2.6647e+019
4.54827 2.65741e+019
4.54981 2.65013e+019
4.55135 2.64286e+019
4.55288 2.6356e+019
4.55442 2.62834e+019
4.55595 2.6211e+019
4.55749 2.61387e+019
4.55902 2.60665e+019
4.56054 2.59943e+019
4.56207 2.59223e+019
4.5636 2.58503e+019
4.56512 2.57785e+019
4.56664 2.57067e+019
4.56816 2.56351e+019
4.56968 2.55635e+019
4.57119 2.5492e+019
4.57271 2.54206e+019
4.57422 2.53493e+019
4.57573 2.52782e+019
4.57724 2.52071e+019
4.57874 2.51361e+019
4.58025 2.50652e+019
4.58175 2.49943e+019
4.58325 2.49236e+019
4.58475 2.4853e+019
4.58625 2.47825e+019
4.58774 2.4712e+019
4.58924 2.46417e+019
4.59073 2.45715e+019
4.59222 2.45013e+019
4.59371 2.44313e+019
4.59519 2.43613e+019
4.59668 2.42915e+019
4.59816 2.42217e+019
4.59964 2.4152e+019
4.60112 2.40825e+019
4.6026 2.4013e+019
4.60408 2.39436e+019
4.60555 2.38743e+019
4.60702 2.38051e+019
4.6085 2.3736e+019
4.60996 2.3667e+019
4.61143 2.35981e+019
4.6129 2.35293e+019
4.61436 2.34606e+019
4.61582 2.3392e+019
4.61728 2.33235e+019
4.61874 2.32551e+019
4.6202 2.31867e+019
4.62165 2.31185e+019
4.62311 2.30504e+019
4.62456 2.29823e+019
4.62601 2.29144e+019
4.62745 2.28466e+019
4.6289 2.27788e+019
4.63035 2.27112e+019
4.63179 2.26436e+019
4.63323 2.25762e+019
4.63467 2.25088e+019
4.63611 2.24416e+019
4.63754 2.23744e+019
4.63898 2.23074e+019
4.64041 2.22404e+019
4.64184 2.21735e+019
4.64327 2.21068e+019
4.64469 2.20401e+019
4.64612 2.19735e+019
4.64754 2.1907e+019
4.64897 2.18407e+019
4.65039 2.17744e+019
4.65181 2.17082e+019
4.65322 2.16421e+019
4.65464 2.15761e+019
4.65605 2.15102e+019
4.65746 2.14445e+019
4.65887 2.13788e+019
4.66028 2.13132e+019
4.66169 2.12477e+019
4.66309 2.11823e+019
4.6645 2.1117e+019
4.6659 2.10518e+019
4.6673 2.09867e+019
4.6687 2.09217e+019
4.67009 2.08569e+019
4.67149 2.07921e+019
4.67288 2.07274e+019
4.67427 2.06628e+019
4.67566 2.05983e+019
4.67705 2.05339e+019
4.67844 2.04696e+019
4.67982 2.04054e+019
4.68121 2.03413e+019
4.68259 2.02773e+019
4.68397 2.02134e+019
4.68535 2.01496e+019
4.68672 2.0086e+019
4.6881 2.00224e+019
4.68947 1.99589e+019
4.69084 1.98955e+019
4.69221 1.98322e+019
4.69358 1.9769e+019
4.69495 1.9706e+019
4.69631 1.9643e+019
4.69768 1.95801e+019
4.69904 1.95173e+019
4.7004 1.94547e+019
4.70176 1.93921e+019
4.70312 1.93296e+019
4.70447 1.92673e+019
4.70583 1.9205e+019
4.70718 1.91428e+019
4.70853 1.90808e+019
4.70988 1.90188e+019
4.71122 1.8957e+019
4.71257 1.88952e+019
4.71391 1.88336e+019
4.71526 1.87721e+019
4.7166 1.87106e+019
4.71794 1.86493e+019
4.71927 1.85881e+019
4.72061 1.8527e+019
4.72194 1.8466e+019
4.72328 1.8405e+019
4.72461 1.83442e+019
4.72594 1.82835e+019
4.72727 1.82229e+019
4.72859 1.81624e+019
4.72992 1.81021e+019
4.73124 1.80418e+019
4.73256 1.79816e+019
4.73388 1.79215e+019
4.7352 1.78616e+019
4.73652 1.78017e+019
4.73783 1.7742e+019
4.73915 1.76823e+019
4.74046 1.76228e+019
4.74177 1.75634e+019
4.74308 1.7504e+019
4.74439 1.74448e+019
4.74569 1.73857e+019
4.747 1.73267e+019
4.7483 1.72678e+019
4.7496 1.7209e+019
4.7509 1.71503e+019
4.7522 1.70918e+019
4.75349 1.70333e+019
4.75479 1.6975e+019
4.75608 1.69167e+019
4.75737 1.68586e+019
4.75866 1.68005e+019
4.75995 1.67426e+019
4.76124 1.66848e+019
4.76252 1.66271e+019
4.76381 1.65695e+019
4.76509 1.6512e+019
4.76637 1.64547e+019
4.76765 1.63974e+019
4.76893 1.63403e+019
4.77021 1.62832e+019
4.77148 1.62263e+019
4.77275 1.61695e+019
4.77403 1.61127e+019
4.7753 1.60561e+019
4.77657 1.59997e+019
4.77783 1.59433e+019
4.7791 1.5887e+019
4.78036 1.58309e+019
4.78162 1.57748e+019
4.78289 1.57189e+019
4.78415 1.56631e+019
4.7854 1.56074e+019
4.78666 1.55518e+019
4.78792 1.54963e+019
4.78917 1.54409e+019
4.79042 1.53857e+019
4.79167 1.53305e+019
4.79292 1.52755e+019
4.79417 1.52206e+019
4.79541 1.51658e+019
4.79666 1.51111e+019
4.7979 1.50565e+019
4.79914 1.50021e+019
4.80038 1.49477e+019
4.80162 1.48935e+019
4.80286 1.48394e+019
4.80409 1.47854e+019
4.80533 1.47315e+019
4.80656 1.46777e+019
4.80779 1.46241e+019
4.80902 1.45705e+019
4.81025 1.45171e+019
4.81148 1.44638e+019
4.8127 1.44106e+019
4.81393 1.43575e+019
4.81515 1.43045e+019
4.81637 1.42517e+019
4.81759 1.4199e+019
4.81881 1.41464e+019
4.82002 1.40939e+019
4.82124 1.40415e+019
4.82245 1.39892e+019
4.82366 1.39371e+019
4.82488 1.3885e+019
4.82608 1.38331e+019
4.82729 1.37813e+019
4.8285 1.37297e+019
4.8297 1.36781e+019
4.83091 1.36267e+019
4.83211 1.35754e+019
4.83331 1.35242e+019
4.83451 1.34731e+019
4.83571 1.34221e+019
4.8369 1.33713e+019
4.8381 1.33206e+019
4.83929 1.327e+019
4.84048 1.32195e+019
4.84167 1.31691e+019
4.84286 1.31189e+019
4.84405 1.30687e+019
4.84524 1.30187e+019
4.84642 1.29688e+019
4.8476 1.29191e+019
4.84879 1.28694e+019
4.84997 1.28199e+019
4.85115 1.27705e+019
4.85232 1.27212e+019
4.8535 1.26721e+019
4.85467 1.2623e+019
4.85585 1.25741e+019
4.85702 1.25253e+019
4.85819 1.24766e+019
4.85936 1.24281e+019
4.86053 1.23797e+019
4.86169 1.23314e+019
4.86286 1.22832e+019
4.86402 1.22351e+019
4.86518 1.21872e+019
4.86635 1.21393e+019
4.8675 1.20916e+019
4.86866 1.20441e+019
4.86982 1.19966e+019
4.87097 1.19493e+019
4.87213 1.19021e+019
4.87328 1.1855e+019
4.87443 1.1808e+019
4.87558 1.17612e+019
4.87673 1.17145e+019
4.87788 1.16679e+019
4.87902 1.16214e+019
4.88017 1.15751e+019
4.88131 1.15289e+019
4.88245 1.14828e+019
4.88359 1.14368e+019
4.88473 1.1391e+019
4.88587 1.13452e+019
4.887 1.12997e+019
4.88814 1.12542e+019
4.88927 1.12088e+019
4.8904 1.11636e+019
4.89153 1.11185e+019
4.89266 1.10735e+019
4.89379 1.10287e+019
4.89492 1.0984e+019
4.89604 1.09394e+019
4.89717 1.08949e+019
4.89829 1.08506e+019
4.89941 1.08063e+019
4.90053 1.07622e+019
4.90165 1.07183e+019
4.90276 1.06744e+019
4.90388 1.06307e+019
4.90499 1.05871e+019
4.90611 1.05436e+019
4.90722 1.05003e+019
4.90833 1.04571e+019
4.90944 1.0414e+019
4.91055 1.0371e+019
4.91165 1.03282e+019
4.91276 1.02855e+019
4.91386 1.02429e+019
4.91496 1.02004e+019
4.91607 1.01581e+019
4.91717 1.01159e+019
4.91826 1.00738e+019
4.91936 1.00318e+019
4.92046 9.99001e+018
4.92155 9.94831e+018
4.92264 9.90673e+018
4.92374 9.86528e+018
4.92483 9.82396e+018
4.92592 9.78276e+018
4.927 9.74169e+018
4.92809 9.70075e+018
4.92918 9.65993e+018
4.93026 9.61924e+018
4.93134 9.57867e+018
4.93242 9.53824e+018
4.9335 9.49792e+018
4.93458 9.45774e+018
4.93566 9.41768e+018
4.93674 9.37775e+018
4.93781 9.33794e+018
4.93888 9.29826e+018
4.93996 9.25871e+018
4.94103 9.21929e+018
4.9421 9.17999e+018
4.94317 9.14081e+018
4.94423 9.10177e+018
4.9453 9.06285e+018
4.94636 9.02405e+018
4.94743 8.98538e+018
4.94849 8.94684e+018
4.94955 8.90843e+018
4.95061 8.87014e+018
4.95167 8.83198e+018
4.95273 8.79394e+018
4.95378 8.75603e+018
4.95484 8.71825e+018
4.95589 8.68059e+018
4.95694 8.64306e+018
4.95799 8.60565e+018
4.95904 8.56837e+018
4.96009 8.53122e+018
4.96114 8.49419e+018
4.96218 8.45729e+018
4.96323 8.42051e+018
4.96427 8.38386e+018
4.96531 8.34733e+018
4.96635 8.31093e+018
4.96739 8.27466e+018
4.96843 8.23851e+018
4.96947 8.20248e+018
4.9705 8.16658e+018
4.97154 8.13081e+018
4.97257 8.09516e+018
4.9736 8.05964e+018
4.97463 8.02424e+018
4.97566 7.98896e+018
4.97669 7.95381e+018
4.97772 7.91879e+018
4.97874 7.88388e+018
4.97977 7.84911e+018
4.98079 7.81445e+018
4.98181 7.77993e+018
4.98283 7.74552e+018
4.98385 7.71124e+018
4.98487 7.67708e+018
4.98589 7.64305e+018
4.9869 7.60914e+018
4.98792 7.57535e+018
4.98893 7.54169e+018
4.98994 7.50815e+018
4.99095 7.47473e+018
4.99196 7.44143e+018
4.99297 7.40826e+018
4.99398 7.37521e+018
4.99499 7.34228e+018
4.99599 7.30948e+018
4.997 7.2768e+018
4.998 7.24424e+018
4.999 7.2118e+018
5 7.17948e+018
5.001 7.14725e+018
5.002 7.11509e+018
5.003 7.08299e+018
5.004 7.05095e+018
5.00501 7.01898e+018
5.00601 6.98706e+018
5.00701 6.95522e+018
5.00802 6.92343e+018
5.00902 6.89171e+018
5.01003 6.86005e+018
5.01104 6.82846e+018
5.01204 6.79693e+018
5.01305 6.76547e+018
5.01406 6.73407e+018
5.01507 6.70274e+018
5.01608 6.67147e+018
5.01709 6.64027e+018
5.0181 6.60914e+018
5.01911 6.57808e+018
5.02012 6.54708e+018
5.02114 6.51615e+018
5.02215 6.48529e+018
5.02317 6.45449e+018
5.02418 6.42377e+018
5.0252 6.39312e+018
5.02621 6.36253e+018
5.02723 6.33201e+018
5.02825 6.30157e+018
5.02927 6.27119e+018
5.03029 6.24089e+018
5.03131 6.21065e+018
5.03233 6.18049e+018
5.03335 6.1504e+018
5.03437 6.12038e+018
5.03539 6.09043e+018
5.03642 6.06055e+018
5.03744 6.03075e+018
5.03847 6.00102e+018
5.03949 5.97137e+018
5.04052 5.94178e+018
5.04155 5.91227e+018
5.04257 5.88284e+018
5.0436 5.85348e+018
5.04463 5.82419e+018
5.04566 5.79498e+018
5.04669 5.76584e+018
5.04772 5.73678e+018
5.04875 5.7078e+018
5.04979 5.67889e+018
5.05082 5.65006e+018
5.05185 5.6213e+018
5.05289 5.59262e+018
5.05392 5.56402e+018
5.05496 5.5355e+018
5.05599 5.50705e+018
5.05703 5.47868e+018
5.05807 5.45039e+018
5.05911 5.42218e+018
5.06015 5.39404e+018
5.06119 5.36599e+018
5.06223 5.33801e+018
5.06327 5.31011e+018
5.06431 5.28229e+018
5.06535 5.25456e+018
5.0664 5.2269e+018
5.06744 5.19932e+018
5.06849 5.17182e+018
5.06953 5.14441e+018
5.07058 5.11707e+018
5.07163 5.08981e+018
5.07267 5.06264e+018
5.07372 5.03555e+018
5.07477 5.00854e+018
5.07582 4.98161e+018
5.07687 4.95476e+018
5.07792 4.928e+018
5.07897 4.90132e+018
5.08003 4.87472e+018
5.08108 4.84821e+018
5.08213 4.82177e+018
5.08319 4.79542e+018
5.08424 4.76916e+018
5.0853 4.74298e+018
5.08636 4.71688e+018
5.08741 4.69086e+018
5.08847 4.66493e+018
5.08953 4.63909e+018
5.09059 4.61333e+018
5.09165 4.58765e+018
5.09271 4.56206e+018
5.09377 4.53655e+018
5.09484 4.51113e+018
5.0959 4.4858e+018
5.09696 4.46055e+018
5.09803 4.43538e+018
5.09909 4.4103e+018
5.10016 4.38531e+018
5.10122 4.3604e+018
5.10229 4.33558e+018
5.10336 4.31085e+018
5.10443 4.2862e+018
5.1055 4.26164e+018
5.10657 4.23717e+018
5.10764 4.21278e+018
5.10871 4.18848e+018
5.10978 4.16426e+018
5.11086 4.14014e+018
5.11193 4.1161e+018
5.113 4.09215e+018
5.11408 4.06828e+018
5.11516 4.04451e+018
5.11623 4.02082e+018
5.11731 3.99721e+018
5.11839 3.9737e+018
5.11947 3.95028e+018
5.12055 3.92694e+018
5.12163 3.90369e+018
5.12271 3.88053e+018
5.12379 3.85745e+018
5.12487 3.83447e+018
5.12596 3.81157e+018
5.12704 3.78877e+018
5.12812 3.76605e+018
5.12921 3.74342e+018
5.13029 3.72087e+018
5.13138 3.69842e+018
5.13247 3.67606e+018
5.13356 3.65378e+018
5.13465 3.63159e+018
5.13574 3.60949e+018
5.13683 3.58749e+018
5.13792 3.56556e+018
5.13901 3.54373e+018
5.1401 3.52199e+018
5.1412 3.50034e+018
5.14229 3.47877e+018
5.14338 3.4573e+018
5.14448 3.43591e+018
5.14558 3.41461e+018
5.14667 3.3934e+018
5.14777 3.37228e+018
5.14887 3.35125e+018
5.14997 3.33031e+018
5.15107 3.30946e+018
5.15217 3.2887e+018
5.15327 3.26802e+018
5.15437 3.24744e+018
5.15547 3.22694e+018
5.15658 3.20653e+018
5.15768 3.18621e+018
5.15879 3.16598e+018
5.15989 3.14584e+018
5.161 3.12579e+018
5.16211 3.10583e+018
5.16322 3.08595e+018
5.16432 3.06617e+018
5.16543 3.04647e+018
5.16654 3.02686e+018
5.16765 3.00734e+018
5.16877 2.98791e+018
5.16988 2.96857e+018
5.17099 2.94931e+018
5.17211 2.93014e+018
5.17322 2.91107e+018
5.17434 2.89208e+018
5.17545 2.87317e+018
5.17657 2.85436e+018
5.17769 2.83563e+018
5.17881 2.817e+018
5.17992 2.79844e+018
5.18104 2.77998e+018
5.18216 2.76161e+018
5.18329 2.74332e+018
5.18441 2.72512e+018
5.18553 2.707e+018
5.18665 2.68898e+018
5.18778 2.67104e+018
5.1889 2.65319e+018
5.19003 2.63542e+018
5.19116 2.61774e+018
5.19228 2.60015e+018
5.19341 2.58265e+018
5.19454 2.56523e+018
5.19567 2.54789e+018
5.1968 2.53065e+018
5.19793 2.51349e+018
5.19906 2.49641e+018
5.2002 2.47942e+018
5.20133 2.46252e+018
5.20246 2.4457e+018
5.2036 2.42897e+018
5.20473 2.41232e+018
5.20587 2.39576e+018
5.20701 2.37928e+018
5.20815 2.36288e+018
5.20929 2.34657e+018
5.21042 2.33035e+018
5.21156 2.31421e+018
5.21271 2.29815e+018
5.21385 2.28218e+018
5.21499 2.26629e+018
5.21613 2.25049e+018
5.21728 2.23477e+018
5.21842 2.21913e+018
5.21957 2.20357e+018
5.22071 2.1881e+018
5.22186 2.17271e+018
5.22301 2.1574e+018
5.22416 2.14218e+018
5.22531 2.12703e+018
5.22646 2.11197e+018
5.22761 2.09699e+018
5.22876 2.08209e+018
5.22991 2.06728e+018
5.23107 2.05254e+018
5.23222 2.03789e+018
5.23337 2.02331e+018
5.23453 2.00882e+018
5.23569 1.99441e+018
5.23684 1.98007e+018
5.238 1.96582e+018
5.23916 1.95165e+018
5.24032 1.93755e+018
5.24148 1.92354e+018
5.24264 1.9096e+018
5.2438 1.89575e+018
5.24496 1.88197e+018
5.24613 1.86827e+018
5.24729 1.85465e+018
5.24846 1.8411e+018
5.24962 1.82764e+018
5.25079 1.81425e+018
5.25196 1.80094e+018
5.25312 1.7877e+018
5.25429 1.77455e+018
5.25546 1.76146e+018
5.25663 1.74846e+018
5.2578 1.73553e+018
5.25897 1.72268e+018
5.26015 1.7099e+018
5.26132 1.6972e+018
5.26249 1.68457e+018
5.26367 1.67202e+018
5.26485 1.65954e+018
5.26602 1.64714e+018
5.2672 1.63481e+018
5.26838 1.62256e+018
5.26956 1.61038e+018
5.27074 1.59827e+018
5.27192 1.58623e+018
5.2731 1.57427e+018
5.27428 1.56238e+018
5.27546 1.55057e+018
5.27665 1.53882e+018
5.27783 1.52715e+018
5.27902 1.51555e+018
5.2802 1.50402e+018
5.28139 1.49256e+018
5.28258 1.48117e+018
5.28376 1.46985e+018
5.28495 1.45861e+018
5.28614 1.44743e+018
5.28733 1.43632e+018
5.28853 1.42528e+018
5.28972 1.41431e+018
5.29091 1.40341e+018
5.29211 1.39258e+018
5.2933 1.38182e+018
5.2945 1.37112e+018
5.29569 1.3605e+018
5.29689 1.34994e+018
5.29809 1.33945e+018
5.29929 1.32902e+018
5.30048 1.31866e+018
5.30169 1.30837e+018
5.30289 1.29815e+018
5.30409 1.28799e+018
5.30529 1.27789e+018
5.30649 1.26786e+018
5.3077 1.2579e+018
5.3089 1.248e+018
5.31011 1.23817e+018
5.31132 1.2284e+018
5.31252 1.21869e+018
5.31373 1.20905e+018
5.31494 1.19947e+018
5.31615 1.18996e+018
5.31736 1.1805e+018
5.31857 1.17111e+018
5.31979 1.16179e+018
5.321 1.15252e+018
5.32221 1.14332e+018
5.32343 1.13418e+018
5.32464 1.12509e+018
5.32586 1.11607e+018
5.32708 1.10711e+018
5.3283 1.09822e+018
5.32951 1.08938e+018
5.33073 1.0806e+018
5.33195 1.07188e+018
5.33318 1.06322e+018
5.3344 1.05462e+018
5.33562 1.04607e+018
5.33684 1.03759e+018
5.33807 1.02916e+018
5.33929 1.02079e+018
5.34052 1.01248e+018
5.34175 1.00423e+018
5.34298 9.96032e+017
5.3442 9.87892e+017
5.34543 9.79808e+017
5.34666 9.7178e+017
5.34789 9.63809e+017
5.34913 9.55893e+017
5.35036 9.48032e+017
5.35159 9.40226e+017
5.35283 9.32475e+017
5.35406 9.24779e+017
5.3553 9.17136e+017
5.35654 9.09548e+017
5.35777 9.02013e+017
5.35901 8.94531e+017
5.36025 8.87103e+017
5.36149 8.79727e+017
5.36273 8.72404e+017
5.36397 8.65133e+017
5.36522 8.57914e+017
5.36646 8.50747e+017
5.3677 8.43631e+017
5.36895 8.36566e+017
5.3702 8.29552e+017
5.37144 8.22589e+017
5.37269 8.15676e+017
5.37394 8.08812e+017
5.37519 8.01999e+017
5.37644 7.95235e+017
5.37769 7.88521e+017
5.37894 7.81855e+017
5.38019 7.75238e+017
5.38145 7.68669e+017
5.3827 7.62149e+017
5.38396 7.55676e+017
5.38521 7.49251e+017
5.38647 7.42873e+017
5.38773 7.36542e+017
5.38899 7.30258e+017
5.39024 7.24021e+017
5.39151 7.1783e+017
5.39277 7.11685e+017
5.39403 7.05585e+017
5.39529 6.99531e+017
5.39655 6.93522e+017
5.39782 6.87558e+017
5.39908 6.81639e+017
5.40035 6.75764e+017
5.40162 6.69933e+017
5.40288 6.64146e+017
5.40415 6.58403e+017
5.40542 6.52703e+017
5.40669 6.47046e+017
5.40796 6.41432e+017
5.40924 6.35861e+017
5.41051 6.30332e+017
5.41178 6.24845e+017
5.41306 6.194e+017
5.41433 6.13996e+017
5.41561 6.08634e+017
5.41689 6.03313e+017
5.41816 5.98032e+017
5.41944 5.92793e+017
5.42072 5.87593e+017
5.422 5.82434e+017
5.42328 5.77314e+017
5.42457 5.72234e+017
5.42585 5.67193e+017
5.42713 5.62192e+017
5.42842 5.57229e+017
5.4297 5.52305e+017
5.43099 5.47419e+017
5.43228 5.42571e+017
5.43357 5.37761e+017
5.43485 5.32989e+017
5.43614 5.28254e+017
5.43744 5.23556e+017
5.43873 5.18895e+017
5.44002 5.14271e+017
5.44131 5.09683e+017
5.44261 5.05132e+017
5.4439 5.00616e+017
5.4452 4.96137e+017
5.4465 4.91692e+017
5.44779 4.87283e+017
5.44909 4.82909e+017
5.45039 4.7857e+017
5.45169 4.74265e+017
5.45299 4.69995e+017
5.45429 4.65759e+017
5.4556 4.61557e+017
5.4569 4.57388e+017
5.45821 4.53253e+017
5.45951 4.49152e+017
5.46082 4.45083e+017
5.46213 4.41047e+017
5.46343 4.37043e+017
5.46474 4.33072e+017
5.46605 4.29133e+017
5.46736 4.25226e+017
5.46867 4.21351e+017
5.46999 4.17507e+017
5.4713 4.13695e+017
5.47261 4.09913e+017
5.47393 4.06163e+017
5.47525 4.02443e+017
5.47656 3.98753e+017
5.47788 3.95094e+017
5.4792 3.91465e+017
5.48052 3.87865e+017
5.48184 3.84295e+017
5.48316 3.80755e+017
5.48448 3.77244e+017
5.48581 3.73761e+017
5.48713 3.70308e+017
5.48845 3.66883e+017
5.48978 3.63486e+017
5.49111 3.60118e+017
5.49243 3.56777e+017
5.49376 3.53465e+017
5.49509 3.5018e+017
5.49642 3.46922e+017
5.49775 3.43692e+017
5.49908 3.40489e+017
5.50042 3.37312e+017
5.50175 3.34162e+017
5.50309 3.31039e+017
5.50442 3.27941e+017
5.50576 3.2487e+017
5.50709 3.21825e+017
5.50843 3.18805e+017
5.50977 3.15811e+017
5.51111 3.12842e+017
5.51245 3.09899e+017
5.51379 3.0698e+017
5.51514 3.04086e+017
5.51648 3.01217e+017
5.51782 2.98372e+017
5.51917 2.95551e+017
5.52052 2.92754e+017
5.52186 2.89982e+017
5.52321 2.87233e+017
5.52456 2.84507e+017
5.52591 2.81805e+017
5.52726 2.79126e+017
5.52861 2.7647e+017
5.52996 2.73837e+017
5.53132 2.71226e+017
5.53267 2.68638e+017
5.53403 2.66072e+017
5.53538 2.63529e+017
5.53674 2.61008e+017
5.5381 2.58508e+017
5.53946 2.5603e+017
5.54082 2.53573e+017
5.54218 2.51138e+017
5.54354 2.48724e+017
5.5449 2.46331e+017
5.54626 2.43959e+017
5.54763 2.41608e+017
5.54899 2.39277e+017
5.55036 2.36967e+017
5.55173 2.34677e+017
5.5531 2.32406e+017
5.55446 2.30156e+017
5.55583 2.27926e+017
5.5572 2.25715e+017
5.55858 2.23524e+017
5.55995 2.21352e+017
5.56132 2.19199e+017
5.5627 2.17065e+017
5.56407 2.14951e+017
5.56545 2.12854e+017
5.56682 2.10777e+017
5.5682 2.08718e+017
5.56958 2.06677e+017
5.57096 2.04654e+017
5.57234 2.0265e+017
5.57372 2.00663e+017
5.57511 1.98694e+017
5.57649 1.96742e+017
5.57787 1.94808e+017
5.57926 1.92892e+017
5.58065 1.90992e+017
5.58203 1.8911e+017
5.58342 1.87244e+017
5.58481 1.85395e+017
5.5862 1.83563e+017
5.58759 1.81748e+017
5.58898 1.79948e+017
5.59038 1.78165e+017
5.59177 1.76399e+017
5.59316 1.74648e+017
5.59456 1.72913e+017
5.59596 1.71193e+017
5.59735 1.6949e+017
5.59875 1.67802e+017
5.60015 1.66129e+017
5.60155 1.64471e+017
5.60295 1.62829e+017
5.60435 1.61201e+017
5.60576 1.59589e+017
5.60716 1.57991e+017
5.60857 1.56408e+017
5.60997 1.54839e+017
5.61138 1.53285e+017
5.61279 1.51745e+017
5.6142 1.50219e+017
5.6156 1.48707e+017
5.61702 1.47209e+017
5.61843 1.45725e+017
5.61984 1.44255e+017
5.62125 1.42798e+017
5.62267 1.41354e+017
5.62408 1.39924e+017
5.6255 1.38508e+017
5.62692 1.37104e+017
5.62833 1.35714e+017
5.62975 1.34336e+017
5.63117 1.32971e+017
5.63259 1.31619e+017
5.63401 1.3028e+017
5.63544 1.28953e+017
5.63686 1.27638e+017
5.63829 1.26336e+017
5.63971 1.25046e+017
5.64114 1.23768e+017
5.64257 1.22502e+017
5.64399 1.21248e+017
5.64542 1.20005e+017
5.64685 1.18775e+017
5.64829 1.17556e+017
5.64972 1.16348e+017
5.65115 1.15152e+017
5.65259 1.13967e+017
5.65402 1.12793e+017
5.65546 1.11631e+017
5.65689 1.10479e+017
5.65833 1.09339e+017
5.65977 1.08209e+017
5.66121 1.0709e+017
5.66265 1.05981e+017
5.66409 1.04884e+017
5.66554 1.03796e+017
5.66698 1.02719e+017
5.66843 1.01652e+017
5.66987 1.00596e+017
5.67132 9.95495e+016
5.67277 9.85131e+016
5.67421 9.74866e+016
5.67566 9.64699e+016
5.67711 9.54631e+016
5.67857 9.44659e+016
5.68002 9.34783e+016
5.68147 9.25002e+016
5.68293 9.15315e+016
5.68438 9.05722e+016
5.68584 8.96221e+016
5.6873 8.86813e+016
5.68875 8.77495e+016
5.69021 8.68268e+016
5.69167 8.5913e+016
5.69313 8.50081e+016
5.6946 8.41119e+016
5.69606 8.32245e+016
5.69752 8.23457e+016
5.69899 8.14755e+016
5.70046 8.06138e+016
5.70192 7.97604e+016
5.70339 7.89154e+016
5.70486 7.80787e+016
5.70633 7.72502e+016
5.7078 7.64297e+016
5.70927 7.56174e+016
5.71075 7.48129e+016
5.71222 7.40164e+016
5.71369 7.32278e+016
5.71517 7.24468e+016
5.71665 7.16736e+016
5.71813 7.0908e+016
5.7196 7.015e+016
5.72108 6.93994e+016
5.72257 6.86563e+016
5.72405 6.79205e+016
5.72553 6.7192e+016
5.72701 6.64708e+016
5.7285 6.57566e+016
5.72998 6.50496e+016
5.73147 6.43496e+016
5.73296 6.36566e+016
5.73445 6.29705e+016
5.73594 6.22912e+016
5.73743 6.16187e+016
5.73892 6.09529e+016
5.74041 6.02938e+016
5.74191 5.96413e+016
5.7434 5.89953e+016
5.7449 5.83558e+016
5.74639 5.77227e+016
5.74789 5.70959e+016
5.74939 5.64755e+016
5.75089 5.58613e+016
5.75239 5.52533e+016
5.75389 5.46514e+016
5.7554 5.40555e+016
5.7569 5.34657e+016
5.7584 5.28819e+016
5.75991 5.2304e+016
5.76142 5.17319e+016
5.76292 5.11656e+016
5.76443 5.06051e+016
5.76594 5.00502e+016
5.76745 4.9501e+016
5.76897 4.89574e+016
5.77048 4.84193e+016
5.77199 4.78867e+016
5.77351 4.73595e+016
5.77502 4.68377e+016
5.77654 4.63212e+016
5.77806 4.58101e+016
5.77958 4.53041e+016
5.7811 4.48033e+016
5.78262 4.43077e+016
5.78414 4.38172e+016
5.78566 4.33317e+016
5.78719 4.28511e+016
5.78871 4.23756e+016
5.79024 4.19049e+016
5.79176 4.14391e+016
5.79329 4.09781e+016
5.79482 4.05218e+016
5.79635 4.00703e+016
5.79788 3.96234e+016
5.79941 3.91812e+016
5.80095 3.87435e+016
5.80248 3.83104e+016
5.80402 3.78818e+016
5.80555 3.74576e+016
5.80709 3.70378e+016
5.80863 3.66225e+016
5.81017 3.62114e+016
5.81171 3.58046e+016
5.81325 3.54021e+016
5.81479 3.50038e+016
5.81634 3.46096e+016
5.81788 3.42196e+016
5.81943 3.38337e+016
5.82097 3.34518e+016
5.82252 3.30739e+016
5.82407 3.26999e+016
5.82562 3.23299e+016
5.82717 3.19638e+016
5.82872 3.16016e+016
5.83027 3.12432e+016
5.83183 3.08885e+016
5.83338 3.05376e+016
5.83494 3.01904e+016
5.83649 2.98469e+016
5.83805 2.9507e+016
5.83961 2.91707e+016
5.84117 2.8838e+016
5.84273 2.85088e+016
5.84429 2.81831e+016
5.84586 2.78609e+016
5.84742 2.75421e+016
5.84899 2.72267e+016
5.85055 2.69147e+016
5.85212 2.66059e+016
5.85369 2.63005e+016
5.85526 2.59984e+016
5.85683 2.56994e+016
5.8584 2.54037e+016
5.85997 2.51112e+016
5.86154 2.48218e+016
5.86312 2.45355e+016
5.86469 2.42522e+016
5.86627 2.3972e+016
5.86785 2.36949e+016
5.86943 2.34207e+016
5.87101 2.31494e+016
5.87259 2.28811e+016
5.87417 2.26157e+016
5.87575 2.23532e+016
5.87734 2.20935e+016
5.87892 2.18366e+016
5.88051 2.15825e+016
5.8821 2.13312e+016
5.88368 2.10826e+016
5.88527 2.08367e+016
5.88686 2.05934e+016
5.88846 2.03528e+016
5.89005 2.01149e+016
5.89164 1.98795e+016
5.89324 1.96467e+016
5.89483 1.94164e+016
5.89643 1.91887e+016
5.89803 1.89634e+016
5.89963 1.87406e+016
5.90123 1.85203e+016
5.90283 1.83023e+016
5.90443 1.80868e+016
5.90603 1.78736e+016
5.90764 1.76628e+016
5.90924 1.74543e+016
5.91085 1.72481e+016
5.91246 1.70442e+016
5.91406 1.68425e+016
5.91567 1.6643e+016
5.91728 1.64458e+016
5.9189 1.62507e+016
5.92051 1.60578e+016
5.92212 1.5867e+016
5.92374 1.56784e+016
5.92535 1.54918e+016
5.92697 1.53073e+016
5.92859 1.51249e+016
5.93021 1.49445e+016
5.93183 1.47661e+016
5.93345 1.45897e+016
5.93507 1.44152e+016
5.9367 1.42427e+016
5.93832 1.40722e+016
5.93995 1.39035e+016
5.94157 1.37368e+016
5.9432 1.35719e+016
5.94483 1.34088e+016
5.94646 1.32476e+016
5.94809 1.30882e+016
5.94972 1.29306e+016
5.95136 1.27748e+016
5.95299 1.26207e+016
5.95463 1.24683e+016
5.95626 1.23177e+016
5.9579 1.21688e+016
5.95954 1.20216e+016
5.96118 1.1876e+016
5.96282 1.17321e+016
5.96446 1.15898e+016
5.96611 1.14491e+016
5.96775 1.131e+016
5.9694 1.11725e+016
5.97104 1.10366e+016
5.97269 1.09022e+016
5.97434 1.07693e+016
5.97599 1.0638e+016
5.97764 1.05081e+016
5.97929 1.03797e+016
5.98095 1.02528e+016
5.9826 1.01274e+016
5.98426 1.00034e+016
5.98591 9.8808e+015
5.98757 9.75961e+015
5.98923 9.63982e+015
5.99089 9.52141e+015
5.99255 9.40435e+015
5.99421 9.28865e+015
5.99587 9.17427e+015
5.99754 9.06122e+015
5.9992 8.94947e+015
6.00087 8.83901e+015
6.00254 8.72982e+015
6.00421 8.6219e+015
6.00588 8.51523e+015
6.00755 8.40979e+015
6.00922 8.30558e+015
6.01089 8.20258e+015
6.01257 8.10077e+015
6.01424 8.00015e+015
6.01592 7.90069e+015
6.0176 7.8024e+015
6.01927 7.70525e+015
6.02095 7.60924e+015
6.02263 7.51434e+015
6.02432 7.42056e+015
6.026 7.32787e+015
6.02768 7.23627e+015
6.02937 7.14574e+015
6.03106 7.05627e+015
6.03274 6.96785e+015
6.03443 6.88047e+015
6.03612 6.79412e+015
6.03781 6.70878e+015
6.03951 6.62445e+015
6.0412 6.54111e+015
6.04289 6.45876e+015
6.04459 6.37737e+015
6.04629 6.29695e+015
6.04798 6.21748e+015
6.04968 6.13895e+015
6.05138 6.06135e+015
6.05308 5.98467e+015
6.05479 5.9089e+015
6.05649 5.83403e+015
6.05819 5.76005e+015
6.0599 5.68696e+015
6.06161 5.61473e+015
6.06331 5.54336e+015
6.06502 5.47284e+015
6.06673 5.40316e+015
6.06845 5.33432e+015
6.07016 5.2663e+015
6.07187 5.1991e+015
6.07359 5.13269e+015
6.0753 5.06709e+015
6.07702 5.00227e+015
6.07874 4.93823e+015
6.08046 4.87496e+015
6.08218 4.81245e+015
6.0839 4.75069e+015
6.08562 4.68968e+015
6.08735 4.62941e+015
6.08907 4.56986e+015
6.0908 4.51103e+015
6.09253 4.45291e+015
6.09425 4.39549e+015
6.09598 4.33877e+015
6.09772 4.28274e+015
6.09945 4.22738e+015
6.10118 4.1727e+015
6.10292 4.11869e+015
6.10465 4.06533e+015
6.10639 4.01261e+015
6.10813 3.96055e+015
6.10986 3.90911e+015
6.11161 3.85831e+015
6.11335 3.80812e+015
6.11509 3.75855e+015
6.11683 3.70958e+015
6.11858 3.66122e+015
6.12032 3.61344e+015
6.12207 3.56626e+015
6.12382 3.51965e+015
6.12557 3.47361e+015
6.12732 3.42814e+015
6.12907 3.38323e+015
6.13082 3.33887e+015
6.13258 3.29506e+015
6.13433 3.25179e+015
6.13609 3.20906e+015
6.13785 3.16685e+015
6.13961 3.12516e+015
6.14137 3.08399e+015
6.14313 3.04334e+015
6.14489 3.00318e+015
6.14665 2.96352e+015
6.14842 2.92436e+015
6.15019 2.88568e+015
6.15195 2.84748e+015
6.15372 2.80976e+015
6.15549 2.77251e+015
6.15726 2.73573e+015
6.15903 2.6994e+015
6.16081 2.66353e+015
6.16258 2.6281e+015
6.16436 2.59312e+015
6.16613 2.55858e+015
6.16791 2.52447e+015
6.16969 2.49079e+015
6.17147 2.45753e+015
6.17325 2.42469e+015
6.17503 2.39226e+015
6.17682 2.36024e+015
6.1786 2.32863e+015
6.18039 2.29741e+015
6.18217 2.26659e+015
6.18396 2.23615e+015
6.18575 2.2061e+015
6.18754 2.17643e+015
6.18934 2.14714e+015
6.19113 2.11822e+015
6.19292 2.08966e+015
6.19472 2.06147e+015
6.19652 2.03364e+015
6.19831 2.00616e+015
6.20011 1.97903e+015
6.20191 1.95224e+015
6.20372 1.9258e+015
6.20552 1.89969e+015
6.20732 1.87392e+015
6.20913 1.84848e+015
6.21093 1.82336e+015
6.21274 1.79857e+015
6.21455 1.77409e+015
6.21636 1.74992e+015
6.21817 1.72607e+015
6.21998 1.70252e+015
6.2218 1.67928e+015
6.22361 1.65633e+015
6.22543 1.63368e+015
6.22725 1.61132e+015
6.22906 1.58925e+015
6.23088 1.56747e+015
6.23271 1.54597e+015
6.23453 1.52474e+015
6.23635 1.50379e+015
6.23818 1.48311e+015
6.24 1.4627e+015
6.24183 1.44255e+015
6.24366 1.42267e+015
6.24549 1.40304e+015
6.24732 1.38367e+015
6.24915 1.36456e+015
6.25098 1.34569e+015
6.25282 1.32706e+015
6.25465 1.30868e+015
6.25649 1.29055e+015
6.25833 1.27264e+015
6.26017 1.25497e+015
6.26201 1.23754e+015
6.26385 1.22033e+015
6.26569 1.20335e+015
6.26754 1.18659e+015
6.26938 1.17005e+015
6.27123 1.15373e+015
6.27307 1.13762e+015
6.27492 1.12173e+015
6.27677 1.10604e+015
6.27863 1.09056e+015
6.28048 1.07529e+015
6.28233 1.06022e+015
6.28419 1.04535e+015
6.28604 1.03067e+015
6.2879 1.01619e+015
6.28976 1.0019e+015
6.29162 9.87806e+014
6.29348 9.73894e+014
6.29535 9.60168e+014
6.29721 9.46624e+014
6.29907 9.33261e+014
6.30094 9.20076e+014
6.30281 9.07067e+014
6.30468 8.94232e+014
6.30655 8.81568e+014
6.30842 8.69073e+014
6.31029 8.56746e+014
6.31217 8.44584e+014
6.31404 8.32585e+014
6.31592 8.20748e+014
6.3178 8.09069e+014
6.31967 7.97547e+014
6.32155 7.8618e+014
6.32344 7.74967e+014
6.32532 7.63904e+014
6.3272 7.52991e+014
6.32909 7.42225e+014
6.33097 7.31605e+014
6.33286 7.21128e+014
6.33475 7.10793e+014
6.33664 7.00598e+014
6.33853 6.90541e+014
6.34043 6.80621e+014
6.34232 6.70836e+014
6.34422 6.61183e+014
6.34611 6.51662e+014
6.34801 6.4227e+014
6.34991 6.33007e+014
6.35181 6.2387e+014
6.35371 6.14857e+014
6.35561 6.05968e+014
6.35752 5.972e+014
6.35942 5.88552e+014
6.36133 5.80023e+014
6.36324 5.7161e+014
6.36515 5.63313e+014
6.36706 5.5513e+014
6.36897 5.4706e+014
6.37088 5.391e+014
6.3728 5.3125e+014
6.37471 5.23508e+014
6.37663 5.15873e+014
6.37855 5.08343e+014
6.38047 5.00917e+014
6.38239 4.93594e+014
6.38431 4.86372e+014
6.38623 4.7925e+014
6.38816 4.72227e+014
6.39008 4.65302e+014
6.39201 4.58472e+014
6.39394 4.51737e+014
6.39587 4.45096e+014
6.3978 4.38548e+014
6.39973 4.3209e+014
6.40167 4.25723e+014
6.4036 4.19444e+014
6.40554 4.13253e+014
6.40747 4.07149e+014
6.40941 4.0113e+014
6.41135 3.95195e+014
6.41329 3.89344e+014
6.41524 3.83574e+014
6.41718 3.77886e+014
6.41913 3.72277e+014
6.42107 3.66747e+014
6.42302 3.61296e+014
6.42497 3.5592e+014
6.42692 3.50621e+014
6.42887 3.45396e+014
6.43082 3.40245e+014
6.43278 3.35167e+014
6.43473 3.30161e+014
6.43669 3.25225e+014
6.43865 3.2036e+014
6.44061 3.15563e+014
6.44257 3.10835e+014
6.44453 3.06173e+014
6.4465 3.01578e+014
6.44846 2.97048e+014
6.45043 2.92583e+014
6.45239 2.88181e+014
6.45436 2.83842e+014
6.45633 2.79565e+014
6.4583 2.75349e+014
6.46028 2.71194e+014
6.46225 2.67098e+014
6.46423 2.6306e+014
6.4662 2.59081e+014
6.46818 2.55158e+014
6.47016 2.51292e+014
6.47214 2.47481e+014
6.47412 2.43725e+014
6.47611 2.40023e+014
6.47809 2.36375e+014
6.48008 2.32779e+014
6.48206 2.29235e+014
6.48405 2.25742e+014
6.48604 2.223e+014
6.48803 2.18907e+014
6.49003 2.15564e+014
6.49202 2.12269e+014
6.49401 2.09022e+014
6.49601 2.05822e+014
6.49801 2.02668e+014
6.50001 1.9956e+014
6.50201 1.96498e+014
6.50401 1.9348e+014
6.50601 1.90506e+014
6.50802 1.87575e+014
6.51002 1.84688e+014
6.51203 1.81842e+014
6.51404 1.79038e+014
6.51605 1.76275e+014
6.51806 1.73553e+014
6.52007 1.7087e+014
6.52209 1.68227e+014
6.5241 1.65623e+014
6.52612 1.63056e+014
6.52814 1.60528e+014
6.53016 1.58037e+014
6.53218 1.55583e+014
6.5342 1.53164e+014
6.53622 1.50782e+014
6.53825 1.48435e+014
6.54027 1.46122e+014
6.5423 1.43844e+014
6.54433 1.41599e+014
6.54636 1.39387e+014
6.54839 1.37209e+014
6.55042 1.35063e+014
6.55246 1.32948e+014
6.55449 1.30865e+014
6.55653 1.28813e+014
6.55857 1.26792e+014
6.56061 1.24801e+014
6.56265 1.22839e+014
6.56469 1.20907e+014
6.56673 1.19004e+014
6.56878 1.17129e+014
6.57082 1.15282e+014
6.57287 1.13463e+014
6.57492 1.11671e+014
6.57697 1.09906e+014
6.57902 1.08168e+014
6.58108 1.06456e+014
6.58313 1.04769e+014
6.58519 1.03108e+014
6.58725 1.01472e+014
6.5893 9.98606e+013
6.59136 9.82735e+013
6.59343 9.67104e+013
6.59549 9.5171e+013
6.59755 9.36548e+013
6.59962 9.21616e+013
6.60168 9.06911e+013
6.60375 8.92428e+013
6.60582 8.78166e+013
6.60789 8.6412e+013
6.60997 8.50288e+013
6.61204 8.36667e+013
6.61412 8.23253e+013
6.61619 8.10044e+013
6.61827 7.97036e+013
6.62035 7.84227e+013
6.62243 7.71614e+013
6.62451 7.59193e+013
6.6266 7.46963e+013
6.62868 7.34921e+013
6.63077 7.23063e+013
6.63285 7.11387e+013
6.63494 6.99891e+013
6.63703 6.88571e+013
6.63913 6.77426e+013
6.64122 6.66452e+013
6.64331 6.55648e+013
6.64541 6.4501e+013
6.64751 6.34536e+013
6.64961 6.24225e+013
6.65171 6.14073e+013
6.65381 6.04078e+013
6.65591 5.94237e+013
6.65802 5.8455e+013
6.66012 5.75013e+013
6.66223 5.65624e+013
6.66434 5.56381e+013
6.66645 5.47281e+013
6.66856 5.38324e+013
6.67067 5.29506e+013
6.67279 5.20825e+013
6.6749 5.12281e+013
6.67702 5.03869e+013
6.67914 4.95589e+013
6.68126 4.87439e+013
6.68338 4.79417e+013
6.6855 4.7152e+013
6.68763 4.63747e+013
6.68975 4.56096e+013
6.69188 4.48565e+013
6.69401 4.41153e+013
6.69614 4.33858e+013
6.69827 4.26677e+013
6.7004 4.1961e+013
6.70254 4.12654e+013
6.70467 4.05808e+013
6.70681 3.9907e+013
6.70895 3.92439e+013
6.71109 3.85913e+013
6.71323 3.7949e+013
6.71537 3.7317e+013
6.71752 3.66949e+013
6.71966 3.60828e+013
6.72181 3.54803e+013
6.72396 3.48875e+013
6.72611 3.43041e+013
6.72826 3.373e+013
6.73041 3.31651e+013
6.73256 3.26091e+013
6.73472 3.20621e+013
6.73688 3.15238e+013
6.73904 3.09941e+013
6.7412 3.0473e+013
6.74336 2.99601e+013
6.74552 2.94555e+013
6.74768 2.8959e+013
6.74985 2.84705e+013
6.75202 2.79899e+013
6.75419 2.7517e+013
6.75636 2.70517e+013
6.75853 2.65939e+013
6.7607 2.61435e+013
6.76287 2.57004e+013
6.76505 2.52644e+013
6.76723 2.48355e+013
6.76941 2.44136e+013
6.77159 2.39984e+013
6.77377 2.35901e+013
6.77595 2.31883e+013
6.77814 2.27931e+013
6.78032 2.24043e+013
6.78251 2.20218e+013
6.7847 2.16456e+013
6.78689 2.12755e+013
6.78908 2.09114e+013
6.79127 2.05533e+013
6.79347 2.0201e+013
6.79566 1.98545e+013
6.79786 1.95137e+013
6.80006 1.91785e+013
6.80226 1.88487e+013
6.80446 1.85244e+013
6.80667 1.82054e+013
6.80887 1.78916e+013
6.81108 1.7583e+013
6.81329 1.72795e+013
6.8155 1.6981e+013
6.81771 1.66874e+013
6.81992 1.63987e+013
6.82213 1.61147e+013
6.82435 1.58354e+013
6.82657 1.55608e+013
6.82879 1.52906e+013
6.831 1.5025e+013
6.83323 1.47638e+013
6.83545 1.45069e+013
6.83767 1.42543e+013
6.8399 1.40059e+013
6.84213 1.37616e+013
6.84435 1.35214e+013
6.84659 1.32852e+013
6.84882 1.3053e+013
6.85105 1.28246e+013
6.85328 1.26e+013
6.85552 1.23792e+013
6.85776 1.21621e+013
6.86 1.19486e+013
6.86224 1.17387e+013
6.86448 1.15324e+013
6.86672 1.13295e+013
6.86897 1.113e+013
6.87122 1.09339e+013
6.87346 1.0741e+013
6.87571 1.05515e+013
6.87796 1.03651e+013
6.88022 1.01819e+013
6.88247 1.00017e+013
6.88473 9.82464e+012
6.88698 9.65055e+012
6.88924 9.47941e+012
6.8915 9.31117e+012
6.89376 9.14578e+012
6.89603 8.98321e+012
6.89829 8.8234e+012
6.90056 8.6663e+012
6.90283 8.51188e+012
6.9051 8.36009e+012
6.90737 8.21089e+012
6.90964 8.06424e+012
6.91191 7.92009e+012
6.91419 7.77841e+012
6.91646 7.63915e+012
6.91874 7.50228e+012
6.92102 7.36775e+012
6.9233 7.23553e+012
6.92559 7.10558e+012
6.92787 6.97786e+012
6.93016 6.85234e+012
6.93244 6.72897e+012
6.93473 6.60774e+012
6.93702 6.48859e+012
6.93932 6.3715e+012
6.94161 6.25643e+012
6.9439 6.14335e+012
6.9462 6.03222e+012
6.9485 5.92302e+012
6.9508 5.81571e+012
6.9531 5.71026e+012
6.9554 5.60664e+012
6.95771 5.50482e+012
6.96001 5.40478e+012
6.96232 5.30647e+012
6.96463 5.20987e+012
6.96694 5.11496e+012
6.96925 5.0217e+012
6.97156 4.93007e+012
6.97388 4.84004e+012
6.9762 4.75158e+012
6.97851 4.66467e+012
6.98083 4.57929e+012
6.98316 4.4954e+012
6.98548 4.41298e+012
6.9878 4.33201e+012
6.99013 4.25246e+012
6.99246 4.17431e+012
6.99478 4.09754e+012
6.99712 4.02211e+012
6.99945 3.94802e+012
7.00178 3.87524e+012
7.00412 3.80374e+012
7.00645 3.7335e+012
7.00879 3.66451e+012
7.01113 3.59674e+012
7.01347 3.53017e+012
7.01582 3.46478e+012
7.01816 3.40054e+012
7.02051 3.33745e+012
7.02285 3.27549e+012
7.0252 3.21462e+012
7.02755 3.15484e+012
7.02991 3.09612e+012
7.03226 3.03845e+012
7.03462 2.98181e+012
7.03697 2.92618e+012
7.03933 2.87155e+012
7.04169 2.81789e+012
7.04405 2.7652e+012
7.04642 2.71345e+012
7.04878 2.66263e+012
7.05115 2.61272e+012
7.05352 2.5637e+012
7.05589 2.51557e+012
7.05826 2.46831e+012
7.06063 2.42189e+012
7.06301 2.37632e+012
7.06538 2.33156e+012
7.06776 2.28761e+012
7.07014 2.24446e+012
7.07252 2.20209e+012
7.0749 2.16048e+012
7.07729 2.11963e+012
7.07967 2.07952e+012
7.08206 2.04014e+012
7.08445 2.00147e+012
7.08684 1.96351e+012
7.08923 1.92623e+012
7.09162 1.88964e+012
7.09402 1.85371e+012
7.09642 1.81844e+012
7.09881 1.78381e+012
7.10121 1.74981e+012
7.10361 1.71644e+012
7.10602 1.68367e+012
7.10842 1.65151e+012
7.11083 1.61993e+012
7.11324 1.58894e+012
7.11565 1.55851e+012
7.11806 1.52864e+012
7.12047 1.49933e+012
7.12289 1.47055e+012
7.1253 1.4423e+012
7.12772 1.41457e+012
7.13014 1.38736e+012
7.13256 1.36064e+012
7.13498 1.33442e+012
7.13741 1.30869e+012
7.13983 1.28343e+012
7.14226 1.25864e+012
7.14469 1.23431e+012
7.14712 1.21043e+012
7.14955 1.18699e+012
7.15198 1.16399e+012
7.15442 1.14142e+012
7.15686 1.11926e+012
7.15929 1.09753e+012
7.16174 1.07619e+012
7.16418 1.05526e+012
7.16662 1.03471e+012
7.16907 1.01455e+012
7.17151 9.94766e+011
7.17396 9.75353e+011
7.17641 9.56303e+011
7.17886 9.37611e+011
7.18132 9.1927e+011
7.18377 9.01274e+011
7.18623 8.83616e+011
7.18869 8.6629e+011
7.19115 8.4929e+011
7.19361 8.32611e+011
7.19607 8.16247e+011
7.19854 8.00191e+011
7.201 7.84439e+011
7.20347 7.68985e+011
7.20594 7.53823e+011
7.20841 7.38949e+011
7.21088 7.24356e+011
7.21336 7.10041e+011
7.21584 6.95997e+011
7.21831 6.8222e+011
7.22079 6.68705e+011
7.22327 6.55448e+011
7.22576 6.42443e+011
7.22824 6.29686e+011
7.23073 6.17173e+011
7.23322 6.04898e+011
7.23571 5.92858e+011
7.2382 5.81049e+011
7.24069 5.69465e+011
7.24318 5.58104e+011
7.24568 5.4696e+011
7.24818 5.36031e+011
7.25068 5.25311e+011
7.25318 5.14797e+011
7.25568 5.04486e+011
7.25819 4.94373e+011
7.26069 4.84456e+011
7.2632 4.74729e+011
7.26571 4.6519e+011
7.26822 4.55836e+011
7.27073 4.46662e+011
7.27325 4.37666e+011
7.27577 4.28844e+011
7.27828 4.20194e+011
7.2808 4.11711e+011
7.28332 4.03392e+011
7.28585 3.95236e+011
7.28837 3.87238e+011
7.2909 3.79396e+011
7.29343 3.71706e+011
7.29596 3.64166e+011
7.29849 3.56774e+011
7.30102 3.49526e+011
7.30356 3.42419e+011
7.30609 3.35452e+011
7.30863 3.28621e+011
7.31117 3.21923e+011
7.31371 3.15358e+011
7.31626 3.0892e+011
7.3188 3.0261e+011
7.32135 2.96423e+011
7.3239 2.90358e+011
7.32645 2.84413e+011
7.329 2.78585e+011
7.33155 2.72871e+011
7.33411 2.67271e+011
7.33666 2.61781e+011
7.33922 2.56399e+011
7.34178 2.51124e+011
7.34434 2.45954e+011
7.34691 2.40886e+011
7.34947 2.35918e+011
7.35204 2.31049e+011
7.35461 2.26277e+011
7.35718 2.216e+011
7.35975 2.17016e+011
7.36233 2.12523e+011
7.3649 2.08119e+011
7.36748 2.03804e+011
7.37006 1.99575e+011
7.37264 1.9543e+011
7.37522 1.91368e+011
7.37781 1.87387e+011
7.38039 1.83486e+011
7.38298 1.79664e+011
7.38557 1.75918e+011
7.38816 1.72247e+011
7.39075 1.6865e+011
7.39335 1.65125e+011
7.39595 1.61671e+011
7.39854 1.58287e+011
7.40114 1.54971e+011
7.40374 1.51722e+011
7.40635 1.48539e+011
7.40895 1.4542e+011
7.41156 1.42364e+011
7.41417 1.3937e+011
7.41678 1.36437e+011
7.41939 1.33563e+011
7.422 1.30747e+011
7.42462 1.27989e+011
7.42724 1.25286e+011
7.42986 1.22639e+011
7.43248 1.20046e+011
7.4351 1.17505e+011
7.43772 1.15016e+011
7.44035 1.12578e+011
7.44298 1.1019e+011
7.44561 1.07851e+011
7.44824 1.05559e+011
7.45087 1.03315e+011
7.45351 1.01116e+011
7.45614 9.89626e+010
7.45878 9.68533e+010
7.46142 9.47874e+010
7.46406 9.2764e+010
7.46671 9.07822e+010
7.46935 8.88412e+010
7.472 8.69402e+010
7.47465 8.50785e+010
7.4773 8.32552e+010
7.47995 8.14695e+010
7.48261 7.97208e+010
7.48526 7.80083e+010
7.48792 7.63312e+010
7.49058 7.46889e+010
7.49324 7.30807e+010
7.4959 7.15059e+010
7.49857 6.99638e+010
7.50123 6.84538e+010
7.5039 6.69752e+010
7.50657 6.55274e+010
7.50925 6.41098e+010
7.51192 6.27218e+010
7.51459 6.13628e+010
7.51727 6.00322e+010
7.51995 5.87294e+010
7.52263 5.74538e+010
7.52531 5.6205e+010
7.528 5.49824e+010
7.53069 5.37855e+010
7.53337 5.26137e+010
7.53606 5.14665e+010
7.53875 5.03434e+010
7.54145 4.9244e+010
7.54414 4.81678e+010
7.54684 4.71143e+010
7.54954 4.6083e+010
7.55224 4.50734e+010
7.55494 4.40853e+010
7.55765 4.3118e+010
7.56035 4.21712e+010
7.56306 4.12445e+010
7.56577 4.03374e+010
7.56848 3.94496e+010
7.57119 3.85806e+010
7.57391 3.77301e+010
7.57663 3.68978e+010
7.57935 3.60831e+010
7.58207 3.52858e+010
7.58479 3.45055e+010
7.58751 3.37419e+010
7.59024 3.29946e+010
7.59297 3.22632e+010
7.5957 3.15476e+010
7.59843 3.08472e+010
7.60116 3.01618e+010
7.6039 2.94912e+010
7.60663 2.8835e+010
7.60937 2.81928e+010
7.61211 2.75645e+010
7.61485 2.69497e+010
7.6176 2.63481e+010
7.62034 2.57595e+010
7.62309 2.51836e+010
7.62584 2.46201e+010
7.62859 2.40688e+010
7.63135 2.35295e+010
7.6341 2.30018e+010
7.63686 2.24855e+010
7.63962 2.19804e+010
7.64238 2.14863e+010
7.64514 2.1003e+010
7.64791 2.05301e+010
7.65067 2.00675e+010
7.65344 1.9615e+010
7.65621 1.91723e+010
7.65898 1.87393e+010
7.66175 1.83157e+010
7.66453 1.79014e+010
7.66731 1.74962e+010
7.67009 1.70998e+010
7.67287 1.67121e+010
7.67565 1.63328e+010
7.67844 1.59619e+010
7.68122 1.55992e+010
7.68401 1.52444e+010
7.6868 1.48974e+010
7.68959 1.4558e+010
7.69239 1.42261e+010
7.69518 1.39016e+010
7.69798 1.35841e+010
7.70078 1.32737e+010
7.70358 1.29702e+010
7.70639 1.26733e+010
7.70919 1.2383e+010
7.712 1.20992e+010
7.71481 1.18216e+010
7.71762 1.15502e+010
7.72043 1.12848e+010
7.72324 1.10253e+010
7.72606 1.07716e+010
7.72888 1.05235e+010
7.7317 1.0281e+010
7.73452 1.00438e+010
7.73735 9.81199e+009
7.74017 9.58531e+009
7.743 9.3637e+009
7.74583 9.14704e+009
7.74866 8.93522e+009
7.75149 8.72815e+009
7.75433 8.52573e+009
7.75717 8.32784e+009
7.76001 8.13439e+009
7.76285 7.9453e+009
7.76569 7.76045e+009
7.76853 7.57976e+009
7.77138 7.40314e+009
7.77423 7.23051e+009
7.77708 7.06177e+009
7.77993 6.89683e+009
7.78279 6.73563e+009
7.78564 6.57807e+009
7.7885 6.42407e+009
7.79136 6.27356e+009
7.79422 6.12647e+009
7.79709 5.98271e+009
7.79995 5.84222e+009
7.80282 5.70491e+009
7.80569 5.57073e+009
7.80856 5.43961e+009
7.81144 5.31147e+009
7.81431 5.18625e+009
7.81719 5.06389e+009
7.82007 4.94432e+009
7.82295 4.82749e+009
7.82583 4.71333e+009
7.82872 4.60178e+009
7.8316 4.49278e+009
7.83449 4.38629e+009
7.83738 4.28223e+009
7.84027 4.18057e+009
7.84317 4.08124e+009
7.84607 3.9842e+009
7.84896 3.88939e+009
7.85186 3.79677e+009
7.85477 3.70628e+009
7.85767 3.61788e+009
7.86058 3.53152e+009
7.86349 3.44716e+009
7.8664 3.36474e+009
7.86931 3.28424e+009
7.87222 3.2056e+009
7.87514 3.12878e+009
7.87806 3.05375e+009
7.88098 2.98046e+009
7.8839 2.90887e+009
7.88682 2.83895e+009
7.88975 2.77065e+009
7.89267 2.70395e+009
7.8956 2.6388e+009
7.89853 2.57517e+009
7.90147 2.51303e+009
7.9044 2.45234e+009
7.90734 2.39307e+009
7.91028 2.33519e+009
7.91322 2.27867e+009
7.91616 2.22346e+009
7.91911 2.16956e+009
7.92206 2.11692e+009
7.92501 2.06552e+009
7.92796 2.01533e+009
7.93091 1.96631e+009
7.93387 1.91846e+009
7.93682 1.87173e+009
7.93978 1.82611e+009
7.94274 1.78156e+009
7.9457 1.73806e+009
7.94867 1.6956e+009
7.95164 1.65414e+009
7.95461 1.61366e+009
7.95758 1.57414e+009
7.96055 1.53557e+009
7.96352 1.4979e+009
7.9665 1.46113e+009
7.96948 1.42524e+009
7.97246 1.3902e+009
7.97544 1.356e+009
7.97843 1.32261e+009
7.98141 1.29002e+009
7.9844 1.25821e+009
7.98739 1.22715e+009
7.99039 1.19685e+009
7.99338 1.16726e+009
7.99638 1.13839e+009
7.99938 1.11021e+009
8.00238 1.0827e+009
8.00538 1.05585e+009
8.00838 1.02966e+009
8.01139 1.00409e+009
8.0144 9.79132e+008
8.01741 9.5478e+008
8.02042 9.31015e+008
8.02344 9.07824e+008
8.02646 8.85193e+008
8.02947 8.63109e+008
8.03249 8.41559e+008
8.03552 8.20532e+008
8.03854 8.00013e+008
8.04157 7.79993e+008
8.0446 7.60458e+008
8.04763 7.41398e+008
8.05066 7.22802e+008
8.0537 7.04657e+008
8.05673 6.86955e+008
8.05977 6.69684e+008
8.06281 6.52834e+008
8.06586 6.36396e+008
8.0689 6.20359e+008
8.07195 6.04714e+008
8.075 5.89452e+008
8.07805 5.74564e+008
8.0811 5.60041e+008
8.08416 5.45873e+008
8.08721 5.32054e+008
8.09027 5.18574e+008
8.09334 5.05426e+008
8.0964 4.92601e+008
8.09946 4.80092e+008
8.10253 4.67891e+008
8.1056 4.55991e+008
8.10867 4.44385e+008
8.11175 4.33065e+008
8.11482 4.22025e+008
8.1179 4.11259e+008
8.12098 4.00759e+008
8.12406 3.9052e+008
8.12714 3.80534e+008
8.13023 3.70796e+008
8.13332 3.613e+008
8.13641 3.52041e+008
8.1395 3.43011e+008
8.1426 3.34207e+008
8.14569 3.25622e+008
8.14879 3.17251e+008
8.15189 3.09089e+008
8.15499 3.01131e+008
8.1581 2.93372e+008
8.1612 2.85807e+008
8.16431 2.78431e+008
8.16742 2.71241e+008
8.17054 2.6423e+008
8.17365 2.57396e+008
8.17677 2.50733e+008
8.17989 2.44238e+008
8.18301 2.37907e+008
8.18613 2.31734e+008
8.18926 2.25718e+008
8.19238 2.19853e+008
8.19551 2.14136e+008
8.19864 2.08563e+008
8.20178 2.03132e+008
8.20491 1.97838e+008
8.20805 1.92678e+008
8.21119 1.87648e+008
8.21433 1.82747e+008
8.21748 1.77969e+008
8.22062 1.73313e+008
8.22377 1.68776e+008
8.22692 1.64354e+008
8.23007 1.60044e+008
8.23323 1.55845e+008
8.23639 1.51752e+008
8.23955 1.47764e+008
8.24271 1.43878e+008
8.24587 1.40091e+008
8.24903 1.36401e+008
8.2522 1.32806e+008
8.25537 1.29302e+008
8.25854 1.25889e+008
8.26172 1.22563e+008
8.26489 1.19323e+008
8.26807 1.16165e+008
8.27125 1.1309e+008
8.27443 1.10093e+008
8.27762 1.07174e+008
8.2808 1.04329e+008
8.28399 1.01559e+008
8.28718 9.88596e+007
8.29037 9.62302e+007
8.29357 9.36689e+007
8.29677 9.11739e+007
8.29996 8.87436e+007
8.30317 8.63762e+007
8.30637 8.40704e+007
8.30957 8.18244e+007
8.31278 7.96369e+007
8.31599 7.75062e+007
8.3192 7.5431e+007
8.32242 7.34099e+007
8.32563 7.14415e+007
8.32885 6.95245e+007
8.33207 6.76576e+007
8.3353 6.58395e+007
8.33852 6.40689e+007
8.34175 6.23447e+007
8.34498 6.06657e+007
8.34821 5.90307e+007
8.35144 5.74387e+007
8.35468 5.58884e+007
8.35791 5.43789e+007
8.36115 5.29091e+007
8.3644 5.1478e+007
8.36764 5.00847e+007
8.37089 4.8728e+007
8.37413 4.74072e+007
8.37739 4.61213e+007
8.38064 4.48693e+007
8.38389 4.36505e+007
8.38715 4.2464e+007
8.39041 4.13089e+007
8.39367 4.01844e+007
8.39694 3.90898e+007
8.4002 3.80242e+007
8.40347 3.6987e+007
8.40674 3.59773e+007
8.41001 3.49946e+007
8.41329 3.4038e+007
8.41656 3.31069e+007
8.41984 3.22007e+007
8.42312 3.13187e+007
8.42641 3.04603e+007
8.42969 2.96248e+007
8.43298 2.88117e+007
8.43627 2.80203e+007
8.43956 2.72502e+007
8.44286 2.65008e+007
8.44615 2.57715e+007
8.44945 2.50618e+007
8.45275 2.43712e+007
8.45606 2.36992e+007
8.45936 2.30452e+007
8.46267 2.24089e+007
8.46598 2.17898e+007
8.46929 2.11874e+007
8.4726 2.06013e+007
8.47592 2.00311e+007
8.47924 1.94762e+007
8.48256 1.89364e+007
8.48588 1.84113e+007
8.48921 1.79004e+007
8.49254 1.74033e+007
8.49587 1.69198e+007
8.4992 1.64494e+007
8.50253 1.59919e+007
8.50587 1.55468e+007
8.50921 1.51138e+007
8.51255 1.46926e+007
8.51589 1.4283e+007
8.51924 1.38845e+007
8.52258 1.34969e+007
8.52593 1.312e+007
8.52929 1.27534e+007
8.53264 1.23968e+007
8.536 1.205e+007
8.53935 1.17127e+007
8.54272 1.13847e+007
8.54608 1.10657e+007
8.54944 1.07555e+007
8.55281 1.04539e+007
8.55618 1.01605e+007
8.55955 9.87526e+006
8.56293 9.59788e+006
8.5663 9.32817e+006
8.56968 9.06592e+006
8.57306 8.81092e+006
8.57645 8.56299e+006
8.57983 8.32193e+006
8.58322 8.08755e+006
8.58661 7.85969e+006
8.59 7.63815e+006
8.5934 7.42278e+006
8.5968 7.21339e+006
8.6002 7.00984e+006
8.6036 6.81197e+006
8.607 6.61961e+006
8.61041 6.43262e+006
8.61381 6.25086e+006
8.61723 6.07418e+006
8.62064 5.90244e+006
8.62405 5.73551e+006
8.62747 5.57326e+006
8.63089 5.41556e+006
8.63431 5.26229e+006
8.63774 5.11333e+006
8.64116 4.96855e+006
8.64459 4.82784e+006
8.64802 4.6911e+006
8.65146 4.55821e+006
8.65489 4.42907e+006
8.65833 4.30358e+006
8.66177 4.18162e+006
8.66521 4.06312e+006
8.66866 3.94797e+006
8.67211 3.83608e+006
8.67555 3.72736e+006
8.67901 3.62172e+006
8.68246 3.51909e+006
8.68592 3.41936e+006
8.68938 3.32247e+006
8.69284 3.22834e+006
8.6963 3.13689e+006
8.69977 3.04804e+006
8.70323 2.96173e+006
8.7067 2.87788e+006
8.71018 2.79642e+006
8.71365 2.7173e+006
8.71713 2.64043e+006
8.72061 2.56577e+006
8.72409 2.49325e+006
8.72757 2.4228e+006
8.73106 2.35438e+006
8.73455 2.28792e+006
8.73804 2.22337e+006
8.74153 2.16068e+006
8.74503 2.09979e+006
8.74853 2.04066e+006
8.75203 1.98323e+006
8.75553 1.92746e+006
8.75904 1.8733e+006
8.76254 1.82071e+006
8.76605 1.76963e+006
8.76956 1.72003e+006
8.77308 1.67187e+006
8.7766 1.62511e+006
8.78012 1.5797e+006
8.78364 1.53562e+006
8.78716 1.49281e+006
8.79069 1.45125e+006
8.79422 1.41089e+006
8.79775 1.37171e+006
8.80128 1.33368e+006
8.80482 1.29675e+006
8.80835 1.2609e+006
8.81189 1.2261e+006
8.81544 1.19232e+006
8.81898 1.15953e+006
8.82253 1.12769e+006
8.82608 1.09679e+006
8.82963 1.06679e+006
8.83319 1.03768e+006
8.83674 1.00942e+006
8.8403 981993
8.84386 955371
8.84743 929534
8.85099 904458
8.85456 880121
8.85813 856503
8.86171 833582
8.86528 811339
8.86886 789754
8.87244 768809
8.87603 748483
8.87961 728761
8.8832 709624
8.88679 691055
8.89038 673038
8.89398 655557
8.89757 638596
8.90117 622141
8.90478 606177
8.90838 590688
8.91199 575663
8.9156 561086
8.91921 546945
8.92282 533228
8.92644 519922
8.93006 507014
8.93368 494494
8.93731 482349
8.94093 470570
8.94456 459145
8.94819 448063
8.95183 437316
8.95546 426892
8.9591 416783
8.96274 406979
8.96638 397472
8.97003 388251
8.97368 379310
8.97733 370640
8.98098 362232
8.98464 354080
8.9883 346174
8.99196 338509
8.99562 331078
8.99928 323872
9.00295 316885
9.00662 310112
9.01029 303545
9.01397 297178
9.01765 291006
9.02133 285023
9.02501 279223
9.02869 273600
9.03238 268150
9.03607 262866
9.03976 257745
9.04346 252781
9.04716 247970
9.05086 243307
9.05456 238787
9.05826 234406
9.06197 230161
9.06568 226046
9.06939 222059
9.07311 218195
9.07682 214450
9.08054 210821
9.08426 207305
9.08799 203897
9.09171 200596
9.09544 197396
9.09918 194297
9.10291 191293
9.10665 188383
9.11039 185564
9.11413 182833
9.11787 180186
9.12162 177623
9.12537 175139
9.12912 172733
9.13288 170403
9.13663 168145
9.14039 165958
9.14415 163840
9.14792 161788
9.15168 159801
9.15545 157876
9.15923 156011
9.163 154206
9.16678 152457
9.17056 150763
9.17434 149123
9.17812 147535
9.18191 145997
9.1857 144507
9.18949 143065
9.19329 141668
9.19708 140316
9.20088 139006
9.20469 137738
9.20849 136511
9.2123 135322
9.21611 134171
9.21992 133057
9.22373 131979
9.22755 130934
9.23137 129924
9.23519 128945
9.23902 127998
9.24285 127081
9.24668 126193
9.25051 125334
9.25435 124502
9.25818 123697
9.26202 122918
9.26587 122164
9.26971 121435
9.27356 120728
9.27741 120045
9.28126 119383
9.28512 118743
9.28898 118124
9.29284 117525
9.2967 116945
9.30057 116383
9.30444 115840
9.30831 115315
9.31218 114806
9.31606 114314
9.31994 113838
9.32382 113378
9.3277 112933
9.33159 112502
9.33548 112085
9.33937 111681
9.34327 111291
9.34716 110914
9.35106 110549
9.35497 110196
9.35887 109854
9.36278 109524
9.36669 109204
9.3706 108895
9.37452 108596
9.37844 108307
9.38236 108028
9.38628 107758
9.39021 107496
9.39413 107243
9.39806 106999
9.402 106762
9.40593 106534
9.40987 106313
9.41382 106099
9.41776 105893
9.42171 105693
9.42566 105500
9.42961 105313
9.43356 105132
9.43752 104958
9.44148 104789
9.44544 104626
9.44941 104468
9.45338 104316
9.45735 104169
9.46132 104026
9.4653 103889
9.46928 103756
9.47326 103627
9.47724 103503
9.48123 103383
9.48522 103267
9.48921 103154
9.4932 103046
9.4972 102941
9.5012 102840
9.5052 102742
9.50921 102648
9.51322 102556
9.51723 102468
9.52124 102383
9.52525 102301
9.52927 102221
9.53329 102144
9.53732 102070
9.54135 101998
9.54537 101929
9.54941 101862
9.55344 101797
9.55748 101735
9.56152 101674
9.56556 101616
9.56961 101560
9.57366 101505
9.57771 101453
9.58176 101402
9.58582 101353
9.58987 101306
9.59394 101260
9.598 101216
9.60207 101173
9.60614 101132
9.61021 101092
9.61429 101054
9.61836 101017
9.62244 100981
9.62653 100946
9.63061 100913
9.6347 100881
9.63879 100850
9.64289 100820
9.64699 100791
9.65109 100763
9.65519 100736
9.65929 100710
9.6634 100684
9.66751 100660
9.67163 100637
9.67574 100614
9.67986 100592
9.68398 100571
9.68811 100551
9.69223 100531
9.69636 100512
9.7005 100494
9.70463 100476
9.70877 100459
9.71291 100443
9.71706 100427
9.7212 100412
9.72535 100397
9.7295 100383
9.73366 100369
9.73782 100356
9.74198 100343
9.74614 100331
9.75031 100319
9.75447 100307
9.75865 100296
9.76282 100285
9.767 100275
9.77118 100265
9.77536 100256
9.77955 100246
9.78373 100237
9.78792 100229
9.79212 100220
9.79631 100212
9.80051 100205
9.80472 100197
9.80892 100190
9.81313 100183
9.81734 100177
9.82155 100170
9.82577 100164
9.82999 100158
9.83421 100152
9.83844 100147
9.84266 100141
9.84689 100136
9.85113 100131
9.85536 100126
9.8596 100122
9.86384 100117
9.86809 100113
9.87233 100109
9.87658 100105
9.88084 100101
9.88509 100097
9.88935 100094
9.89361 100090
9.89788 100087
9.90214 100084
9.90641 100080
9.91069 100077
9.91496 100075
9.91924 100072
9.92352 100069
9.92781 100067
9.93209 100064
9.93638 100062
9.94068 100059
9.94497 100057
9.94927 100055
9.95357 100053
9.95788 100051
9.96218 100049
9.96649 100047
9.97081 100046
9.97512 100044
9.97944 100042
9.98376 100041
9.98809 100039
9.99242 100038
9.99675 100036
10.0011 100035
10.0054 100034
10.0098 100032
10.0141 100031
10.0184 100030
10.0228 100029
10.0271 100028
10.0315 100027
10.0358 100026
10.0402 100025
10.0446 100024
10.0489 100023
10.0533 100022
10.0577 100021
10.062 100020
10.0664 100020
10.0708 100019
10.0752 100018
10.0796 100017
10.084 100017
10.0884 100016
10.0927 100015
10.0971 100015
10.1015 100014
10.1059 100014
10.1104 100013
10.1148 100013
10.1192 100012
10.1236 100012
10.128 100011
10.1324 100011
10.1368 100010
10.1413 100010
10.1457 100010
10.1501 100009
10.1546 100009
10.159 100009
10.1635 100008
10.1679 100008
10.1723 100008
10.1768 100007
10.1812 100007
10.1857 100007
10.1902 100007
10.1946 100006
10.1991 100006
10.2036 100006
10.208 100006
10.2125 100005
10.217 100005
10.2215 100005
10.2259 100005
10.2304 100005
10.2349 100004
10.2394 100004
10.2439 100004
10.2484 100004
10.2529 100004
10.2574 100004
10.2619 100003
10.2664 100003
10.2709 100003
10.2755 100003
10.28 100003
10.2845 100003
10.289 100003
10.2935 100003
10.2981 100002
10.3026 100002
10.3072 100002
10.3117 100002
10.3162 100002
10.3208 100002
10.3253 100002
10.3299 100002
10.3344 100002
10.339 100002
10.3436 100002
10.3481 100002
10.3527 100002
10.3573 100001
10.3618 100001
10.3664 100001
10.371 100001
10.3756 100001
10.3802 100001
10.3847 100001
10.3893 100001
10.3939 100001
10.3985 100001
10.4031 100001
10.4077 100001
10.4123 100001
10.417 100001
10.4216 100001
10.4262 100001
10.4308 100001
10.4354 100001
10.4401 100001
10.4447 100001
10.4493 100001
10.4539 100001
10.4586 100001
10.4632 100001
10.4679 100001
10.4725 100001
10.4772 100001
10.4818 100000
10.4865 100000
10.4911 100000
10.4958 100000
10.5005 100000
10.5051 100000
10.5098 100000
10.5145 100000
10.5192 100000
10.5238 100000
10.5285 100000
10.5332 100000
10.5379 100000
10.5426 100000
10.5473 100000
10.552 100000
10.5567 100000
10.5614 100000
10.5661 100000
10.5708 100000
10.5756 100000
10.5803 100000
10.585 100000
10.5897 100000
10.5944 100000
10.5992 100000
10.6039 100000
10.6087 100000
10.6134 100000
10.6181 100000
10.6229 100000
10.6276 100000
10.6324 100000
10.6371 100000
10.6419 100000
10.6467 100000
10.6514 100000
10.6562 100000
10.661 100000
10.6658 100000
10.6705 100000
10.6753 100000
10.6801 100000
10.6849 100000
10.6897 100000
10.6945 100000
10.6993 100000
10.7041 100000
10.7089 100000
10.7137 100000
10.7185 100000
10.7233 100000
10.7281 100000
10.733 100000
10.7378 100000
10.7426 100000
10.7474 100000
10.7523 100000
10.7571 100000
10.762 100000
10.7668 100000
10.7716 100000
10.7765 100000
10.7813 100000
10.7862 100000
10.7911 100000
10.7959 100000
10.8008 100000
10.8057 100000
10.8105 100000
10.8154 100000
10.8203 100000
10.8252 100000
10.8301 100000
10.8349 100000
10.8398 100000
10.8447 100000
10.8496 100000
10.8545 100000
10.8594 100000
10.8643 100000
10.8693 100000
10.8742 100000
10.8791 100000
10.884 100000
10.8889 100000
10.8939 100000
10.8988 100000
10.9037 100000
10.9087 100000
10.9136 100000
10.9186 100000
10.9235 100000
10.9285 100000
10.9334 100000
10.9384 100000
10.9433 100000
10.9483 100000
10.9533 100000
10.9582 100000
10.9632 100000
10.9682 100000
10.9732 100000
10.9782 100000
10.9831 100000
10.9881 100000
10.9931 100000
10.9981 100000
11.0031 100000
11.0081 100000
11.0131 100000
11.0182 100000
11.0232 100000
11.0282 100000
11.0332 100000
11.0382 100000
11.0433 100000
11.0483 100000
11.0533 100000
11.0584 100000
11.0634 100000
11.0684 100000
11.0735 100000
11.0785 100000
11.0836 100000
11.0887 100000
11.0937 100000
11.0988 100000
11.1039 100000
11.1089 100000
11.114 100000
11.1191 100000
11.1242 100000
11.1292 100000
11.1343 100000
11.1394 100000
11.1445 100000
11.1496 100000
11.1547 100000
11.1598 100000
11.1649 100000
11.1701 100000
11.1752 100000
11.1803 100000
11.1854 100000
11.1905 100000
11.1957 100000
11.2008 100000
11.2059 100000
11.2111 100000
11.2162 100000
11.2214 100000
11.2265 100000
11.2317 100000
11.2368 100000
11.242 100000
11.2471 100000
11.2523 100000
11.2575 100000
11.2627 100000
11.2678 100000
11.273 100000
11.2782 100000
11.2834 100000
11.2886 100000
11.2938 100000
11.299 100000
11.3042 100000
11.3094 100000
11.3146 100000
11.3198 100000
11.325 100000
11.3302 100000
11.3355 100000
11.3407 100000
11.3459 100000
11.3511 100000
11.3564 100000
11.3616 100000
11.3669 100000
11.3721 100000
11.3774 100000
11.3826 100000
11.3879 100000
11.3931 100000
11.3984 100000
11.4037 100000
11.4089 100000
11.4142 100000
11.4195 100000
11.4248 100000
11.4301 100000
11.4354 100000
11.4406 100000
11.4459 100000
11.4512 100000
11.4565 100000
11.4619 100000
11.4672 100000
11.4725 100000
11.4778 100000
11.4831 100000
11.4884 100000
11.4938 100000
11.4991 100000
11.5044 100000
11.5098 100000
11.5151 100000
11.5205 100000
11.5258 100000
11.5312 100000
11.5365 100000
11.5419 100000
11.5472 100000
11.5526 100000
11.558 100000
11.5634 100000
11.5687 100000
11.5741 100000
11.5795 100000
11.5849 100000
11.5903 100000
11.5957 100000
11.6011 100000
11.6065 100000
11.6119 100000
11.6173 100000
11.6227 100000
11.6281 100000
11.6336 100000
11.639 100000
11.6444 100000
11.6498 100000
11.6553 100000
11.6607 100000
11.6662 100000
11.6716 100000
11.6771 100000
11.6825 100000
11.688 100000
11.6934 100000
11.6989 100000
11.7044 100000
11.7098 100000
11.7153 100000
11.7208 100000
11.7263 100000
11.7318 100000
11.7373 100000
11.7427 100000
11.7482 100000
11.7537 100000
11.7593 100000
11.7648 100000
11.7703 100000
11.7758 100000
11.7813 100000
11.7868 100000
11.7924 100000
11.7979 100000
11.8034 100000
11.809 100000
11.8145 100000
11.8201 100000
11.8256 100000
11.8312 100000
11.8367 100000
11.8423 100000
11.8478 100000
11.8534 100000
11.859 100000
11.8646 100000
11.8701 100000
11.8757 100000
11.8813 100000
11.8869 100000
11.8925 100000
11.8981 100000
11.9037 100000
11.9093 100000
11.9149 100000
11.9205 100000
11.9261 100000
11.9317 100000
11.9374 100000
11.943 100000
11.9486 100000
11.9543 100000
11.9599 100000
11.9655 100000
11.9712 100000
11.9768 100000
11.9825 100000
11.9882 100000
11.9938 100000
11.9995 100000
12.0052 100000
12.0108 100000
12.0165 100000
12.0222 100000
12.0279 100000
12.0336 100000
12.0392 100000
12.0449 100000
12.0506 100000
12.0563 100000
12.0621 100000
12.0678 100000
12.0735 100000
12.0792 100000
12.0849 100000
12.0906 100000
12.0964 100000
12.1021 100000
12.1078 100000
12.1136 100000
12.1193 100000
12.1251 100000
12.1308 100000
12.1366 100000
12.1424 100000
12.1481 100000
12.1539 100000
12.1597 100000
12.1654 100000
12.1712 100000
12.177 100000
12.1828 100000
12.1886 100000
12.1944 100000
12.2002 100000
12.206 100000
12.2118 100000
12.2176 100000
12.2234 100000
12.2292 100000
12.235 100000
12.2409 100000
12.2467 100000
12.2525 100000
12.2584 100000
12.2642 100000
12.2701 100000
12.2759 100000
12.2818 100000
12.2876 100000
12.2935 100000
12.2993 100000
12.3052 100000
12.3111 100000
12.317 100000
12.3228 100000
12.3287 100000
12.3346 100000
12.3405 100000
12.3464 100000
12.3523 100000
12.3582 100000
12.3641 100000
12.37 100000
12.376 100000
12.3819 100000
12.3878 100000
12.3937 100000
12.3997 100000
12.4056 100000
12.4115 100000
12.4175 100000
12.4234 100000
12.4294 100000
12.4353 100000
12.4413 100000
12.4473 100000
12.4532 100000
12.4592 100000
12.4652 100000
12.4712 100000
12.4771 100000
12.4831 100000
12.4891 100000
12.4951 100000
12.5011 100000
12.5071 100000
12.5131 100000
12.5191 100000
12.5252 100000
12.5312 100000
12.5372 100000
12.5432 100000
12.5493 100000
12.5553 100000
12.5613 100000
12.5674 100000
12.5734 100000
12.5795 100000
12.5855 100000
12.5916 100000
12.5977 100000
12.6037 100000
12.6098 100000
12.6159 100000
12.622 100000
12.628 100000
12.6341 100000
12.6402 100000
12.6463 100000
12.6524 100000
12.6585 100000
12.6646 100000
12.6707 100000
12.6769 100000
12.683 100000
12.6891 100000
12.6952 100000
12.7014 100000
12.7075 100000
12.7136 100000
12.7198 100000
12.7259 100000
12.7321 100000
12.7383 100000
12.7444 100000
12.7506 100000
12.7567 100000
12.7629 100000
12.7691 100000
12.7753 100000
12.7815 100000
12.7877 100000
12.7939 100000
12.8001 100000
12.8063 100000
12.8125 100000
12.8187 100000
12.8249 100000
12.8311 100000
12.8373 100000
12.8436 100000
12.8498 100000
12.856 100000
12.8623 100000
12.8685 100000
12.8748 100000
12.881 100000
12.8873 100000
12.8935 100000
12.8998 100000
12.9061 100000
12.9123 100000
12.9186 100000
12.9249 100000
12.9312 100000
12.9375 100000
12.9438 100000
12.9501 100000
12.9564 100000
12.9627 100000
12.969 100000
12.9753 100000
12.9816 100000
12.988 100000
12.9943 100000
13.0006 100000
13.007 100000
13.0133 100000
13.0196 100000
13.026 100000
13.0323 100000
13.0387 100000
13.0451 100000
13.0514 100000
13.0578 100000
13.0642 100000
13.0706 100000
13.0769 100000
13.0833 100000
13.0897 100000
13.0961 100000
13.1025 100000
13.1089 100000
13.1153 100000
13.1218 100000
13.1282 100000
13.1346 100000
13.141 100000
13.1474 100000
13.1539 100000
13.1603 100000
13.1668 100000
13.1732 100000
13.1797 100000
13.1861 100000
13.1926 100000
13.199 100000
13.2055 100000
13.212 100000
13.2185 100000
13.2249 100000
13.2314 100000
13.2379 100000
13.2444 100000
13.2509 100000
13.2574 100000
13.2639 100000
13.2704 100000
13.277 100000
13.2835 100000
13.29 100000
13.2965 100000
13.3031 100000
13.3096 100000
13.3162 100000
13.3227 100000
13.3293 100000
13.3358 100000
13.3424 100000
13.3489 100000
13.3555 100000
13.3621 100000
13.3687 100000
13.3752 100000
13.3818 100000
13.3884 100000
13.395 100000
13.4016 100000
13.4082 100000
13.4148 100000
13.4214 100000
13.4281 100000
13.4347 100000
13.4413 100000
13.4479 100000
13.4546 100000
13.4612 100000
13.4679 100000
13.4745 100000
13.4812 100000
13.4878 100000
13.4945 100000
13.5011 100000
13.5078 100000
13.5145 100000
13.5212 100000
13.5279 100000
13.5345 100000
13.5412 100000
13.5479 100000
13.5546 100000
13.5613 100000
13.5681 100000
13.5748 100000
13.5815 100000
13.5882 100000
13.5949 100000
13.6017 100000
13.6084 100000
13.6152 100000
13.6219 100000
13.6287 100000
13.6354 100000
13.6422 100000
13.6489 100000
13.6557 100000
13.6625 100000
13.6693 100000
13.676 100000
13.6828 100000
13.6896 100000
13.6964 100000
13.7032 100000
13.71 100000
13.7168 100000
13.7237 100000
13.7305 100000
13.7373 100000
13.7441 100000
13.751 100000
13.7578 100000
13.7646 100000
13.7715 100000
13.7783 100000
13.7852 100000
13.792 100000
13.7989 100000
13.8058 100000
13.8127 100000
13.8195 100000
13.8264 100000
13.8333 100000
13.8402 100000
13.8471 100000
13.854 100000
13.8609 100000
13.8678 100000
13.8747 100000
13.8817 100000
13.8886 100000
13.8955 100000
13.9024 100000
13.9094 100000
13.9163 100000
13.9233 100000
13.9302 100000
13.9372 100000
13.9441 100000
13.9511 100000
13.9581 100000
13.9651 100000
13.972 100000
13.979 100000
13.986 100000
13.993 100000
14 100000
