Boron vs Depth
4541 2 2
Depth
Boron
0 2e+022
0.00700127 1.95034e+022
0.0139941 1.90192e+022
0.0209786 1.85475e+022
0.0279547 1.8088e+022
0.0349224 1.76405e+022
0.0418818 1.72049e+022
0.0488327 1.67809e+022
0.0557754 1.63684e+022
0.0627097 1.59672e+022
0.0696357 1.5577e+022
0.0765534 1.51975e+022
0.0834628 1.48286e+022
0.0903638 1.447e+022
0.0972566 1.41215e+022
0.104141 1.37828e+022
0.111017 1.34537e+022
0.117885 1.31339e+022
0.124745 1.28231e+022
0.131597 1.25213e+022
0.13844 1.2228e+022
0.145275 1.1943e+022
0.152102 1.16663e+022
0.158921 1.13974e+022
0.165731 1.11361e+022
0.172533 1.08823e+022
0.179328 1.06358e+022
0.186114 1.03963e+022
0.192891 1.01635e+022
0.199661 9.93739e+021
0.206423 9.71766e+021
0.213176 9.50413e+021
0.219922 9.29662e+021
0.226659 9.09495e+021
0.233388 8.89893e+021
0.240109 8.70838e+021
0.246822 8.52315e+021
0.253527 8.34306e+021
0.260224 8.16795e+021
0.266913 7.99768e+021
0.273594 7.83208e+021
0.280267 7.67101e+021
0.286931 7.51434e+021
0.293588 7.36192e+021
0.300237 7.21363e+021
0.306878 7.06932e+021
0.313511 6.92889e+021
0.320136 6.7922e+021
0.326753 6.65915e+021
0.333362 6.52962e+021
0.339963 6.4035e+021
0.346556 6.28068e+021
0.353141 6.16107e+021
0.359718 6.04456e+021
0.366288 5.93106e+021
0.372849 5.82048e+021
0.379403 5.71273e+021
0.385949 5.60772e+021
0.392487 5.50537e+021
0.399017 5.40559e+021
0.405539 5.30832e+021
0.412054 5.21347e+021
0.41856 5.12098e+021
0.425059 5.03076e+021
0.43155 4.94276e+021
0.438033 4.85691e+021
0.444509 4.77315e+021
0.450976 4.69141e+021
0.457436 4.61163e+021
0.463889 4.53376e+021
0.470333 4.45774e+021
0.47677 4.38352e+021
0.483198 4.31104e+021
0.48962 4.24026e+021
0.496033 4.17113e+021
0.502439 4.1036e+021
0.508837 4.03762e+021
0.515228 3.97315e+021
0.52161 3.91015e+021
0.527985 3.84858e+021
0.534353 3.78839e+021
0.540713 3.72955e+021
0.547065 3.67202e+021
0.553409 3.61577e+021
0.559746 3.56076e+021
0.566076 3.50695e+021
0.572397 3.45432e+021
0.578711 3.40283e+021
0.585018 3.35245e+021
0.591317 3.30315e+021
0.597608 3.2549e+021
0.603892 3.20768e+021
0.610169 3.16145e+021
0.616437 3.11619e+021
0.622699 3.07188e+021
0.628952 3.0285e+021
0.635199 2.986e+021
0.641437 2.94438e+021
0.647669 2.90362e+021
0.653892 2.86368e+021
0.660109 2.82455e+021
0.666318 2.7862e+021
0.672519 2.74863e+021
0.678713 2.7118e+021
0.684899 2.67571e+021
0.691078 2.64032e+021
0.69725 2.60563e+021
0.703414 2.57162e+021
0.709571 2.53826e+021
0.715721 2.50555e+021
0.721863 2.47347e+021
0.727997 2.442e+021
0.734125 2.41113e+021
0.740245 2.38085e+021
0.746357 2.35113e+021
0.752463 2.32197e+021
0.758561 2.29336e+021
0.764651 2.26527e+021
0.770735 2.23771e+021
0.776811 2.21065e+021
0.782879 2.18408e+021
0.788941 2.158e+021
0.794995 2.13239e+021
0.801042 2.10723e+021
0.807082 2.08253e+021
0.813114 2.05827e+021
0.819139 2.03444e+021
0.825157 2.01103e+021
0.831168 1.98804e+021
0.837171 1.96544e+021
0.843168 1.94324e+021
0.849157 1.92142e+021
0.855139 1.89998e+021
0.861113 1.8789e+021
0.867081 1.85819e+021
0.873041 1.83782e+021
0.878994 1.8178e+021
0.884941 1.79812e+021
0.890879 1.77877e+021
0.896811 1.75974e+021
0.902736 1.74102e+021
0.908654 1.72262e+021
0.914564 1.70452e+021
0.920467 1.68671e+021
0.926364 1.66919e+021
0.932253 1.65196e+021
0.938135 1.63501e+021
0.94401 1.61833e+021
0.949878 1.60191e+021
0.955739 1.58576e+021
0.961593 1.56986e+021
0.96744 1.55421e+021
0.97328 1.53881e+021
0.979113 1.52365e+021
0.984939 1.50873e+021
0.990758 1.49404e+021
0.996569 1.47957e+021
1.00237 1.46533e+021
1.00817 1.45131e+021
1.01396 1.4375e+021
1.01975 1.42389e+021
1.02552 1.4105e+021
1.03129 1.3973e+021
1.03706 1.38431e+021
1.04281 1.37151e+021
1.04856 1.35889e+021
1.05431 1.34647e+021
1.06004 1.33422e+021
1.06577 1.32216e+021
1.07149 1.31027e+021
1.07721 1.29856e+021
1.08292 1.28702e+021
1.08862 1.27564e+021
1.09431 1.26442e+021
1.1 1.25337e+021
1.10568 1.24247e+021
1.11135 1.23173e+021
1.11702 1.22114e+021
1.12268 1.2107e+021
1.12833 1.20041e+021
1.13398 1.19025e+021
1.13962 1.18024e+021
1.14525 1.17037e+021
1.15088 1.16064e+021
1.1565 1.15104e+021
1.16211 1.14157e+021
1.16772 1.13223e+021
1.17332 1.12302e+021
1.17891 1.11393e+021
1.1845 1.10496e+021
1.19008 1.09612e+021
1.19565 1.08739e+021
1.20122 1.07878e+021
1.20678 1.07028e+021
1.21233 1.0619e+021
1.21787 1.05362e+021
1.22341 1.04546e+021
1.22895 1.0374e+021
1.23447 1.02944e+021
1.23999 1.02159e+021
1.2455 1.01384e+021
1.25101 1.0062e+021
1.25651 9.98644e+020
1.262 9.9119e+020
1.26749 9.8383e+020
1.27297 9.76564e+020
1.27844 9.6939e+020
1.28391 9.62307e+020
1.28937 9.55312e+020
1.29482 9.48405e+020
1.30027 9.41583e+020
1.30571 9.34847e+020
1.31114 9.28194e+020
1.31657 9.21623e+020
1.32199 9.15133e+020
1.3274 9.08722e+020
1.33281 9.0239e+020
1.33821 8.96134e+020
1.34361 8.89954e+020
1.349 8.83849e+020
1.35438 8.77818e+020
1.35975 8.71859e+020
1.36512 8.65971e+020
1.37049 8.60153e+020
1.37584 8.54404e+020
1.38119 8.48723e+020
1.38653 8.43109e+020
1.39187 8.37561e+020
1.3972 8.32078e+020
1.40253 8.2666e+020
1.40784 8.21304e+020
1.41315 8.1601e+020
1.41846 8.10777e+020
1.42376 8.05605e+020
1.42905 8.00492e+020
1.43434 7.95438e+020
1.43961 7.90441e+020
1.44489 7.85501e+020
1.45015 7.80617e+020
1.45542 7.75788e+020
1.46067 7.71013e+020
1.46592 7.66292e+020
1.47116 7.61624e+020
1.47639 7.57008e+020
1.48162 7.52443e+020
1.48685 7.47929e+020
1.49206 7.43465e+020
1.49727 7.3905e+020
1.50248 7.34683e+020
1.50767 7.30364e+020
1.51286 7.26092e+020
1.51805 7.21866e+020
1.52323 7.17687e+020
1.5284 7.13552e+020
1.53357 7.09462e+020
1.53873 7.05416e+020
1.54388 7.01414e+020
1.54903 6.97454e+020
1.55417 6.93536e+020
1.55931 6.89659e+020
1.56444 6.85824e+020
1.56956 6.82029e+020
1.57468 6.78274e+020
1.57979 6.74558e+020
1.58489 6.70882e+020
1.58999 6.67243e+020
1.59508 6.63643e+020
1.60017 6.60079e+020
1.60525 6.56553e+020
1.61033 6.53062e+020
1.61539 6.49608e+020
1.62046 6.46189e+020
1.62551 6.42805e+020
1.63056 6.39455e+020
1.63561 6.36139e+020
1.64064 6.32857e+020
1.64567 6.29608e+020
1.6507 6.26391e+020
1.65572 6.23207e+020
1.66073 6.20055e+020
1.66574 6.16934e+020
1.67074 6.13845e+020
1.67574 6.10785e+020
1.68073 6.07757e+020
1.68571 6.04758e+020
1.69069 6.01788e+020
1.69566 5.98848e+020
1.70063 5.95936e+020
1.70559 5.93053e+020
1.71054 5.90198e+020
1.71549 5.87371e+020
1.72043 5.84571e+020
1.72537 5.81798e+020
1.7303 5.79051e+020
1.73522 5.76331e+020
1.74014 5.73637e+020
1.74505 5.70969e+020
1.74996 5.68326e+020
1.75486 5.65708e+020
1.75975 5.63116e+020
1.76464 5.60547e+020
1.76952 5.58003e+020
1.7744 5.55482e+020
1.77927 5.52986e+020
1.78414 5.50512e+020
1.789 5.48062e+020
1.79385 5.45634e+020
1.7987 5.43229e+020
1.80354 5.40847e+020
1.80838 5.38486e+020
1.81321 5.36147e+020
1.81803 5.33829e+020
1.82285 5.31533e+020
1.82766 5.29257e+020
1.83247 5.27002e+020
1.83727 5.24768e+020
1.84207 5.22554e+020
1.84686 5.2036e+020
1.85164 5.18186e+020
1.85642 5.16031e+020
1.86119 5.13896e+020
1.86596 5.1178e+020
1.87072 5.09682e+020
1.87548 5.07604e+020
1.88023 5.05544e+020
1.88497 5.03502e+020
1.88971 5.01478e+020
1.89444 4.99472e+020
1.89917 4.97483e+020
1.90389 4.95512e+020
1.90861 4.93559e+020
1.91332 4.91622e+020
1.91802 4.89702e+020
1.92272 4.87799e+020
1.92741 4.85913e+020
1.9321 4.84042e+020
1.93678 4.82188e+020
1.94146 4.8035e+020
1.94613 4.78528e+020
1.95079 4.76721e+020
1.95545 4.74929e+020
1.96011 4.73153e+020
1.96476 4.71392e+020
1.9694 4.69646e+020
1.97404 4.67915e+020
1.97867 4.66199e+020
1.98329 4.64496e+020
1.98791 4.62809e+020
1.99253 4.61135e+020
1.99714 4.59475e+020
2.00174 4.57829e+020
2.00634 4.56197e+020
2.01093 4.54579e+020
2.01552 4.52974e+020
2.0201 4.51382e+020
2.02468 4.49803e+020
2.02925 4.48237e+020
2.03381 4.46685e+020
2.03837 4.45145e+020
2.04293 4.43617e+020
2.04748 4.42102e+020
2.05202 4.40599e+020
2.05656 4.39109e+020
2.06109 4.37631e+020
2.06562 4.36164e+020
2.07014 4.3471e+020
2.07465 4.33267e+020
2.07917 4.31836e+020
2.08367 4.30416e+020
2.08817 4.29007e+020
2.09267 4.2761e+020
2.09715 4.26224e+020
2.10164 4.24849e+020
2.10612 4.23485e+020
2.11059 4.22132e+020
2.11506 4.20789e+020
2.11952 4.19457e+020
2.12398 4.18136e+020
2.12843 4.16825e+020
2.13287 4.15524e+020
2.13731 4.14233e+020
2.14175 4.12952e+020
2.14618 4.11682e+020
2.15061 4.10421e+020
2.15502 4.0917e+020
2.15944 4.07929e+020
2.16385 4.06697e+020
2.16825 4.05474e+020
2.17265 4.04262e+020
2.17704 4.03058e+020
2.18143 4.01864e+020
2.18581 4.00678e+020
2.19019 3.99502e+020
2.19456 3.98335e+020
2.19893 3.97177e+020
2.20329 3.96027e+020
2.20765 3.94886e+020
2.212 3.93754e+020
2.21634 3.9263e+020
2.22068 3.91515e+020
2.22502 3.90408e+020
2.22935 3.89309e+020
2.23368 3.88219e+020
2.238 3.87137e+020
2.24231 3.86062e+020
2.24662 3.84996e+020
2.25092 3.83938e+020
2.25522 3.82887e+020
2.25952 3.81844e+020
2.26381 3.80809e+020
2.26809 3.79782e+020
2.27237 3.78762e+020
2.27664 3.7775e+020
2.28091 3.76745e+020
2.28517 3.75747e+020
2.28943 3.74756e+020
2.29368 3.73773e+020
2.29793 3.72797e+020
2.30217 3.71828e+020
2.30641 3.70866e+020
2.31064 3.69911e+020
2.31487 3.68963e+020
2.31909 3.68021e+020
2.32331 3.67087e+020
2.32752 3.66159e+020
2.33173 3.65238e+020
2.33593 3.64323e+020
2.34013 3.63415e+020
2.34432 3.62513e+020
2.34851 3.61618e+020
2.35269 3.60729e+020
2.35687 3.59846e+020
2.36104 3.58969e+020
2.36521 3.58099e+020
2.36937 3.57235e+020
2.37353 3.56377e+020
2.37768 3.55525e+020
2.38182 3.54679e+020
2.38597 3.53838e+020
2.3901 3.53004e+020
2.39424 3.52175e+020
2.39836 3.51352e+020
2.40249 3.50535e+020
2.4066 3.49724e+020
2.41071 3.48918e+020
2.41482 3.48118e+020
2.41892 3.47323e+020
2.42302 3.46533e+020
2.42711 3.45749e+020
2.4312 3.44971e+020
2.43528 3.44198e+020
2.43936 3.4343e+020
2.44344 3.42667e+020
2.4475 3.41909e+020
2.45157 3.41157e+020
2.45562 3.40409e+020
2.45968 3.39667e+020
2.46373 3.3893e+020
2.46777 3.38198e+020
2.47181 3.3747e+020
2.47584 3.36748e+020
2.47987 3.3603e+020
2.4839 3.35317e+020
2.48792 3.34609e+020
2.49193 3.33906e+020
2.49594 3.33207e+020
2.49995 3.32513e+020
2.50395 3.31823e+020
2.50794 3.31138e+020
2.51193 3.30458e+020
2.51592 3.29782e+020
2.5199 3.29111e+020
2.52387 3.28444e+020
2.52785 3.27781e+020
2.53181 3.27123e+020
2.53577 3.26469e+020
2.53973 3.25819e+020
2.54368 3.25174e+020
2.54763 3.24532e+020
2.55157 3.23895e+020
2.55551 3.23262e+020
2.55945 3.22633e+020
2.56338 3.22009e+020
2.5673 3.21388e+020
2.57122 3.20771e+020
2.57513 3.20158e+020
2.57904 3.19549e+020
2.58295 3.18945e+020
2.58685 3.18343e+020
2.59075 3.17746e+020
2.59464 3.17153e+020
2.59852 3.16563e+020
2.6024 3.15977e+020
2.60628 3.15395e+020
2.61015 3.14817e+020
2.61402 3.14242e+020
2.61789 3.13671e+020
2.62174 3.13103e+020
2.6256 3.12539e+020
2.62945 3.11979e+020
2.63329 3.11422e+020
2.63713 3.10869e+020
2.64097 3.10319e+020
2.6448 3.09772e+020
2.64862 3.09229e+020
2.65245 3.08689e+020
2.65626 3.08153e+020
2.66008 3.0762e+020
2.66388 3.0709e+020
2.66769 3.06564e+020
2.67149 3.06041e+020
2.67528 3.05521e+020
2.67907 3.05004e+020
2.68286 3.04491e+020
2.68664 3.0398e+020
2.69041 3.03473e+020
2.69418 3.02969e+020
2.69795 3.02468e+020
2.70171 3.0197e+020
2.70547 3.01475e+020
2.70922 3.00983e+020
2.71297 3.00494e+020
2.71672 3.00008e+020
2.72046 2.99525e+020
2.72419 2.99045e+020
2.72792 2.98568e+020
2.73165 2.98093e+020
2.73537 2.97622e+020
2.73909 2.97153e+020
2.7428 2.96687e+020
2.74651 2.96224e+020
2.75022 2.95764e+020
2.75392 2.95307e+020
2.75761 2.94852e+020
2.7613 2.944e+020
2.76499 2.93951e+020
2.76867 2.93504e+020
2.77235 2.9306e+020
2.77602 2.92619e+020
2.77969 2.9218e+020
2.78336 2.91744e+020
2.78701 2.9131e+020
2.79067 2.90879e+020
2.79432 2.90451e+020
2.79797 2.90025e+020
2.80161 2.89601e+020
2.80525 2.8918e+020
2.80888 2.88762e+020
2.81251 2.88346e+020
2.81614 2.87932e+020
2.81976 2.87521e+020
2.82337 2.87112e+020
2.82699 2.86705e+020
2.83059 2.86301e+020
2.8342 2.859e+020
2.8378 2.855e+020
2.84139 2.85103e+020
2.84498 2.84708e+020
2.84857 2.84316e+020
2.85215 2.83925e+020
2.85573 2.83537e+020
2.8593 2.83152e+020
2.86287 2.82768e+020
2.86643 2.82387e+020
2.86999 2.82007e+020
2.87355 2.8163e+020
2.8771 2.81255e+020
2.88065 2.80883e+020
2.88419 2.80512e+020
2.88773 2.80143e+020
2.89126 2.79777e+020
2.89479 2.79412e+020
2.89832 2.7905e+020
2.90184 2.7869e+020
2.90536 2.78332e+020
2.90887 2.77975e+020
2.91238 2.77621e+020
2.91589 2.77269e+020
2.91939 2.76919e+020
2.92289 2.7657e+020
2.92638 2.76224e+020
2.92987 2.7588e+020
2.93335 2.75537e+020
2.93683 2.75196e+020
2.94031 2.74858e+020
2.94378 2.74521e+020
2.94725 2.74186e+020
2.95071 2.73853e+020
2.95417 2.73522e+020
2.95762 2.73192e+020
2.96107 2.72865e+020
2.96452 2.72539e+020
2.96796 2.72215e+020
2.9714 2.71893e+020
2.97483 2.71572e+020
2.97827 2.71254e+020
2.98169 2.70937e+020
2.98511 2.70621e+020
2.98853 2.70308e+020
2.99194 2.69996e+020
2.99535 2.69686e+020
2.99876 2.69378e+020
3.00216 2.69071e+020
3.00556 2.68766e+020
3.00895 2.68462e+020
3.01234 2.68161e+020
3.01573 2.67861e+020
3.01911 2.67562e+020
3.02248 2.67265e+020
3.02586 2.6697e+020
3.02923 2.66676e+020
3.03259 2.66384e+020
3.03595 2.66093e+020
3.03931 2.65804e+020
3.04266 2.65517e+020
3.04601 2.65231e+020
3.04935 2.64947e+020
3.05269 2.64664e+020
3.05603 2.64382e+020
3.05936 2.64103e+020
3.06269 2.63824e+020
3.06602 2.63547e+020
3.06934 2.63272e+020
3.07265 2.62998e+020
3.07597 2.62725e+020
3.07928 2.62454e+020
3.08258 2.62184e+020
3.08588 2.61916e+020
3.08918 2.61649e+020
3.09247 2.61384e+020
3.09576 2.6112e+020
3.09904 2.60857e+020
3.10233 2.60596e+020
3.1056 2.60336e+020
3.10888 2.60077e+020
3.11214 2.5982e+020
3.11541 2.59564e+020
3.11867 2.5931e+020
3.12193 2.59056e+020
3.12518 2.58804e+020
3.12843 2.58554e+020
3.13168 2.58305e+020
3.13492 2.58056e+020
3.13816 2.5781e+020
3.14139 2.57564e+020
3.14462 2.5732e+020
3.14785 2.57077e+020
3.15107 2.56835e+020
3.15429 2.56595e+020
3.1575 2.56356e+020
3.16071 2.56118e+020
3.16392 2.55881e+020
3.16712 2.55645e+020
3.17032 2.55411e+020
3.17352 2.55178e+020
3.17671 2.54946e+020
3.1799 2.54715e+020
3.18308 2.54485e+020
3.18626 2.54257e+020
3.18944 2.54029e+020
3.19261 2.53803e+020
3.19578 2.53578e+020
3.19895 2.53354e+020
3.20211 2.53131e+020
3.20526 2.5291e+020
3.20842 2.52689e+020
3.21157 2.5247e+020
3.21471 2.52252e+020
3.21785 2.52034e+020
3.22099 2.51818e+020
3.22413 2.51603e+020
3.22726 2.51389e+020
3.23039 2.51176e+020
3.23351 2.50964e+020
3.23663 2.50753e+020
3.23974 2.50544e+020
3.24286 2.50335e+020
3.24596 2.50127e+020
3.24907 2.49921e+020
3.25217 2.49715e+020
3.25527 2.4951e+020
3.25836 2.49307e+020
3.26145 2.49104e+020
3.26454 2.48903e+020
3.26762 2.48702e+020
3.2707 2.48502e+020
3.27377 2.48304e+020
3.27684 2.48106e+020
3.27991 2.47909e+020
3.28298 2.47714e+020
3.28604 2.47519e+020
3.28909 2.47325e+020
3.29214 2.47132e+020
3.29519 2.4694e+020
3.29824 2.46749e+020
3.30128 2.46559e+020
3.30432 2.4637e+020
3.30735 2.46182e+020
3.31039 2.45994e+020
3.31341 2.45808e+020
3.31644 2.45622e+020
3.31946 2.45438e+020
3.32247 2.45254e+020
3.32549 2.45071e+020
3.32849 2.44889e+020
3.3315 2.44708e+020
3.3345 2.44528e+020
3.3375 2.44348e+020
3.3405 2.4417e+020
3.34349 2.43992e+020
3.34647 2.43815e+020
3.34946 2.43639e+020
3.35244 2.43464e+020
3.35541 2.4329e+020
3.35839 2.43117e+020
3.36136 2.42944e+020
3.36432 2.42772e+020
3.36729 2.42601e+020
3.37025 2.42431e+020
3.3732 2.42262e+020
3.37615 2.42093e+020
3.3791 2.41925e+020
3.38205 2.41758e+020
3.38499 2.41592e+020
3.38792 2.41427e+020
3.39086 2.41262e+020
3.39379 2.41098e+020
3.39672 2.40935e+020
3.39964 2.40773e+020
3.40256 2.40611e+020
3.40548 2.4045e+020
3.40839 2.4029e+020
3.4113 2.40131e+020
3.41421 2.39972e+020
3.41711 2.39814e+020
3.42001 2.39657e+020
3.4229 2.39501e+020
3.4258 2.39345e+020
3.42868 2.3919e+020
3.43157 2.39036e+020
3.43445 2.38883e+020
3.43733 2.3873e+020
3.44021 2.38578e+020
3.44308 2.38426e+020
3.44594 2.38276e+020
3.44881 2.38126e+020
3.45167 2.37976e+020
3.45453 2.37828e+020
3.45738 2.3768e+020
3.46023 2.37533e+020
3.46308 2.37386e+020
3.46592 2.3724e+020
3.46877 2.37095e+020
3.4716 2.3695e+020
3.47444 2.36806e+020
3.47727 2.36663e+020
3.48009 2.36521e+020
3.48292 2.36379e+020
3.48574 2.36237e+020
3.48855 2.36097e+020
3.49137 2.35957e+020
3.49418 2.35817e+020
3.49698 2.35678e+020
3.49979 2.3554e+020
3.50259 2.35403e+020
3.50538 2.35266e+020
3.50818 2.3513e+020
3.51097 2.34994e+020
3.51375 2.34859e+020
3.51654 2.34724e+020
3.51932 2.34591e+020
3.52209 2.34457e+020
3.52487 2.34325e+020
3.52764 2.34193e+020
3.5304 2.34061e+020
3.53317 2.3393e+020
3.53593 2.338e+020
3.53868 2.3367e+020
3.54143 2.33541e+020
3.54418 2.33413e+020
3.54693 2.33285e+020
3.54967 2.33157e+020
3.55241 2.3303e+020
3.55515 2.32904e+020
3.55789 2.32778e+020
3.56062 2.32653e+020
3.56334 2.32528e+020
3.56607 2.32404e+020
3.56879 2.32281e+020
3.5715 2.32158e+020
3.57422 2.32035e+020
3.57693 2.31913e+020
3.57963 2.31792e+020
3.58234 2.31671e+020
3.58504 2.31551e+020
3.58774 2.31431e+020
3.59043 2.31312e+020
3.59312 2.31193e+020
3.59581 2.31075e+020
3.5985 2.30957e+020
3.60118 2.3084e+020
3.60386 2.30723e+020
3.60653 2.30607e+020
3.6092 2.30491e+020
3.61187 2.30376e+020
3.61454 2.30262e+020
3.6172 2.30147e+020
3.61986 2.30034e+020
3.62251 2.29921e+020
3.62517 2.29808e+020
3.62781 2.29696e+020
3.63046 2.29584e+020
3.6331 2.29473e+020
3.63574 2.29362e+020
3.63838 2.29252e+020
3.64101 2.29142e+020
3.64364 2.29033e+020
3.64627 2.28924e+020
3.6489 2.28815e+020
3.65152 2.28707e+020
3.65413 2.286e+020
3.65675 2.28493e+020
3.65936 2.28386e+020
3.66197 2.2828e+020
3.66457 2.28174e+020
3.66718 2.28069e+020
3.66978 2.27964e+020
3.67237 2.2786e+020
3.67496 2.27756e+020
3.67755 2.27653e+020
3.68014 2.2755e+020
3.68272 2.27447e+020
3.6853 2.27345e+020
3.68788 2.27243e+020
3.69046 2.27142e+020
3.69303 2.27041e+020
3.69559 2.26941e+020
3.69816 2.26841e+020
3.70072 2.26741e+020
3.70328 2.26642e+020
3.70584 2.26543e+020
3.70839 2.26445e+020
3.71094 2.26347e+020
3.71348 2.2625e+020
3.71603 2.26152e+020
3.71857 2.26056e+020
3.7211 2.25959e+020
3.72364 2.25864e+020
3.72617 2.25768e+020
3.7287 2.25673e+020
3.73122 2.25578e+020
3.73375 2.25484e+020
3.73626 2.2539e+020
3.73878 2.25297e+020
3.74129 2.25203e+020
3.7438 2.25111e+020
3.74631 2.25018e+020
3.74881 2.24926e+020
3.75132 2.24835e+020
3.75381 2.24743e+020
3.75631 2.24653e+020
3.7588 2.24562e+020
3.76129 2.24472e+020
3.76378 2.24382e+020
3.76626 2.24293e+020
3.76874 2.24204e+020
3.77122 2.24115e+020
3.77369 2.24027e+020
3.77616 2.23939e+020
3.77863 2.23851e+020
3.78109 2.23764e+020
3.78356 2.23677e+020
3.78602 2.23591e+020
3.78847 2.23505e+020
3.79093 2.23419e+020
3.79338 2.23333e+020
3.79582 2.23248e+020
3.79827 2.23164e+020
3.80071 2.23079e+020
3.80315 2.22995e+020
3.80558 2.22911e+020
3.80802 2.22828e+020
3.81045 2.22745e+020
3.81287 2.22662e+020
3.8153 2.2258e+020
3.81772 2.22498e+020
3.82014 2.22416e+020
3.82255 2.22335e+020
3.82496 2.22254e+020
3.82737 2.22173e+020
3.82978 2.22092e+020
3.83218 2.22012e+020
3.83459 2.21933e+020
3.83698 2.21853e+020
3.83938 2.21774e+020
3.84177 2.21695e+020
3.84416 2.21617e+020
3.84655 2.21538e+020
3.84893 2.21461e+020
3.85131 2.21383e+020
3.85369 2.21306e+020
3.85606 2.21229e+020
3.85844 2.21152e+020
3.86081 2.21076e+020
3.86317 2.21e+020
3.86554 2.20924e+020
3.8679 2.20848e+020
3.87026 2.20773e+020
3.87261 2.20698e+020
3.87496 2.20624e+020
3.87731 2.2055e+020
3.87966 2.20476e+020
3.882 2.20402e+020
3.88434 2.20329e+020
3.88668 2.20255e+020
3.88902 2.20183e+020
3.89135 2.2011e+020
3.89368 2.20038e+020
3.89601 2.19966e+020
3.89833 2.19894e+020
3.90065 2.19823e+020
3.90297 2.19752e+020
3.90529 2.19681e+020
3.9076 2.1961e+020
3.90991 2.1954e+020
3.91222 2.1947e+020
3.91452 2.194e+020
3.91683 2.19331e+020
3.91913 2.19261e+020
3.92142 2.19193e+020
3.92372 2.19124e+020
3.92601 2.19055e+020
3.92829 2.18987e+020
3.93058 2.18919e+020
3.93286 2.18852e+020
3.93514 2.18784e+020
3.93742 2.18717e+020
3.93969 2.1865e+020
3.94197 2.18584e+020
3.94424 2.18517e+020
3.9465 2.18451e+020
3.94877 2.18386e+020
3.95103 2.1832e+020
3.95328 2.18255e+020
3.95554 2.1819e+020
3.95779 2.18125e+020
3.96004 2.1806e+020
3.96229 2.17996e+020
3.96454 2.17932e+020
3.96678 2.17868e+020
3.96902 2.17804e+020
3.97125 2.17741e+020
3.97349 2.17678e+020
3.97572 2.17615e+020
3.97795 2.17552e+020
3.98017 2.1749e+020
3.9824 2.17428e+020
3.98462 2.17366e+020
3.98683 2.17304e+020
3.98905 2.17243e+020
3.99126 2.17181e+020
3.99347 2.1712e+020
3.99568 2.1706e+020
3.99788 2.16999e+020
4.00009 2.16939e+020
4.00229 2.16879e+020
4.00448 2.16819e+020
4.00668 2.16759e+020
4.00887 2.167e+020
4.01106 2.16641e+020
4.01324 2.16582e+020
4.01543 2.16523e+020
4.01761 2.16464e+020
4.01979 2.16406e+020
4.02196 2.16348e+020
4.02413 2.1629e+020
4.02631 2.16232e+020
4.02847 2.16175e+020
4.03064 2.16118e+020
4.0328 2.16061e+020
4.03496 2.16004e+020
4.03712 2.15947e+020
4.03927 2.1589e+020
4.04143 2.15833e+020
4.04358 2.15776e+020
4.04572 2.15719e+020
4.04787 2.15662e+020
4.05001 2.15606e+020
4.05215 2.15549e+020
4.05429 2.15493e+020
4.05642 2.15436e+020
4.05855 2.1538e+020
4.06068 2.15323e+020
4.06281 2.15267e+020
4.06493 2.15211e+020
4.06705 2.15155e+020
4.06917 2.15099e+020
4.07129 2.15043e+020
4.0734 2.14987e+020
4.07551 2.14931e+020
4.07762 2.14875e+020
4.07973 2.14819e+020
4.08183 2.14763e+020
4.08393 2.14708e+020
4.08603 2.14652e+020
4.08813 2.14597e+020
4.09022 2.14541e+020
4.09231 2.14486e+020
4.0944 2.1443e+020
4.09649 2.14375e+020
4.09857 2.1432e+020
4.10065 2.14265e+020
4.10273 2.14209e+020
4.10481 2.14154e+020
4.10688 2.14099e+020
4.10895 2.14044e+020
4.11102 2.13989e+020
4.11309 2.13935e+020
4.11515 2.1388e+020
4.11721 2.13825e+020
4.11927 2.13771e+020
4.12133 2.13716e+020
4.12338 2.13661e+020
4.12543 2.13607e+020
4.12748 2.13552e+020
4.12953 2.13498e+020
4.13157 2.13444e+020
4.13361 2.1339e+020
4.13565 2.13335e+020
4.13769 2.13281e+020
4.13972 2.13227e+020
4.14175 2.13173e+020
4.14378 2.13119e+020
4.14581 2.13065e+020
4.14783 2.13012e+020
4.14986 2.12958e+020
4.15188 2.12904e+020
4.15389 2.1285e+020
4.15591 2.12797e+020
4.15792 2.12743e+020
4.15993 2.1269e+020
4.16194 2.12636e+020
4.16394 2.12583e+020
4.16594 2.1253e+020
4.16794 2.12476e+020
4.16994 2.12423e+020
4.17194 2.1237e+020
4.17393 2.12317e+020
4.17592 2.12264e+020
4.17791 2.12211e+020
4.1799 2.12158e+020
4.18188 2.12105e+020
4.18386 2.12052e+020
4.18584 2.12e+020
4.18782 2.11947e+020
4.18979 2.11894e+020
4.19176 2.11842e+020
4.19373 2.11789e+020
4.1957 2.11737e+020
4.19766 2.11685e+020
4.19962 2.11632e+020
4.20158 2.1158e+020
4.20354 2.11528e+020
4.2055 2.11476e+020
4.20745 2.11423e+020
4.2094 2.11371e+020
4.21135 2.11319e+020
4.21329 2.11268e+020
4.21524 2.11216e+020
4.21718 2.11164e+020
4.21912 2.11112e+020
4.22105 2.1106e+020
4.22299 2.11009e+020
4.22492 2.10957e+020
4.22685 2.10906e+020
4.22878 2.10854e+020
4.2307 2.10803e+020
4.23262 2.10751e+020
4.23454 2.107e+020
4.23646 2.10649e+020
4.23838 2.10598e+020
4.24029 2.10546e+020
4.2422 2.10495e+020
4.24411 2.10444e+020
4.24602 2.10393e+020
4.24792 2.10342e+020
4.24982 2.10291e+020
4.25172 2.10241e+020
4.25362 2.1019e+020
4.25551 2.10139e+020
4.25741 2.10089e+020
4.2593 2.10038e+020
4.26118 2.09987e+020
4.26307 2.09937e+020
4.26495 2.09887e+020
4.26684 2.09836e+020
4.26871 2.09786e+020
4.27059 2.09736e+020
4.27247 2.09685e+020
4.27434 2.09635e+020
4.27621 2.09585e+020
4.27808 2.09535e+020
4.27994 2.09485e+020
4.28181 2.09435e+020
4.28367 2.09385e+020
4.28553 2.09335e+020
4.28738 2.09286e+020
4.28924 2.09236e+020
4.29109 2.09186e+020
4.29294 2.09137e+020
4.29479 2.09087e+020
4.29663 2.09038e+020
4.29848 2.08988e+020
4.30032 2.08939e+020
4.30216 2.0889e+020
4.30399 2.0884e+020
4.30583 2.08791e+020
4.30766 2.08742e+020
4.30949 2.08693e+020
4.31132 2.08644e+020
4.31314 2.08595e+020
4.31497 2.08546e+020
4.31679 2.08497e+020
4.31861 2.08448e+020
4.32042 2.08399e+020
4.32224 2.0835e+020
4.32405 2.08302e+020
4.32586 2.08253e+020
4.32767 2.08205e+020
4.32948 2.08156e+020
4.33128 2.08108e+020
4.33308 2.08059e+020
4.33488 2.08011e+020
4.33668 2.07962e+020
4.33847 2.07914e+020
4.34027 2.07866e+020
4.34206 2.07818e+020
4.34385 2.0777e+020
4.34563 2.07722e+020
4.34742 2.07674e+020
4.3492 2.07626e+020
4.35098 2.07578e+020
4.35276 2.0753e+020
4.35453 2.07482e+020
4.35631 2.07434e+020
4.35808 2.07387e+020
4.35985 2.07339e+020
4.36162 2.07292e+020
4.36338 2.07244e+020
4.36515 2.07197e+020
4.36691 2.07149e+020
4.36867 2.07102e+020
4.37042 2.07055e+020
4.37218 2.07007e+020
4.37393 2.0696e+020
4.37568 2.06913e+020
4.37743 2.06866e+020
4.37918 2.06819e+020
4.38092 2.06772e+020
4.38266 2.06725e+020
4.3844 2.06678e+020
4.38614 2.06631e+020
4.38788 2.06584e+020
4.38961 2.06537e+020
4.39134 2.06491e+020
4.39307 2.06444e+020
4.3948 2.06398e+020
4.39652 2.06351e+020
4.39825 2.06305e+020
4.39997 2.06258e+020
4.40169 2.06212e+020
4.40341 2.06165e+020
4.40512 2.06119e+020
4.40683 2.06073e+020
4.40854 2.06027e+020
4.41025 2.05981e+020
4.41196 2.05934e+020
4.41367 2.05888e+020
4.41537 2.05842e+020
4.41707 2.05797e+020
4.41877 2.05751e+020
4.42046 2.05705e+020
4.42216 2.05659e+020
4.42385 2.05613e+020
4.42554 2.05568e+020
4.42723 2.05522e+020
4.42892 2.05476e+020
4.4306 2.05431e+020
4.43228 2.05386e+020
4.43397 2.0534e+020
4.43564 2.05295e+020
4.43732 2.05249e+020
4.43899 2.05204e+020
4.44067 2.05159e+020
4.44234 2.05114e+020
4.44401 2.05069e+020
4.44567 2.05024e+020
4.44734 2.04979e+020
4.449 2.04934e+020
4.45066 2.04889e+020
4.45232 2.04844e+020
4.45397 2.04799e+020
4.45563 2.04754e+020
4.45728 2.04709e+020
4.45893 2.04665e+020
4.46058 2.0462e+020
4.46223 2.04576e+020
4.46387 2.04531e+020
4.46551 2.04487e+020
4.46715 2.04442e+020
4.46879 2.04398e+020
4.47043 2.04353e+020
4.47206 2.04309e+020
4.4737 2.04265e+020
4.47533 2.04221e+020
4.47696 2.04177e+020
4.47858 2.04133e+020
4.48021 2.04089e+020
4.48183 2.04045e+020
4.48345 2.04001e+020
4.48507 2.03957e+020
4.48669 2.03913e+020
4.4883 2.03869e+020
4.48992 2.03825e+020
4.49153 2.03782e+020
4.49314 2.03738e+020
4.49475 2.03694e+020
4.49635 2.03651e+020
4.49795 2.03607e+020
4.49956 2.03564e+020
4.50116 2.03521e+020
4.50275 2.03477e+020
4.50435 2.03434e+020
4.50594 2.03391e+020
4.50754 2.03347e+020
4.50913 2.03304e+020
4.51071 2.03261e+020
4.5123 2.03218e+020
4.51389 2.03175e+020
4.51547 2.03132e+020
4.51705 2.03089e+020
4.51863 2.03046e+020
4.5202 2.03003e+020
4.52178 2.02961e+020
4.52335 2.02918e+020
4.52492 2.02875e+020
4.52649 2.02833e+020
4.52806 2.0279e+020
4.52963 2.02747e+020
4.53119 2.02705e+020
4.53275 2.02663e+020
4.53431 2.0262e+020
4.53587 2.02578e+020
4.53742 2.02535e+020
4.53898 2.02493e+020
4.54053 2.02451e+020
4.54208 2.02409e+020
4.54363 2.02367e+020
4.54518 2.02325e+020
4.54672 2.02283e+020
4.54827 2.02241e+020
4.54981 2.02199e+020
4.55135 2.02157e+020
4.55288 2.02115e+020
4.55442 2.02073e+020
4.55595 2.02031e+020
4.55749 2.0199e+020
4.55902 2.01948e+020
4.56054 2.01907e+020
4.56207 2.01865e+020
4.5636 2.01823e+020
4.56512 2.01782e+020
4.56664 2.01741e+020
4.56816 2.01699e+020
4.56968 2.01658e+020
4.57119 2.01617e+020
4.57271 2.01575e+020
4.57422 2.01534e+020
4.57573 2.01493e+020
4.57724 2.01452e+020
4.57874 2.01411e+020
4.58025 2.0137e+020
4.58175 2.01329e+020
4.58325 2.01288e+020
4.58475 2.01247e+020
4.58625 2.01206e+020
4.58774 2.01166e+020
4.58924 2.01125e+020
4.59073 2.01084e+020
4.59222 2.01043e+020
4.59371 2.01003e+020
4.59519 2.00962e+020
4.59668 2.00922e+020
4.59816 2.00881e+020
4.59964 2.00841e+020
4.60112 2.00801e+020
4.6026 2.0076e+020
4.60408 2.0072e+020
4.60555 2.0068e+020
4.60702 2.0064e+020
4.6085 2.00599e+020
4.60996 2.00559e+020
4.61143 2.00519e+020
4.6129 2.00479e+020
4.61436 2.00439e+020
4.61582 2.00399e+020
4.61728 2.00359e+020
4.61874 2.0032e+020
4.6202 2.0028e+020
4.62165 2.0024e+020
4.62311 2.002e+020
4.62456 2.00161e+020
4.62601 2.00121e+020
4.62745 2.00082e+020
4.6289 2.00042e+020
4.63035 2.00003e+020
4.63179 1.99963e+020
4.63323 1.99924e+020
4.63467 1.99884e+020
4.63611 1.99845e+020
4.63754 1.99806e+020
4.63898 1.99767e+020
4.64041 1.99727e+020
4.64184 1.99688e+020
4.64327 1.99649e+020
4.64469 1.9961e+020
4.64612 1.99571e+020
4.64754 1.99532e+020
4.64897 1.99493e+020
4.65039 1.99455e+020
4.65181 1.99416e+020
4.65322 1.99377e+020
4.65464 1.99338e+020
4.65605 1.993e+020
4.65746 1.99261e+020
4.65887 1.99222e+020
4.66028 1.99184e+020
4.66169 1.99145e+020
4.66309 1.99107e+020
4.6645 1.99068e+020
4.6659 1.9903e+020
4.6673 1.98992e+020
4.6687 1.98953e+020
4.67009 1.98915e+020
4.67149 1.98877e+020
4.67288 1.98839e+020
4.67427 1.98801e+020
4.67566 1.98762e+020
4.67705 1.98724e+020
4.67844 1.98686e+020
4.67982 1.98648e+020
4.68121 1.98611e+020
4.68259 1.98573e+020
4.68397 1.98535e+020
4.68535 1.98497e+020
4.68672 1.98459e+020
4.6881 1.98422e+020
4.68947 1.98384e+020
4.69084 1.98346e+020
4.69221 1.98309e+020
4.69358 1.98271e+020
4.69495 1.98234e+020
4.69631 1.98196e+020
4.69768 1.98159e+020
4.69904 1.98122e+020
4.7004 1.98084e+020
4.70176 1.98047e+020
4.70312 1.9801e+020
4.70447 1.97972e+020
4.70583 1.97935e+020
4.70718 1.97898e+020
4.70853 1.97861e+020
4.70988 1.97824e+020
4.71122 1.97787e+020
4.71257 1.9775e+020
4.71391 1.97713e+020
4.71526 1.97676e+020
4.7166 1.9764e+020
4.71794 1.97603e+020
4.71927 1.97566e+020
4.72061 1.97529e+020
4.72194 1.97493e+020
4.72328 1.97456e+020
4.72461 1.9742e+020
4.72594 1.97383e+020
4.72727 1.97347e+020
4.72859 1.9731e+020
4.72992 1.97274e+020
4.73124 1.97237e+020
4.73256 1.97201e+020
4.73388 1.97165e+020
4.7352 1.97128e+020
4.73652 1.97092e+020
4.73783 1.97056e+020
4.73915 1.9702e+020
4.74046 1.96984e+020
4.74177 1.96948e+020
4.74308 1.96912e+020
4.74439 1.96876e+020
4.74569 1.9684e+020
4.747 1.96804e+020
4.7483 1.96768e+020
4.7496 1.96732e+020
4.7509 1.96697e+020
4.7522 1.96661e+020
4.75349 1.96625e+020
4.75479 1.9659e+020
4.75608 1.96554e+020
4.75737 1.96519e+020
4.75866 1.96483e+020
4.75995 1.96448e+020
4.76124 1.96412e+020
4.76252 1.96377e+020
4.76381 1.96341e+020
4.76509 1.96306e+020
4.76637 1.96271e+020
4.76765 1.96236e+020
4.76893 1.962e+020
4.77021 1.96165e+020
4.77148 1.9613e+020
4.77275 1.96095e+020
4.77403 1.9606e+020
4.7753 1.96025e+020
4.77657 1.9599e+020
4.77783 1.95955e+020
4.7791 1.9592e+020
4.78036 1.95885e+020
4.78162 1.95851e+020
4.78289 1.95816e+020
4.78415 1.95781e+020
4.7854 1.95746e+020
4.78666 1.95712e+020
4.78792 1.95677e+020
4.78917 1.95643e+020
4.79042 1.95608e+020
4.79167 1.95574e+020
4.79292 1.95539e+020
4.79417 1.95505e+020
4.79541 1.9547e+020
4.79666 1.95436e+020
4.7979 1.95402e+020
4.79914 1.95367e+020
4.80038 1.95333e+020
4.80162 1.95299e+020
4.80286 1.95265e+020
4.80409 1.95231e+020
4.80533 1.95197e+020
4.80656 1.95163e+020
4.80779 1.95129e+020
4.80902 1.95095e+020
4.81025 1.95061e+020
4.81148 1.95027e+020
4.8127 1.94993e+020
4.81393 1.94959e+020
4.81515 1.94926e+020
4.81637 1.94892e+020
4.81759 1.94858e+020
4.81881 1.94825e+020
4.82002 1.94791e+020
4.82124 1.94757e+020
4.82245 1.94724e+020
4.82366 1.9469e+020
4.82488 1.94657e+020
4.82608 1.94624e+020
4.82729 1.9459e+020
4.8285 1.94557e+020
4.8297 1.94524e+020
4.83091 1.9449e+020
4.83211 1.94457e+020
4.83331 1.94424e+020
4.83451 1.94391e+020
4.83571 1.94358e+020
4.8369 1.94325e+020
4.8381 1.94292e+020
4.83929 1.94259e+020
4.84048 1.94226e+020
4.84167 1.94193e+020
4.84286 1.9416e+020
4.84405 1.94127e+020
4.84524 1.94094e+020
4.84642 1.94061e+020
4.8476 1.94029e+020
4.84879 1.93996e+020
4.84997 1.93963e+020
4.85115 1.93931e+020
4.85232 1.93898e+020
4.8535 1.93866e+020
4.85467 1.93833e+020
4.85585 1.93801e+020
4.85702 1.93768e+020
4.85819 1.93736e+020
4.85936 1.93703e+020
4.86053 1.93671e+020
4.86169 1.93639e+020
4.86286 1.93606e+020
4.86402 1.93574e+020
4.86518 1.93542e+020
4.86635 1.9351e+020
4.8675 1.93478e+020
4.86866 1.93446e+020
4.86982 1.93414e+020
4.87097 1.93382e+020
4.87213 1.9335e+020
4.87328 1.93318e+020
4.87443 1.93286e+020
4.87558 1.93254e+020
4.87673 1.93222e+020
4.87788 1.9319e+020
4.87902 1.93159e+020
4.88017 1.93127e+020
4.88131 1.93095e+020
4.88245 1.93064e+020
4.88359 1.93032e+020
4.88473 1.93e+020
4.88587 1.92969e+020
4.887 1.92937e+020
4.88814 1.92906e+020
4.88927 1.92875e+020
4.8904 1.92843e+020
4.89153 1.92812e+020
4.89266 1.92781e+020
4.89379 1.92749e+020
4.89492 1.92718e+020
4.89604 1.92687e+020
4.89717 1.92656e+020
4.89829 1.92624e+020
4.89941 1.92593e+020
4.90053 1.92562e+020
4.90165 1.92531e+020
4.90276 1.925e+020
4.90388 1.92469e+020
4.90499 1.92438e+020
4.90611 1.92408e+020
4.90722 1.92377e+020
4.90833 1.92346e+020
4.90944 1.92315e+020
4.91055 1.92284e+020
4.91165 1.92254e+020
4.91276 1.92223e+020
4.91386 1.92192e+020
4.91496 1.92162e+020
4.91607 1.92131e+020
4.91717 1.92101e+020
4.91826 1.9207e+020
4.91936 1.9204e+020
4.92046 1.92009e+020
4.92155 1.91979e+020
4.92264 1.91948e+020
4.92374 1.91918e+020
4.92483 1.91888e+020
4.92592 1.91857e+020
4.927 1.91827e+020
4.92809 1.91797e+020
4.92918 1.91767e+020
4.93026 1.91737e+020
4.93134 1.91707e+020
4.93242 1.91677e+020
4.9335 1.91647e+020
4.93458 1.91617e+020
4.93566 1.91587e+020
4.93674 1.91557e+020
4.93781 1.91527e+020
4.93888 1.91497e+020
4.93996 1.91467e+020
4.94103 1.91437e+020
4.9421 1.91408e+020
4.94317 1.91378e+020
4.94423 1.91348e+020
4.9453 1.91319e+020
4.94636 1.91289e+020
4.94743 1.91259e+020
4.94849 1.9123e+020
4.94955 1.912e+020
4.95061 1.91171e+020
4.95167 1.91141e+020
4.95273 1.91112e+020
4.95378 1.91083e+020
4.95484 1.91053e+020
4.95589 1.91024e+020
4.95694 1.90995e+020
4.95799 1.90965e+020
4.95904 1.90936e+020
4.96009 1.90907e+020
4.96114 1.90878e+020
4.96218 1.90849e+020
4.96323 1.9082e+020
4.96427 1.90791e+020
4.96531 1.90762e+020
4.96635 1.90733e+020
4.96739 1.90704e+020
4.96843 1.90675e+020
4.96947 1.90646e+020
4.9705 1.90617e+020
4.97154 1.90588e+020
4.97257 1.9056e+020
4.9736 1.90531e+020
4.97463 1.90502e+020
4.97566 1.90473e+020
4.97669 1.90445e+020
4.97772 1.90416e+020
4.97874 1.90388e+020
4.97977 1.90359e+020
4.98079 1.9033e+020
4.98181 1.90302e+020
4.98283 1.90274e+020
4.98385 1.90245e+020
4.98487 1.90217e+020
4.98589 1.90188e+020
4.9869 1.9016e+020
4.98792 1.90132e+020
4.98893 1.90103e+020
4.98994 1.90075e+020
4.99095 1.90047e+020
4.99196 1.90019e+020
4.99297 1.89991e+020
4.99398 1.89963e+020
4.99499 1.89935e+020
4.99599 1.89907e+020
4.997 1.89879e+020
4.998 1.89851e+020
4.999 1.89823e+020
5 1.89795e+020
5.001 1.89767e+020
5.002 1.89739e+020
5.003 1.89711e+020
5.004 1.89683e+020
5.00501 1.89655e+020
5.00601 1.89627e+020
5.00701 1.89599e+020
5.00802 1.89571e+020
5.00902 1.89543e+020
5.01003 1.89515e+020
5.01104 1.89487e+020
5.01204 1.89459e+020
5.01305 1.89431e+020
5.01406 1.89402e+020
5.01507 1.89374e+020
5.01608 1.89346e+020
5.01709 1.89318e+020
5.0181 1.8929e+020
5.01911 1.89261e+020
5.02012 1.89233e+020
5.02114 1.89205e+020
5.02215 1.89176e+020
5.02317 1.89148e+020
5.02418 1.8912e+020
5.0252 1.89091e+020
5.02621 1.89063e+020
5.02723 1.89034e+020
5.02825 1.89006e+020
5.02927 1.88978e+020
5.03029 1.88949e+020
5.03131 1.88921e+020
5.03233 1.88892e+020
5.03335 1.88863e+020
5.03437 1.88835e+020
5.03539 1.88806e+020
5.03642 1.88778e+020
5.03744 1.88749e+020
5.03847 1.8872e+020
5.03949 1.88692e+020
5.04052 1.88663e+020
5.04155 1.88634e+020
5.04257 1.88606e+020
5.0436 1.88577e+020
5.04463 1.88548e+020
5.04566 1.88519e+020
5.04669 1.8849e+020
5.04772 1.88462e+020
5.04875 1.88433e+020
5.04979 1.88404e+020
5.05082 1.88375e+020
5.05185 1.88346e+020
5.05289 1.88317e+020
5.05392 1.88288e+020
5.05496 1.88259e+020
5.05599 1.8823e+020
5.05703 1.88201e+020
5.05807 1.88172e+020
5.05911 1.88143e+020
5.06015 1.88114e+020
5.06119 1.88085e+020
5.06223 1.88056e+020
5.06327 1.88027e+020
5.06431 1.87997e+020
5.06535 1.87968e+020
5.0664 1.87939e+020
5.06744 1.8791e+020
5.06849 1.8788e+020
5.06953 1.87851e+020
5.07058 1.87822e+020
5.07163 1.87793e+020
5.07267 1.87763e+020
5.07372 1.87734e+020
5.07477 1.87704e+020
5.07582 1.87675e+020
5.07687 1.87646e+020
5.07792 1.87616e+020
5.07897 1.87587e+020
5.08003 1.87557e+020
5.08108 1.87528e+020
5.08213 1.87498e+020
5.08319 1.87469e+020
5.08424 1.87439e+020
5.0853 1.87409e+020
5.08636 1.8738e+020
5.08741 1.8735e+020
5.08847 1.8732e+020
5.08953 1.87291e+020
5.09059 1.87261e+020
5.09165 1.87231e+020
5.09271 1.87202e+020
5.09377 1.87172e+020
5.09484 1.87142e+020
5.0959 1.87112e+020
5.09696 1.87082e+020
5.09803 1.87052e+020
5.09909 1.87023e+020
5.10016 1.86993e+020
5.10122 1.86963e+020
5.10229 1.86933e+020
5.10336 1.86903e+020
5.10443 1.86873e+020
5.1055 1.86843e+020
5.10657 1.86813e+020
5.10764 1.86783e+020
5.10871 1.86753e+020
5.10978 1.86723e+020
5.11086 1.86692e+020
5.11193 1.86662e+020
5.113 1.86632e+020
5.11408 1.86602e+020
5.11516 1.86572e+020
5.11623 1.86541e+020
5.11731 1.86511e+020
5.11839 1.86481e+020
5.11947 1.86451e+020
5.12055 1.8642e+020
5.12163 1.8639e+020
5.12271 1.8636e+020
5.12379 1.86329e+020
5.12487 1.86299e+020
5.12596 1.86268e+020
5.12704 1.86238e+020
5.12812 1.86207e+020
5.12921 1.86177e+020
5.13029 1.86146e+020
5.13138 1.86116e+020
5.13247 1.86085e+020
5.13356 1.86055e+020
5.13465 1.86024e+020
5.13574 1.85994e+020
5.13683 1.85963e+020
5.13792 1.85932e+020
5.13901 1.85902e+020
5.1401 1.85871e+020
5.1412 1.8584e+020
5.14229 1.85809e+020
5.14338 1.85779e+020
5.14448 1.85748e+020
5.14558 1.85717e+020
5.14667 1.85686e+020
5.14777 1.85655e+020
5.14887 1.85624e+020
5.14997 1.85593e+020
5.15107 1.85562e+020
5.15217 1.85531e+020
5.15327 1.855e+020
5.15437 1.85469e+020
5.15547 1.85438e+020
5.15658 1.85407e+020
5.15768 1.85376e+020
5.15879 1.85345e+020
5.15989 1.85314e+020
5.161 1.85283e+020
5.16211 1.85252e+020
5.16322 1.85221e+020
5.16432 1.85189e+020
5.16543 1.85158e+020
5.16654 1.85127e+020
5.16765 1.85096e+020
5.16877 1.85064e+020
5.16988 1.85033e+020
5.17099 1.85002e+020
5.17211 1.8497e+020
5.17322 1.84939e+020
5.17434 1.84907e+020
5.17545 1.84876e+020
5.17657 1.84844e+020
5.17769 1.84813e+020
5.17881 1.84781e+020
5.17992 1.8475e+020
5.18104 1.84718e+020
5.18216 1.84687e+020
5.18329 1.84655e+020
5.18441 1.84624e+020
5.18553 1.84592e+020
5.18665 1.8456e+020
5.18778 1.84529e+020
5.1889 1.84497e+020
5.19003 1.84465e+020
5.19116 1.84433e+020
5.19228 1.84402e+020
5.19341 1.8437e+020
5.19454 1.84338e+020
5.19567 1.84306e+020
5.1968 1.84274e+020
5.19793 1.84242e+020
5.19906 1.8421e+020
5.2002 1.84178e+020
5.20133 1.84146e+020
5.20246 1.84114e+020
5.2036 1.84082e+020
5.20473 1.8405e+020
5.20587 1.84018e+020
5.20701 1.83986e+020
5.20815 1.83954e+020
5.20929 1.83922e+020
5.21042 1.8389e+020
5.21156 1.83858e+020
5.21271 1.83825e+020
5.21385 1.83793e+020
5.21499 1.83761e+020
5.21613 1.83729e+020
5.21728 1.83696e+020
5.21842 1.83664e+020
5.21957 1.83632e+020
5.22071 1.83599e+020
5.22186 1.83567e+020
5.22301 1.83534e+020
5.22416 1.83502e+020
5.22531 1.8347e+020
5.22646 1.83437e+020
5.22761 1.83404e+020
5.22876 1.83372e+020
5.22991 1.83339e+020
5.23107 1.83307e+020
5.23222 1.83274e+020
5.23337 1.83242e+020
5.23453 1.83209e+020
5.23569 1.83176e+020
5.23684 1.83144e+020
5.238 1.83111e+020
5.23916 1.83078e+020
5.24032 1.83045e+020
5.24148 1.83012e+020
5.24264 1.8298e+020
5.2438 1.82947e+020
5.24496 1.82914e+020
5.24613 1.82881e+020
5.24729 1.82848e+020
5.24846 1.82815e+020
5.24962 1.82782e+020
5.25079 1.82749e+020
5.25196 1.82716e+020
5.25312 1.82683e+020
5.25429 1.8265e+020
5.25546 1.82617e+020
5.25663 1.82584e+020
5.2578 1.82551e+020
5.25897 1.82518e+020
5.26015 1.82484e+020
5.26132 1.82451e+020
5.26249 1.82418e+020
5.26367 1.82385e+020
5.26485 1.82351e+020
5.26602 1.82318e+020
5.2672 1.82285e+020
5.26838 1.82251e+020
5.26956 1.82218e+020
5.27074 1.82185e+020
5.27192 1.82151e+020
5.2731 1.82118e+020
5.27428 1.82084e+020
5.27546 1.82051e+020
5.27665 1.82017e+020
5.27783 1.81984e+020
5.27902 1.8195e+020
5.2802 1.81916e+020
5.28139 1.81883e+020
5.28258 1.81849e+020
5.28376 1.81815e+020
5.28495 1.81782e+020
5.28614 1.81748e+020
5.28733 1.81714e+020
5.28853 1.81681e+020
5.28972 1.81647e+020
5.29091 1.81613e+020
5.29211 1.81579e+020
5.2933 1.81545e+020
5.2945 1.81511e+020
5.29569 1.81477e+020
5.29689 1.81443e+020
5.29809 1.81409e+020
5.29929 1.81375e+020
5.30048 1.81341e+020
5.30169 1.81307e+020
5.30289 1.81273e+020
5.30409 1.81239e+020
5.30529 1.81205e+020
5.30649 1.81171e+020
5.3077 1.81137e+020
5.3089 1.81103e+020
5.31011 1.81068e+020
5.31132 1.81034e+020
5.31252 1.81e+020
5.31373 1.80966e+020
5.31494 1.80931e+020
5.31615 1.80897e+020
5.31736 1.80862e+020
5.31857 1.80828e+020
5.31979 1.80794e+020
5.321 1.80759e+020
5.32221 1.80725e+020
5.32343 1.8069e+020
5.32464 1.80656e+020
5.32586 1.80621e+020
5.32708 1.80587e+020
5.3283 1.80552e+020
5.32951 1.80517e+020
5.33073 1.80483e+020
5.33195 1.80448e+020
5.33318 1.80413e+020
5.3344 1.80379e+020
5.33562 1.80344e+020
5.33684 1.80309e+020
5.33807 1.80274e+020
5.33929 1.80239e+020
5.34052 1.80205e+020
5.34175 1.8017e+020
5.34298 1.80135e+020
5.3442 1.801e+020
5.34543 1.80065e+020
5.34666 1.8003e+020
5.34789 1.79995e+020
5.34913 1.7996e+020
5.35036 1.79925e+020
5.35159 1.7989e+020
5.35283 1.79855e+020
5.35406 1.79819e+020
5.3553 1.79784e+020
5.35654 1.79749e+020
5.35777 1.79714e+020
5.35901 1.79679e+020
5.36025 1.79643e+020
5.36149 1.79608e+020
5.36273 1.79573e+020
5.36397 1.79537e+020
5.36522 1.79502e+020
5.36646 1.79467e+020
5.3677 1.79431e+020
5.36895 1.79396e+020
5.3702 1.7936e+020
5.37144 1.79325e+020
5.37269 1.79289e+020
5.37394 1.79254e+020
5.37519 1.79218e+020
5.37644 1.79182e+020
5.37769 1.79147e+020
5.37894 1.79111e+020
5.38019 1.79075e+020
5.38145 1.7904e+020
5.3827 1.79004e+020
5.38396 1.78968e+020
5.38521 1.78932e+020
5.38647 1.78897e+020
5.38773 1.78861e+020
5.38899 1.78825e+020
5.39024 1.78789e+020
5.39151 1.78753e+020
5.39277 1.78717e+020
5.39403 1.78681e+020
5.39529 1.78645e+020
5.39655 1.78609e+020
5.39782 1.78573e+020
5.39908 1.78537e+020
5.40035 1.78501e+020
5.40162 1.78465e+020
5.40288 1.78429e+020
5.40415 1.78392e+020
5.40542 1.78356e+020
5.40669 1.7832e+020
5.40796 1.78284e+020
5.40924 1.78247e+020
5.41051 1.78211e+020
5.41178 1.78175e+020
5.41306 1.78138e+020
5.41433 1.78102e+020
5.41561 1.78066e+020
5.41689 1.78029e+020
5.41816 1.77993e+020
5.41944 1.77956e+020
5.42072 1.7792e+020
5.422 1.77883e+020
5.42328 1.77846e+020
5.42457 1.7781e+020
5.42585 1.77773e+020
5.42713 1.77736e+020
5.42842 1.777e+020
5.4297 1.77663e+020
5.43099 1.77626e+020
5.43228 1.7759e+020
5.43357 1.77553e+020
5.43485 1.77516e+020
5.43614 1.77479e+020
5.43744 1.77442e+020
5.43873 1.77405e+020
5.44002 1.77368e+020
5.44131 1.77331e+020
5.44261 1.77294e+020
5.4439 1.77257e+020
5.4452 1.7722e+020
5.4465 1.77183e+020
5.44779 1.77146e+020
5.44909 1.77109e+020
5.45039 1.77072e+020
5.45169 1.77035e+020
5.45299 1.76997e+020
5.45429 1.7696e+020
5.4556 1.76923e+020
5.4569 1.76886e+020
5.45821 1.76848e+020
5.45951 1.76811e+020
5.46082 1.76773e+020
5.46213 1.76736e+020
5.46343 1.76699e+020
5.46474 1.76661e+020
5.46605 1.76624e+020
5.46736 1.76586e+020
5.46867 1.76549e+020
5.46999 1.76511e+020
5.4713 1.76473e+020
5.47261 1.76436e+020
5.47393 1.76398e+020
5.47525 1.7636e+020
5.47656 1.76323e+020
5.47788 1.76285e+020
5.4792 1.76247e+020
5.48052 1.76209e+020
5.48184 1.76172e+020
5.48316 1.76134e+020
5.48448 1.76096e+020
5.48581 1.76058e+020
5.48713 1.7602e+020
5.48845 1.75982e+020
5.48978 1.75944e+020
5.49111 1.75906e+020
5.49243 1.75868e+020
5.49376 1.7583e+020
5.49509 1.75792e+020
5.49642 1.75754e+020
5.49775 1.75715e+020
5.49908 1.75677e+020
5.50042 1.75639e+020
5.50175 1.75601e+020
5.50309 1.75563e+020
5.50442 1.75524e+020
5.50576 1.75486e+020
5.50709 1.75448e+020
5.50843 1.75409e+020
5.50977 1.75371e+020
5.51111 1.75332e+020
5.51245 1.75294e+020
5.51379 1.75255e+020
5.51514 1.75217e+020
5.51648 1.75178e+020
5.51782 1.7514e+020
5.51917 1.75101e+020
5.52052 1.75062e+020
5.52186 1.75024e+020
5.52321 1.74985e+020
5.52456 1.74946e+020
5.52591 1.74908e+020
5.52726 1.74869e+020
5.52861 1.7483e+020
5.52996 1.74791e+020
5.53132 1.74752e+020
5.53267 1.74713e+020
5.53403 1.74674e+020
5.53538 1.74635e+020
5.53674 1.74596e+020
5.5381 1.74557e+020
5.53946 1.74518e+020
5.54082 1.74479e+020
5.54218 1.7444e+020
5.54354 1.74401e+020
5.5449 1.74362e+020
5.54626 1.74323e+020
5.54763 1.74283e+020
5.54899 1.74244e+020
5.55036 1.74205e+020
5.55173 1.74166e+020
5.5531 1.74126e+020
5.55446 1.74087e+020
5.55583 1.74047e+020
5.5572 1.74008e+020
5.55858 1.73969e+020
5.55995 1.73929e+020
5.56132 1.7389e+020
5.5627 1.7385e+020
5.56407 1.7381e+020
5.56545 1.73771e+020
5.56682 1.73731e+020
5.5682 1.73692e+020
5.56958 1.73652e+020
5.57096 1.73612e+020
5.57234 1.73572e+020
5.57372 1.73533e+020
5.57511 1.73493e+020
5.57649 1.73453e+020
5.57787 1.73413e+020
5.57926 1.73373e+020
5.58065 1.73333e+020
5.58203 1.73293e+020
5.58342 1.73253e+020
5.58481 1.73213e+020
5.5862 1.73173e+020
5.58759 1.73133e+020
5.58898 1.73093e+020
5.59038 1.73053e+020
5.59177 1.73013e+020
5.59316 1.72973e+020
5.59456 1.72932e+020
5.59596 1.72892e+020
5.59735 1.72852e+020
5.59875 1.72812e+020
5.60015 1.72771e+020
5.60155 1.72731e+020
5.60295 1.7269e+020
5.60435 1.7265e+020
5.60576 1.7261e+020
5.60716 1.72569e+020
5.60857 1.72529e+020
5.60997 1.72488e+020
5.61138 1.72447e+020
5.61279 1.72407e+020
5.6142 1.72366e+020
5.6156 1.72325e+020
5.61702 1.72285e+020
5.61843 1.72244e+020
5.61984 1.72203e+020
5.62125 1.72162e+020
5.62267 1.72122e+020
5.62408 1.72081e+020
5.6255 1.7204e+020
5.62692 1.71999e+020
5.62833 1.71958e+020
5.62975 1.71917e+020
5.63117 1.71876e+020
5.63259 1.71835e+020
5.63401 1.71794e+020
5.63544 1.71753e+020
5.63686 1.71712e+020
5.63829 1.71671e+020
5.63971 1.71629e+020
5.64114 1.71588e+020
5.64257 1.71547e+020
5.64399 1.71506e+020
5.64542 1.71464e+020
5.64685 1.71423e+020
5.64829 1.71382e+020
5.64972 1.7134e+020
5.65115 1.71299e+020
5.65259 1.71257e+020
5.65402 1.71216e+020
5.65546 1.71174e+020
5.65689 1.71133e+020
5.65833 1.71091e+020
5.65977 1.71049e+020
5.66121 1.71008e+020
5.66265 1.70966e+020
5.66409 1.70924e+020
5.66554 1.70883e+020
5.66698 1.70841e+020
5.66843 1.70799e+020
5.66987 1.70757e+020
5.67132 1.70715e+020
5.67277 1.70673e+020
5.67421 1.70631e+020
5.67566 1.70589e+020
5.67711 1.70547e+020
5.67857 1.70505e+020
5.68002 1.70463e+020
5.68147 1.70421e+020
5.68293 1.70379e+020
5.68438 1.70337e+020
5.68584 1.70295e+020
5.6873 1.70253e+020
5.68875 1.7021e+020
5.69021 1.70168e+020
5.69167 1.70126e+020
5.69313 1.70083e+020
5.6946 1.70041e+020
5.69606 1.69999e+020
5.69752 1.69956e+020
5.69899 1.69914e+020
5.70046 1.69871e+020
5.70192 1.69829e+020
5.70339 1.69786e+020
5.70486 1.69744e+020
5.70633 1.69701e+020
5.7078 1.69658e+020
5.70927 1.69616e+020
5.71075 1.69573e+020
5.71222 1.6953e+020
5.71369 1.69487e+020
5.71517 1.69444e+020
5.71665 1.69402e+020
5.71813 1.69359e+020
5.7196 1.69316e+020
5.72108 1.69273e+020
5.72257 1.6923e+020
5.72405 1.69187e+020
5.72553 1.69144e+020
5.72701 1.69101e+020
5.7285 1.69058e+020
5.72998 1.69014e+020
5.73147 1.68971e+020
5.73296 1.68928e+020
5.73445 1.68885e+020
5.73594 1.68842e+020
5.73743 1.68798e+020
5.73892 1.68755e+020
5.74041 1.68712e+020
5.74191 1.68668e+020
5.7434 1.68625e+020
5.7449 1.68581e+020
5.74639 1.68538e+020
5.74789 1.68494e+020
5.74939 1.68451e+020
5.75089 1.68407e+020
5.75239 1.68363e+020
5.75389 1.6832e+020
5.7554 1.68276e+020
5.7569 1.68232e+020
5.7584 1.68189e+020
5.75991 1.68145e+020
5.76142 1.68101e+020
5.76292 1.68057e+020
5.76443 1.68013e+020
5.76594 1.67969e+020
5.76745 1.67925e+020
5.76897 1.67881e+020
5.77048 1.67837e+020
5.77199 1.67793e+020
5.77351 1.67749e+020
5.77502 1.67705e+020
5.77654 1.67661e+020
5.77806 1.67617e+020
5.77958 1.67573e+020
5.7811 1.67528e+020
5.78262 1.67484e+020
5.78414 1.6744e+020
5.78566 1.67395e+020
5.78719 1.67351e+020
5.78871 1.67307e+020
5.79024 1.67262e+020
5.79176 1.67218e+020
5.79329 1.67173e+020
5.79482 1.67129e+020
5.79635 1.67084e+020
5.79788 1.67039e+020
5.79941 1.66995e+020
5.80095 1.6695e+020
5.80248 1.66905e+020
5.80402 1.66861e+020
5.80555 1.66816e+020
5.80709 1.66771e+020
5.80863 1.66726e+020
5.81017 1.66681e+020
5.81171 1.66636e+020
5.81325 1.66591e+020
5.81479 1.66546e+020
5.81634 1.66501e+020
5.81788 1.66456e+020
5.81943 1.66411e+020
5.82097 1.66366e+020
5.82252 1.66321e+020
5.82407 1.66276e+020
5.82562 1.6623e+020
5.82717 1.66185e+020
5.82872 1.6614e+020
5.83027 1.66095e+020
5.83183 1.66049e+020
5.83338 1.66004e+020
5.83494 1.65958e+020
5.83649 1.65913e+020
5.83805 1.65867e+020
5.83961 1.65822e+020
5.84117 1.65776e+020
5.84273 1.65731e+020
5.84429 1.65685e+020
5.84586 1.65639e+020
5.84742 1.65594e+020
5.84899 1.65548e+020
5.85055 1.65502e+020
5.85212 1.65456e+020
5.85369 1.65411e+020
5.85526 1.65365e+020
5.85683 1.65319e+020
5.8584 1.65273e+020
5.85997 1.65227e+020
5.86154 1.65181e+020
5.86312 1.65135e+020
5.86469 1.65089e+020
5.86627 1.65043e+020
5.86785 1.64996e+020
5.86943 1.6495e+020
5.87101 1.64904e+020
5.87259 1.64858e+020
5.87417 1.64812e+020
5.87575 1.64765e+020
5.87734 1.64719e+020
5.87892 1.64672e+020
5.88051 1.64626e+020
5.8821 1.6458e+020
5.88368 1.64533e+020
5.88527 1.64486e+020
5.88686 1.6444e+020
5.88846 1.64393e+020
5.89005 1.64347e+020
5.89164 1.643e+020
5.89324 1.64253e+020
5.89483 1.64207e+020
5.89643 1.6416e+020
5.89803 1.64113e+020
5.89963 1.64066e+020
5.90123 1.64019e+020
5.90283 1.63972e+020
5.90443 1.63925e+020
5.90603 1.63878e+020
5.90764 1.63831e+020
5.90924 1.63784e+020
5.91085 1.63737e+020
5.91246 1.6369e+020
5.91406 1.63643e+020
5.91567 1.63596e+020
5.91728 1.63548e+020
5.9189 1.63501e+020
5.92051 1.63454e+020
5.92212 1.63406e+020
5.92374 1.63359e+020
5.92535 1.63312e+020
5.92697 1.63264e+020
5.92859 1.63217e+020
5.93021 1.63169e+020
5.93183 1.63122e+020
5.93345 1.63074e+020
5.93507 1.63026e+020
5.9367 1.62979e+020
5.93832 1.62931e+020
5.93995 1.62883e+020
5.94157 1.62836e+020
5.9432 1.62788e+020
5.94483 1.6274e+020
5.94646 1.62692e+020
5.94809 1.62644e+020
5.94972 1.62596e+020
5.95136 1.62548e+020
5.95299 1.625e+020
5.95463 1.62452e+020
5.95626 1.62404e+020
5.9579 1.62356e+020
5.95954 1.62308e+020
5.96118 1.62259e+020
5.96282 1.62211e+020
5.96446 1.62163e+020
5.96611 1.62115e+020
5.96775 1.62066e+020
5.9694 1.62018e+020
5.97104 1.61969e+020
5.97269 1.61921e+020
5.97434 1.61872e+020
5.97599 1.61824e+020
5.97764 1.61775e+020
5.97929 1.61727e+020
5.98095 1.61678e+020
5.9826 1.61629e+020
5.98426 1.61581e+020
5.98591 1.61532e+020
5.98757 1.61483e+020
5.98923 1.61434e+020
5.99089 1.61385e+020
5.99255 1.61336e+020
5.99421 1.61287e+020
5.99587 1.61238e+020
5.99754 1.61189e+020
5.9992 1.6114e+020
6.00087 1.61091e+020
6.00254 1.61042e+020
6.00421 1.60993e+020
6.00588 1.60944e+020
6.00755 1.60895e+020
6.00922 1.60845e+020
6.01089 1.60796e+020
6.01257 1.60747e+020
6.01424 1.60697e+020
6.01592 1.60648e+020
6.0176 1.60598e+020
6.01927 1.60549e+020
6.02095 1.60499e+020
6.02263 1.6045e+020
6.02432 1.604e+020
6.026 1.6035e+020
6.02768 1.60301e+020
6.02937 1.60251e+020
6.03106 1.60201e+020
6.03274 1.60151e+020
6.03443 1.60102e+020
6.03612 1.60052e+020
6.03781 1.60002e+020
6.03951 1.59952e+020
6.0412 1.59902e+020
6.04289 1.59852e+020
6.04459 1.59802e+020
6.04629 1.59752e+020
6.04798 1.59701e+020
6.04968 1.59651e+020
6.05138 1.59601e+020
6.05308 1.59551e+020
6.05479 1.595e+020
6.05649 1.5945e+020
6.05819 1.594e+020
6.0599 1.59349e+020
6.06161 1.59299e+020
6.06331 1.59248e+020
6.06502 1.59198e+020
6.06673 1.59147e+020
6.06845 1.59097e+020
6.07016 1.59046e+020
6.07187 1.58995e+020
6.07359 1.58945e+020
6.0753 1.58894e+020
6.07702 1.58843e+020
6.07874 1.58792e+020
6.08046 1.58741e+020
6.08218 1.58691e+020
6.0839 1.5864e+020
6.08562 1.58589e+020
6.08735 1.58538e+020
6.08907 1.58486e+020
6.0908 1.58435e+020
6.09253 1.58384e+020
6.09425 1.58333e+020
6.09598 1.58282e+020
6.09772 1.58231e+020
6.09945 1.58179e+020
6.10118 1.58128e+020
6.10292 1.58077e+020
6.10465 1.58025e+020
6.10639 1.57974e+020
6.10813 1.57922e+020
6.10986 1.57871e+020
6.11161 1.57819e+020
6.11335 1.57767e+020
6.11509 1.57716e+020
6.11683 1.57664e+020
6.11858 1.57612e+020
6.12032 1.57561e+020
6.12207 1.57509e+020
6.12382 1.57457e+020
6.12557 1.57405e+020
6.12732 1.57353e+020
6.12907 1.57301e+020
6.13082 1.57249e+020
6.13258 1.57197e+020
6.13433 1.57145e+020
6.13609 1.57093e+020
6.13785 1.57041e+020
6.13961 1.56989e+020
6.14137 1.56936e+020
6.14313 1.56884e+020
6.14489 1.56832e+020
6.14665 1.56779e+020
6.14842 1.56727e+020
6.15019 1.56675e+020
6.15195 1.56622e+020
6.15372 1.5657e+020
6.15549 1.56517e+020
6.15726 1.56464e+020
6.15903 1.56412e+020
6.16081 1.56359e+020
6.16258 1.56306e+020
6.16436 1.56254e+020
6.16613 1.56201e+020
6.16791 1.56148e+020
6.16969 1.56095e+020
6.17147 1.56042e+020
6.17325 1.55989e+020
6.17503 1.55936e+020
6.17682 1.55883e+020
6.1786 1.5583e+020
6.18039 1.55777e+020
6.18217 1.55724e+020
6.18396 1.55671e+020
6.18575 1.55617e+020
6.18754 1.55564e+020
6.18934 1.55511e+020
6.19113 1.55457e+020
6.19292 1.55404e+020
6.19472 1.5535e+020
6.19652 1.55297e+020
6.19831 1.55243e+020
6.20011 1.5519e+020
6.20191 1.55136e+020
6.20372 1.55083e+020
6.20552 1.55029e+020
6.20732 1.54975e+020
6.20913 1.54921e+020
6.21093 1.54868e+020
6.21274 1.54814e+020
6.21455 1.5476e+020
6.21636 1.54706e+020
6.21817 1.54652e+020
6.21998 1.54598e+020
6.2218 1.54544e+020
6.22361 1.5449e+020
6.22543 1.54435e+020
6.22725 1.54381e+020
6.22906 1.54327e+020
6.23088 1.54273e+020
6.23271 1.54218e+020
6.23453 1.54164e+020
6.23635 1.5411e+020
6.23818 1.54055e+020
6.24 1.54001e+020
6.24183 1.53946e+020
6.24366 1.53892e+020
6.24549 1.53837e+020
6.24732 1.53782e+020
6.24915 1.53728e+020
6.25098 1.53673e+020
6.25282 1.53618e+020
6.25465 1.53563e+020
6.25649 1.53509e+020
6.25833 1.53454e+020
6.26017 1.53399e+020
6.26201 1.53344e+020
6.26385 1.53289e+020
6.26569 1.53234e+020
6.26754 1.53179e+020
6.26938 1.53123e+020
6.27123 1.53068e+020
6.27307 1.53013e+020
6.27492 1.52958e+020
6.27677 1.52902e+020
6.27863 1.52847e+020
6.28048 1.52792e+020
6.28233 1.52736e+020
6.28419 1.52681e+020
6.28604 1.52625e+020
6.2879 1.5257e+020
6.28976 1.52514e+020
6.29162 1.52458e+020
6.29348 1.52403e+020
6.29535 1.52347e+020
6.29721 1.52291e+020
6.29907 1.52235e+020
6.30094 1.52179e+020
6.30281 1.52124e+020
6.30468 1.52068e+020
6.30655 1.52012e+020
6.30842 1.51956e+020
6.31029 1.51899e+020
6.31217 1.51843e+020
6.31404 1.51787e+020
6.31592 1.51731e+020
6.3178 1.51675e+020
6.31967 1.51618e+020
6.32155 1.51562e+020
6.32344 1.51506e+020
6.32532 1.51449e+020
6.3272 1.51393e+020
6.32909 1.51336e+020
6.33097 1.5128e+020
6.33286 1.51223e+020
6.33475 1.51166e+020
6.33664 1.5111e+020
6.33853 1.51053e+020
6.34043 1.50996e+020
6.34232 1.50939e+020
6.34422 1.50883e+020
6.34611 1.50826e+020
6.34801 1.50769e+020
6.34991 1.50712e+020
6.35181 1.50655e+020
6.35371 1.50598e+020
6.35561 1.5054e+020
6.35752 1.50483e+020
6.35942 1.50426e+020
6.36133 1.50369e+020
6.36324 1.50311e+020
6.36515 1.50254e+020
6.36706 1.50197e+020
6.36897 1.50139e+020
6.37088 1.50082e+020
6.3728 1.50024e+020
6.37471 1.49967e+020
6.37663 1.49909e+020
6.37855 1.49851e+020
6.38047 1.49794e+020
6.38239 1.49736e+020
6.38431 1.49678e+020
6.38623 1.4962e+020
6.38816 1.49562e+020
6.39008 1.49505e+020
6.39201 1.49447e+020
6.39394 1.49389e+020
6.39587 1.49331e+020
6.3978 1.49272e+020
6.39973 1.49214e+020
6.40167 1.49156e+020
6.4036 1.49098e+020
6.40554 1.4904e+020
6.40747 1.48981e+020
6.40941 1.48923e+020
6.41135 1.48864e+020
6.41329 1.48806e+020
6.41524 1.48748e+020
6.41718 1.48689e+020
6.41913 1.4863e+020
6.42107 1.48572e+020
6.42302 1.48513e+020
6.42497 1.48454e+020
6.42692 1.48396e+020
6.42887 1.48337e+020
6.43082 1.48278e+020
6.43278 1.48219e+020
6.43473 1.4816e+020
6.43669 1.48101e+020
6.43865 1.48042e+020
6.44061 1.47983e+020
6.44257 1.47924e+020
6.44453 1.47865e+020
6.4465 1.47805e+020
6.44846 1.47746e+020
6.45043 1.47687e+020
6.45239 1.47627e+020
6.45436 1.47568e+020
6.45633 1.47508e+020
6.4583 1.47449e+020
6.46028 1.47389e+020
6.46225 1.4733e+020
6.46423 1.4727e+020
6.4662 1.4721e+020
6.46818 1.47151e+020
6.47016 1.47091e+020
6.47214 1.47031e+020
6.47412 1.46971e+020
6.47611 1.46911e+020
6.47809 1.46851e+020
6.48008 1.46791e+020
6.48206 1.46731e+020
6.48405 1.46671e+020
6.48604 1.46611e+020
6.48803 1.46551e+020
6.49003 1.46491e+020
6.49202 1.4643e+020
6.49401 1.4637e+020
6.49601 1.4631e+020
6.49801 1.46249e+020
6.50001 1.46189e+020
6.50201 1.46128e+020
6.50401 1.46068e+020
6.50601 1.46007e+020
6.50802 1.45946e+020
6.51002 1.45886e+020
6.51203 1.45825e+020
6.51404 1.45764e+020
6.51605 1.45703e+020
6.51806 1.45642e+020
6.52007 1.45581e+020
6.52209 1.4552e+020
6.5241 1.45459e+020
6.52612 1.45398e+020
6.52814 1.45337e+020
6.53016 1.45276e+020
6.53218 1.45215e+020
6.5342 1.45153e+020
6.53622 1.45092e+020
6.53825 1.45031e+020
6.54027 1.44969e+020
6.5423 1.44908e+020
6.54433 1.44846e+020
6.54636 1.44785e+020
6.54839 1.44723e+020
6.55042 1.44662e+020
6.55246 1.446e+020
6.55449 1.44538e+020
6.55653 1.44476e+020
6.55857 1.44414e+020
6.56061 1.44353e+020
6.56265 1.44291e+020
6.56469 1.44229e+020
6.56673 1.44167e+020
6.56878 1.44105e+020
6.57082 1.44042e+020
6.57287 1.4398e+020
6.57492 1.43918e+020
6.57697 1.43856e+020
6.57902 1.43793e+020
6.58108 1.43731e+020
6.58313 1.43669e+020
6.58519 1.43606e+020
6.58725 1.43544e+020
6.5893 1.43481e+020
6.59136 1.43418e+020
6.59343 1.43356e+020
6.59549 1.43293e+020
6.59755 1.4323e+020
6.59962 1.43167e+020
6.60168 1.43105e+020
6.60375 1.43042e+020
6.60582 1.42979e+020
6.60789 1.42916e+020
6.60997 1.42853e+020
6.61204 1.4279e+020
6.61412 1.42726e+020
6.61619 1.42663e+020
6.61827 1.426e+020
6.62035 1.42537e+020
6.62243 1.42473e+020
6.62451 1.4241e+020
6.6266 1.42347e+020
6.62868 1.42283e+020
6.63077 1.42219e+020
6.63285 1.42156e+020
6.63494 1.42092e+020
6.63703 1.42029e+020
6.63913 1.41965e+020
6.64122 1.41901e+020
6.64331 1.41837e+020
6.64541 1.41773e+020
6.64751 1.41709e+020
6.64961 1.41645e+020
6.65171 1.41581e+020
6.65381 1.41517e+020
6.65591 1.41453e+020
6.65802 1.41389e+020
6.66012 1.41325e+020
6.66223 1.4126e+020
6.66434 1.41196e+020
6.66645 1.41132e+020
6.66856 1.41067e+020
6.67067 1.41003e+020
6.67279 1.40938e+020
6.6749 1.40874e+020
6.67702 1.40809e+020
6.67914 1.40744e+020
6.68126 1.40679e+020
6.68338 1.40615e+020
6.6855 1.4055e+020
6.68763 1.40485e+020
6.68975 1.4042e+020
6.69188 1.40355e+020
6.69401 1.4029e+020
6.69614 1.40225e+020
6.69827 1.4016e+020
6.7004 1.40095e+020
6.70254 1.40029e+020
6.70467 1.39964e+020
6.70681 1.39899e+020
6.70895 1.39833e+020
6.71109 1.39768e+020
6.71323 1.39702e+020
6.71537 1.39637e+020
6.71752 1.39571e+020
6.71966 1.39506e+020
6.72181 1.3944e+020
6.72396 1.39374e+020
6.72611 1.39308e+020
6.72826 1.39242e+020
6.73041 1.39176e+020
6.73256 1.39111e+020
6.73472 1.39045e+020
6.73688 1.38978e+020
6.73904 1.38912e+020
6.7412 1.38846e+020
6.74336 1.3878e+020
6.74552 1.38714e+020
6.74768 1.38647e+020
6.74985 1.38581e+020
6.75202 1.38515e+020
6.75419 1.38448e+020
6.75636 1.38382e+020
6.75853 1.38315e+020
6.7607 1.38248e+020
6.76287 1.38182e+020
6.76505 1.38115e+020
6.76723 1.38048e+020
6.76941 1.37981e+020
6.77159 1.37914e+020
6.77377 1.37847e+020
6.77595 1.3778e+020
6.77814 1.37713e+020
6.78032 1.37646e+020
6.78251 1.37579e+020
6.7847 1.37512e+020
6.78689 1.37445e+020
6.78908 1.37377e+020
6.79127 1.3731e+020
6.79347 1.37243e+020
6.79566 1.37175e+020
6.79786 1.37108e+020
6.80006 1.3704e+020
6.80226 1.36972e+020
6.80446 1.36905e+020
6.80667 1.36837e+020
6.80887 1.36769e+020
6.81108 1.36701e+020
6.81329 1.36633e+020
6.8155 1.36566e+020
6.81771 1.36498e+020
6.81992 1.36429e+020
6.82213 1.36361e+020
6.82435 1.36293e+020
6.82657 1.36225e+020
6.82879 1.36157e+020
6.831 1.36088e+020
6.83323 1.3602e+020
6.83545 1.35952e+020
6.83767 1.35883e+020
6.8399 1.35815e+020
6.84213 1.35746e+020
6.84435 1.35677e+020
6.84659 1.35609e+020
6.84882 1.3554e+020
6.85105 1.35471e+020
6.85328 1.35402e+020
6.85552 1.35333e+020
6.85776 1.35264e+020
6.86 1.35195e+020
6.86224 1.35126e+020
6.86448 1.35057e+020
6.86672 1.34988e+020
6.86897 1.34919e+020
6.87122 1.34849e+020
6.87346 1.3478e+020
6.87571 1.34711e+020
6.87796 1.34641e+020
6.88022 1.34572e+020
6.88247 1.34502e+020
6.88473 1.34433e+020
6.88698 1.34363e+020
6.88924 1.34293e+020
6.8915 1.34223e+020
6.89376 1.34154e+020
6.89603 1.34084e+020
6.89829 1.34014e+020
6.90056 1.33944e+020
6.90283 1.33874e+020
6.9051 1.33804e+020
6.90737 1.33733e+020
6.90964 1.33663e+020
6.91191 1.33593e+020
6.91419 1.33523e+020
6.91646 1.33452e+020
6.91874 1.33382e+020
6.92102 1.33311e+020
6.9233 1.33241e+020
6.92559 1.3317e+020
6.92787 1.331e+020
6.93016 1.33029e+020
6.93244 1.32958e+020
6.93473 1.32887e+020
6.93702 1.32816e+020
6.93932 1.32745e+020
6.94161 1.32674e+020
6.9439 1.32603e+020
6.9462 1.32532e+020
6.9485 1.32461e+020
6.9508 1.3239e+020
6.9531 1.32319e+020
6.9554 1.32247e+020
6.95771 1.32176e+020
6.96001 1.32104e+020
6.96232 1.32033e+020
6.96463 1.31961e+020
6.96694 1.3189e+020
6.96925 1.31818e+020
6.97156 1.31746e+020
6.97388 1.31675e+020
6.9762 1.31603e+020
6.97851 1.31531e+020
6.98083 1.31459e+020
6.98316 1.31387e+020
6.98548 1.31315e+020
6.9878 1.31243e+020
6.99013 1.31171e+020
6.99246 1.31098e+020
6.99478 1.31026e+020
6.99712 1.30954e+020
6.99945 1.30881e+020
7.00178 1.30809e+020
7.00412 1.30736e+020
7.00645 1.30664e+020
7.00879 1.30591e+020
7.01113 1.30519e+020
7.01347 1.30446e+020
7.01582 1.30373e+020
7.01816 1.303e+020
7.02051 1.30227e+020
7.02285 1.30154e+020
7.0252 1.30081e+020
7.02755 1.30008e+020
7.02991 1.29935e+020
7.03226 1.29862e+020
7.03462 1.29789e+020
7.03697 1.29715e+020
7.03933 1.29642e+020
7.04169 1.29568e+020
7.04405 1.29495e+020
7.04642 1.29421e+020
7.04878 1.29348e+020
7.05115 1.29274e+020
7.05352 1.292e+020
7.05589 1.29127e+020
7.05826 1.29053e+020
7.06063 1.28979e+020
7.06301 1.28905e+020
7.06538 1.28831e+020
7.06776 1.28757e+020
7.07014 1.28683e+020
7.07252 1.28608e+020
7.0749 1.28534e+020
7.07729 1.2846e+020
7.07967 1.28386e+020
7.08206 1.28311e+020
7.08445 1.28237e+020
7.08684 1.28162e+020
7.08923 1.28087e+020
7.09162 1.28013e+020
7.09402 1.27938e+020
7.09642 1.27863e+020
7.09881 1.27788e+020
7.10121 1.27714e+020
7.10361 1.27639e+020
7.10602 1.27564e+020
7.10842 1.27489e+020
7.11083 1.27413e+020
7.11324 1.27338e+020
7.11565 1.27263e+020
7.11806 1.27188e+020
7.12047 1.27112e+020
7.12289 1.27037e+020
7.1253 1.26961e+020
7.12772 1.26886e+020
7.13014 1.2681e+020
7.13256 1.26735e+020
7.13498 1.26659e+020
7.13741 1.26583e+020
7.13983 1.26507e+020
7.14226 1.26431e+020
7.14469 1.26355e+020
7.14712 1.26279e+020
7.14955 1.26203e+020
7.15198 1.26127e+020
7.15442 1.26051e+020
7.15686 1.25975e+020
7.15929 1.25898e+020
7.16174 1.25822e+020
7.16418 1.25745e+020
7.16662 1.25669e+020
7.16907 1.25592e+020
7.17151 1.25516e+020
7.17396 1.25439e+020
7.17641 1.25362e+020
7.17886 1.25285e+020
7.18132 1.25208e+020
7.18377 1.25132e+020
7.18623 1.25055e+020
7.18869 1.24977e+020
7.19115 1.249e+020
7.19361 1.24823e+020
7.19607 1.24746e+020
7.19854 1.24669e+020
7.201 1.24591e+020
7.20347 1.24514e+020
7.20594 1.24436e+020
7.20841 1.24359e+020
7.21088 1.24281e+020
7.21336 1.24203e+020
7.21584 1.24126e+020
7.21831 1.24048e+020
7.22079 1.2397e+020
7.22327 1.23892e+020
7.22576 1.23814e+020
7.22824 1.23736e+020
7.23073 1.23658e+020
7.23322 1.2358e+020
7.23571 1.23502e+020
7.2382 1.23423e+020
7.24069 1.23345e+020
7.24318 1.23267e+020
7.24568 1.23188e+020
7.24818 1.2311e+020
7.25068 1.23031e+020
7.25318 1.22952e+020
7.25568 1.22874e+020
7.25819 1.22795e+020
7.26069 1.22716e+020
7.2632 1.22637e+020
7.26571 1.22558e+020
7.26822 1.22479e+020
7.27073 1.224e+020
7.27325 1.22321e+020
7.27577 1.22241e+020
7.27828 1.22162e+020
7.2808 1.22083e+020
7.28332 1.22003e+020
7.28585 1.21924e+020
7.28837 1.21844e+020
7.2909 1.21765e+020
7.29343 1.21685e+020
7.29596 1.21605e+020
7.29849 1.21526e+020
7.30102 1.21446e+020
7.30356 1.21366e+020
7.30609 1.21286e+020
7.30863 1.21206e+020
7.31117 1.21126e+020
7.31371 1.21045e+020
7.31626 1.20965e+020
7.3188 1.20885e+020
7.32135 1.20804e+020
7.3239 1.20724e+020
7.32645 1.20644e+020
7.329 1.20563e+020
7.33155 1.20482e+020
7.33411 1.20402e+020
7.33666 1.20321e+020
7.33922 1.2024e+020
7.34178 1.20159e+020
7.34434 1.20078e+020
7.34691 1.19997e+020
7.34947 1.19916e+020
7.35204 1.19835e+020
7.35461 1.19754e+020
7.35718 1.19673e+020
7.35975 1.19591e+020
7.36233 1.1951e+020
7.3649 1.19428e+020
7.36748 1.19347e+020
7.37006 1.19265e+020
7.37264 1.19183e+020
7.37522 1.19102e+020
7.37781 1.1902e+020
7.38039 1.18938e+020
7.38298 1.18856e+020
7.38557 1.18774e+020
7.38816 1.18692e+020
7.39075 1.1861e+020
7.39335 1.18528e+020
7.39595 1.18446e+020
7.39854 1.18363e+020
7.40114 1.18281e+020
7.40374 1.18198e+020
7.40635 1.18116e+020
7.40895 1.18033e+020
7.41156 1.17951e+020
7.41417 1.17868e+020
7.41678 1.17785e+020
7.41939 1.17702e+020
7.422 1.17619e+020
7.42462 1.17536e+020
7.42724 1.17453e+020
7.42986 1.1737e+020
7.43248 1.17287e+020
7.4351 1.17204e+020
7.43772 1.17121e+020
7.44035 1.17037e+020
7.44298 1.16954e+020
7.44561 1.1687e+020
7.44824 1.16787e+020
7.45087 1.16703e+020
7.45351 1.16619e+020
7.45614 1.16536e+020
7.45878 1.16452e+020
7.46142 1.16368e+020
7.46406 1.16284e+020
7.46671 1.162e+020
7.46935 1.16116e+020
7.472 1.16031e+020
7.47465 1.15947e+020
7.4773 1.15863e+020
7.47995 1.15778e+020
7.48261 1.15694e+020
7.48526 1.15609e+020
7.48792 1.15525e+020
7.49058 1.1544e+020
7.49324 1.15356e+020
7.4959 1.15271e+020
7.49857 1.15186e+020
7.50123 1.15101e+020
7.5039 1.15016e+020
7.50657 1.14931e+020
7.50925 1.14846e+020
7.51192 1.14761e+020
7.51459 1.14675e+020
7.51727 1.1459e+020
7.51995 1.14505e+020
7.52263 1.14419e+020
7.52531 1.14334e+020
7.528 1.14248e+020
7.53069 1.14162e+020
7.53337 1.14077e+020
7.53606 1.13991e+020
7.53875 1.13905e+020
7.54145 1.13819e+020
7.54414 1.13733e+020
7.54684 1.13647e+020
7.54954 1.13561e+020
7.55224 1.13474e+020
7.55494 1.13388e+020
7.55765 1.13302e+020
7.56035 1.13215e+020
7.56306 1.13129e+020
7.56577 1.13042e+020
7.56848 1.12956e+020
7.57119 1.12869e+020
7.57391 1.12782e+020
7.57663 1.12695e+020
7.57935 1.12608e+020
7.58207 1.12521e+020
7.58479 1.12434e+020
7.58751 1.12347e+020
7.59024 1.1226e+020
7.59297 1.12173e+020
7.5957 1.12085e+020
7.59843 1.11998e+020
7.60116 1.1191e+020
7.6039 1.11823e+020
7.60663 1.11735e+020
7.60937 1.11647e+020
7.61211 1.1156e+020
7.61485 1.11472e+020
7.6176 1.11384e+020
7.62034 1.11296e+020
7.62309 1.11208e+020
7.62584 1.1112e+020
7.62859 1.11032e+020
7.63135 1.10943e+020
7.6341 1.10855e+020
7.63686 1.10767e+020
7.63962 1.10678e+020
7.64238 1.1059e+020
7.64514 1.10501e+020
7.64791 1.10412e+020
7.65067 1.10323e+020
7.65344 1.10235e+020
7.65621 1.10146e+020
7.65898 1.10057e+020
7.66175 1.09968e+020
7.66453 1.09879e+020
7.66731 1.09789e+020
7.67009 1.097e+020
7.67287 1.09611e+020
7.67565 1.09521e+020
7.67844 1.09432e+020
7.68122 1.09342e+020
7.68401 1.09253e+020
7.6868 1.09163e+020
7.68959 1.09073e+020
7.69239 1.08983e+020
7.69518 1.08894e+020
7.69798 1.08804e+020
7.70078 1.08713e+020
7.70358 1.08623e+020
7.70639 1.08533e+020
7.70919 1.08443e+020
7.712 1.08353e+020
7.71481 1.08262e+020
7.71762 1.08172e+020
7.72043 1.08081e+020
7.72324 1.0799e+020
7.72606 1.079e+020
7.72888 1.07809e+020
7.7317 1.07718e+020
7.73452 1.07627e+020
7.73735 1.07536e+020
7.74017 1.07445e+020
7.743 1.07354e+020
7.74583 1.07263e+020
7.74866 1.07171e+020
7.75149 1.0708e+020
7.75433 1.06989e+020
7.75717 1.06897e+020
7.76001 1.06805e+020
7.76285 1.06714e+020
7.76569 1.06622e+020
7.76853 1.0653e+020
7.77138 1.06438e+020
7.77423 1.06346e+020
7.77708 1.06254e+020
7.77993 1.06162e+020
7.78279 1.0607e+020
7.78564 1.05978e+020
7.7885 1.05885e+020
7.79136 1.05793e+020
7.79422 1.057e+020
7.79709 1.05608e+020
7.79995 1.05515e+020
7.80282 1.05423e+020
7.80569 1.0533e+020
7.80856 1.05237e+020
7.81144 1.05144e+020
7.81431 1.05051e+020
7.81719 1.04958e+020
7.82007 1.04865e+020
7.82295 1.04771e+020
7.82583 1.04678e+020
7.82872 1.04585e+020
7.8316 1.04491e+020
7.83449 1.04398e+020
7.83738 1.04304e+020
7.84027 1.0421e+020
7.84317 1.04117e+020
7.84607 1.04023e+020
7.84896 1.03929e+020
7.85186 1.03835e+020
7.85477 1.03741e+020
7.85767 1.03647e+020
7.86058 1.03552e+020
7.86349 1.03458e+020
7.8664 1.03364e+020
7.86931 1.03269e+020
7.87222 1.03175e+020
7.87514 1.0308e+020
7.87806 1.02985e+020
7.88098 1.02891e+020
7.8839 1.02796e+020
7.88682 1.02701e+020
7.88975 1.02606e+020
7.89267 1.02511e+020
7.8956 1.02416e+020
7.89853 1.0232e+020
7.90147 1.02225e+020
7.9044 1.0213e+020
7.90734 1.02034e+020
7.91028 1.01939e+020
7.91322 1.01843e+020
7.91616 1.01747e+020
7.91911 1.01652e+020
7.92206 1.01556e+020
7.92501 1.0146e+020
7.92796 1.01364e+020
7.93091 1.01268e+020
7.93387 1.01172e+020
7.93682 1.01075e+020
7.93978 1.00979e+020
7.94274 1.00883e+020
7.9457 1.00786e+020
7.94867 1.0069e+020
7.95164 1.00593e+020
7.95461 1.00496e+020
7.95758 1.004e+020
7.96055 1.00303e+020
7.96352 1.00206e+020
7.9665 1.00109e+020
7.96948 1.00012e+020
7.97246 9.99144e+019
7.97544 9.98172e+019
7.97843 9.97198e+019
7.98141 9.96224e+019
7.9844 9.95249e+019
7.98739 9.94273e+019
7.99039 9.93297e+019
7.99338 9.92319e+019
7.99638 9.91341e+019
7.99938 9.90362e+019
8.00238 9.89383e+019
8.00538 9.88402e+019
8.00838 9.87421e+019
8.01139 9.86439e+019
8.0144 9.85456e+019
8.01741 9.84472e+019
8.02042 9.83487e+019
8.02344 9.82502e+019
8.02646 9.81516e+019
8.02947 9.80529e+019
8.03249 9.79541e+019
8.03552 9.78553e+019
8.03854 9.77563e+019
8.04157 9.76573e+019
8.0446 9.75582e+019
8.04763 9.7459e+019
8.05066 9.73598e+019
8.0537 9.72604e+019
8.05673 9.7161e+019
8.05977 9.70615e+019
8.06281 9.69619e+019
8.06586 9.68623e+019
8.0689 9.67625e+019
8.07195 9.66627e+019
8.075 9.65628e+019
8.07805 9.64628e+019
8.0811 9.63627e+019
8.08416 9.62626e+019
8.08721 9.61623e+019
8.09027 9.6062e+019
8.09334 9.59616e+019
8.0964 9.58611e+019
8.09946 9.57606e+019
8.10253 9.56599e+019
8.1056 9.55592e+019
8.10867 9.54584e+019
8.11175 9.53575e+019
8.11482 9.52565e+019
8.1179 9.51555e+019
8.12098 9.50543e+019
8.12406 9.49531e+019
8.12714 9.48518e+019
8.13023 9.47504e+019
8.13332 9.46489e+019
8.13641 9.45474e+019
8.1395 9.44458e+019
8.1426 9.4344e+019
8.14569 9.42422e+019
8.14879 9.41403e+019
8.15189 9.40384e+019
8.15499 9.39363e+019
8.1581 9.38342e+019
8.1612 9.3732e+019
8.16431 9.36297e+019
8.16742 9.35273e+019
8.17054 9.34248e+019
8.17365 9.33223e+019
8.17677 9.32196e+019
8.17989 9.31169e+019
8.18301 9.30141e+019
8.18613 9.29112e+019
8.18926 9.28082e+019
8.19238 9.27052e+019
8.19551 9.2602e+019
8.19864 9.24988e+019
8.20178 9.23955e+019
8.20491 9.22921e+019
8.20805 9.21886e+019
8.21119 9.2085e+019
8.21433 9.19814e+019
8.21748 9.18777e+019
8.22062 9.17738e+019
8.22377 9.16699e+019
8.22692 9.15659e+019
8.23007 9.14619e+019
8.23323 9.13577e+019
8.23639 9.12535e+019
8.23955 9.11491e+019
8.24271 9.10447e+019
8.24587 9.09402e+019
8.24903 9.08356e+019
8.2522 9.07309e+019
8.25537 9.06262e+019
8.25854 9.05213e+019
8.26172 9.04164e+019
8.26489 9.03114e+019
8.26807 9.02063e+019
8.27125 9.01011e+019
8.27443 8.99958e+019
8.27762 8.98904e+019
8.2808 8.9785e+019
8.28399 8.96795e+019
8.28718 8.95738e+019
8.29037 8.94681e+019
8.29357 8.93623e+019
8.29677 8.92565e+019
8.29996 8.91505e+019
8.30317 8.90444e+019
8.30637 8.89383e+019
8.30957 8.8832e+019
8.31278 8.87257e+019
8.31599 8.86193e+019
8.3192 8.85128e+019
8.32242 8.84063e+019
8.32563 8.82996e+019
8.32885 8.81928e+019
8.33207 8.8086e+019
8.3353 8.79791e+019
8.33852 8.7872e+019
8.34175 8.77649e+019
8.34498 8.76577e+019
8.34821 8.75505e+019
8.35144 8.74431e+019
8.35468 8.73356e+019
8.35791 8.72281e+019
8.36115 8.71204e+019
8.3644 8.70127e+019
8.36764 8.69049e+019
8.37089 8.6797e+019
8.37413 8.6689e+019
8.37739 8.65809e+019
8.38064 8.64728e+019
8.38389 8.63645e+019
8.38715 8.62562e+019
8.39041 8.61477e+019
8.39367 8.60392e+019
8.39694 8.59306e+019
8.4002 8.58219e+019
8.40347 8.57131e+019
8.40674 8.56042e+019
8.41001 8.54953e+019
8.41329 8.53862e+019
8.41656 8.5277e+019
8.41984 8.51678e+019
8.42312 8.50585e+019
8.42641 8.49491e+019
8.42969 8.48395e+019
8.43298 8.47299e+019
8.43627 8.46203e+019
8.43956 8.45105e+019
8.44286 8.44006e+019
8.44615 8.42906e+019
8.44945 8.41806e+019
8.45275 8.40704e+019
8.45606 8.39602e+019
8.45936 8.38499e+019
8.46267 8.37395e+019
8.46598 8.3629e+019
8.46929 8.35184e+019
8.4726 8.34077e+019
8.47592 8.32969e+019
8.47924 8.3186e+019
8.48256 8.30751e+019
8.48588 8.2964e+019
8.48921 8.28529e+019
8.49254 8.27416e+019
8.49587 8.26303e+019
8.4992 8.25189e+019
8.50253 8.24074e+019
8.50587 8.22958e+019
8.50921 8.21841e+019
8.51255 8.20723e+019
8.51589 8.19604e+019
8.51924 8.18484e+019
8.52258 8.17364e+019
8.52593 8.16242e+019
8.52929 8.1512e+019
8.53264 8.13996e+019
8.536 8.12872e+019
8.53935 8.11747e+019
8.54272 8.10621e+019
8.54608 8.09493e+019
8.54944 8.08365e+019
8.55281 8.07236e+019
8.55618 8.06106e+019
8.55955 8.04976e+019
8.56293 8.03844e+019
8.5663 8.02711e+019
8.56968 8.01577e+019
8.57306 8.00443e+019
8.57645 7.99307e+019
8.57983 7.98171e+019
8.58322 7.97033e+019
8.58661 7.95895e+019
8.59 7.94756e+019
8.5934 7.93616e+019
8.5968 7.92474e+019
8.6002 7.91332e+019
8.6036 7.90189e+019
8.607 7.89045e+019
8.61041 7.879e+019
8.61381 7.86755e+019
8.61723 7.85608e+019
8.62064 7.8446e+019
8.62405 7.83311e+019
8.62747 7.82162e+019
8.63089 7.81011e+019
8.63431 7.79859e+019
8.63774 7.78707e+019
8.64116 7.77553e+019
8.64459 7.76399e+019
8.64802 7.75244e+019
8.65146 7.74087e+019
8.65489 7.7293e+019
8.65833 7.71772e+019
8.66177 7.70613e+019
8.66521 7.69452e+019
8.66866 7.68291e+019
8.67211 7.67129e+019
8.67555 7.65966e+019
8.67901 7.64802e+019
8.68246 7.63637e+019
8.68592 7.62471e+019
8.68938 7.61304e+019
8.69284 7.60137e+019
8.6963 7.58968e+019
8.69977 7.57798e+019
8.70323 7.56627e+019
8.7067 7.55455e+019
8.71018 7.54283e+019
8.71365 7.53109e+019
8.71713 7.51935e+019
8.72061 7.50759e+019
8.72409 7.49582e+019
8.72757 7.48405e+019
8.73106 7.47226e+019
8.73455 7.46047e+019
8.73804 7.44866e+019
8.74153 7.43685e+019
8.74503 7.42502e+019
8.74853 7.41319e+019
8.75203 7.40135e+019
8.75553 7.38949e+019
8.75904 7.37763e+019
8.76254 7.36576e+019
8.76605 7.35387e+019
8.76956 7.34198e+019
8.77308 7.33008e+019
8.7766 7.31817e+019
8.78012 7.30624e+019
8.78364 7.29431e+019
8.78716 7.28237e+019
8.79069 7.27042e+019
8.79422 7.25846e+019
8.79775 7.24648e+019
8.80128 7.2345e+019
8.80482 7.22251e+019
8.80835 7.21051e+019
8.81189 7.1985e+019
8.81544 7.18648e+019
8.81898 7.17445e+019
8.82253 7.1624e+019
8.82608 7.15035e+019
8.82963 7.13829e+019
8.83319 7.12622e+019
8.83674 7.11414e+019
8.8403 7.10205e+019
8.84386 7.08995e+019
8.84743 7.07784e+019
8.85099 7.06571e+019
8.85456 7.05358e+019
8.85813 7.04144e+019
8.86171 7.02929e+019
8.86528 7.01713e+019
8.86886 7.00496e+019
8.87244 6.99278e+019
8.87603 6.98059e+019
8.87961 6.96838e+019
8.8832 6.95617e+019
8.88679 6.94395e+019
8.89038 6.93172e+019
8.89398 6.91948e+019
8.89757 6.90722e+019
8.90117 6.89496e+019
8.90478 6.88269e+019
8.90838 6.87041e+019
8.91199 6.85811e+019
8.9156 6.84581e+019
8.91921 6.8335e+019
8.92282 6.82117e+019
8.92644 6.80884e+019
8.93006 6.7965e+019
8.93368 6.78414e+019
8.93731 6.77178e+019
8.94093 6.75941e+019
8.94456 6.74702e+019
8.94819 6.73463e+019
8.95183 6.72222e+019
8.95546 6.70981e+019
8.9591 6.69738e+019
8.96274 6.68494e+019
8.96638 6.6725e+019
8.97003 6.66004e+019
8.97368 6.64757e+019
8.97733 6.6351e+019
8.98098 6.62261e+019
8.98464 6.61011e+019
8.9883 6.5976e+019
8.99196 6.58509e+019
8.99562 6.57256e+019
8.99928 6.56002e+019
9.00295 6.54747e+019
9.00662 6.53491e+019
9.01029 6.52234e+019
9.01397 6.50976e+019
9.01765 6.49717e+019
9.02133 6.48457e+019
9.02501 6.47195e+019
9.02869 6.45933e+019
9.03238 6.4467e+019
9.03607 6.43406e+019
9.03976 6.4214e+019
9.04346 6.40874e+019
9.04716 6.39606e+019
9.05086 6.38338e+019
9.05456 6.37068e+019
9.05826 6.35798e+019
9.06197 6.34526e+019
9.06568 6.33254e+019
9.06939 6.3198e+019
9.07311 6.30705e+019
9.07682 6.29429e+019
9.08054 6.28152e+019
9.08426 6.26874e+019
9.08799 6.25595e+019
9.09171 6.24315e+019
9.09544 6.23034e+019
9.09918 6.21752e+019
9.10291 6.20469e+019
9.10665 6.19185e+019
9.11039 6.17899e+019
9.11413 6.16613e+019
9.11787 6.15325e+019
9.12162 6.14037e+019
9.12537 6.12747e+019
9.12912 6.11457e+019
9.13288 6.10165e+019
9.13663 6.08872e+019
9.14039 6.07578e+019
9.14415 6.06283e+019
9.14792 6.04987e+019
9.15168 6.0369e+019
9.15545 6.02392e+019
9.15923 6.01093e+019
9.163 5.99793e+019
9.16678 5.98492e+019
9.17056 5.97189e+019
9.17434 5.95886e+019
9.17812 5.94581e+019
9.18191 5.93276e+019
9.1857 5.91969e+019
9.18949 5.90661e+019
9.19329 5.89352e+019
9.19708 5.88042e+019
9.20088 5.86731e+019
9.20469 5.85419e+019
9.20849 5.84106e+019
9.2123 5.82792e+019
9.21611 5.81477e+019
9.21992 5.8016e+019
9.22373 5.78843e+019
9.22755 5.77525e+019
9.23137 5.76205e+019
9.23519 5.74884e+019
9.23902 5.73562e+019
9.24285 5.7224e+019
9.24668 5.70916e+019
9.25051 5.69591e+019
9.25435 5.68265e+019
9.25818 5.66937e+019
9.26202 5.65609e+019
9.26587 5.6428e+019
9.26971 5.62949e+019
9.27356 5.61618e+019
9.27741 5.60285e+019
9.28126 5.58951e+019
9.28512 5.57617e+019
9.28898 5.56281e+019
9.29284 5.54944e+019
9.2967 5.53606e+019
9.30057 5.52266e+019
9.30444 5.50926e+019
9.30831 5.49585e+019
9.31218 5.48242e+019
9.31606 5.46899e+019
9.31994 5.45554e+019
9.32382 5.44208e+019
9.3277 5.42862e+019
9.33159 5.41514e+019
9.33548 5.40165e+019
9.33937 5.38814e+019
9.34327 5.37463e+019
9.34716 5.36111e+019
9.35106 5.34758e+019
9.35497 5.33403e+019
9.35887 5.32047e+019
9.36278 5.30691e+019
9.36669 5.29333e+019
9.3706 5.27974e+019
9.37452 5.26614e+019
9.37844 5.25253e+019
9.38236 5.23891e+019
9.38628 5.22527e+019
9.39021 5.21163e+019
9.39413 5.19797e+019
9.39806 5.18431e+019
9.402 5.17063e+019
9.40593 5.15694e+019
9.40987 5.14324e+019
9.41382 5.12953e+019
9.41776 5.11581e+019
9.42171 5.10208e+019
9.42566 5.08833e+019
9.42961 5.07458e+019
9.43356 5.06081e+019
9.43752 5.04703e+019
9.44148 5.03325e+019
9.44544 5.01945e+019
9.44941 5.00564e+019
9.45338 4.99182e+019
9.45735 4.97798e+019
9.46132 4.96414e+019
9.4653 4.95028e+019
9.46928 4.93642e+019
9.47326 4.92254e+019
9.47724 4.90865e+019
9.48123 4.89476e+019
9.48522 4.88085e+019
9.48921 4.86692e+019
9.4932 4.85299e+019
9.4972 4.83905e+019
9.5012 4.8251e+019
9.5052 4.81113e+019
9.50921 4.79715e+019
9.51322 4.78317e+019
9.51723 4.76917e+019
9.52124 4.75516e+019
9.52525 4.74114e+019
9.52927 4.7271e+019
9.53329 4.71306e+019
9.53732 4.69901e+019
9.54135 4.68494e+019
9.54537 4.67087e+019
9.54941 4.65678e+019
9.55344 4.64268e+019
9.55748 4.62857e+019
9.56152 4.61445e+019
9.56556 4.60032e+019
9.56961 4.58617e+019
9.57366 4.57202e+019
9.57771 4.55786e+019
9.58176 4.54368e+019
9.58582 4.52949e+019
9.58987 4.51529e+019
9.59394 4.50109e+019
9.598 4.48687e+019
9.60207 4.47263e+019
9.60614 4.45839e+019
9.61021 4.44414e+019
9.61429 4.42987e+019
9.61836 4.4156e+019
9.62244 4.40131e+019
9.62653 4.38702e+019
9.63061 4.37271e+019
9.6347 4.35839e+019
9.63879 4.34406e+019
9.64289 4.32972e+019
9.64699 4.31536e+019
9.65109 4.301e+019
9.65519 4.28663e+019
9.65929 4.27224e+019
9.6634 4.25785e+019
9.66751 4.24344e+019
9.67163 4.22902e+019
9.67574 4.21459e+019
9.67986 4.20015e+019
9.68398 4.1857e+019
9.68811 4.17124e+019
9.69223 4.15677e+019
9.69636 4.14228e+019
9.7005 4.12779e+019
9.70463 4.11329e+019
9.70877 4.09877e+019
9.71291 4.08424e+019
9.71706 4.06971e+019
9.7212 4.05516e+019
9.72535 4.0406e+019
9.7295 4.02603e+019
9.73366 4.01145e+019
9.73782 3.99686e+019
9.74198 3.98226e+019
9.74614 3.96765e+019
9.75031 3.95302e+019
9.75447 3.93839e+019
9.75865 3.92375e+019
9.76282 3.90909e+019
9.767 3.89443e+019
9.77118 3.87975e+019
9.77536 3.86506e+019
9.77955 3.85037e+019
9.78373 3.83566e+019
9.78792 3.82094e+019
9.79212 3.80621e+019
9.79631 3.79148e+019
9.80051 3.77673e+019
9.80472 3.76197e+019
9.80892 3.7472e+019
9.81313 3.73242e+019
9.81734 3.71763e+019
9.82155 3.70283e+019
9.82577 3.68802e+019
9.82999 3.6732e+019
9.83421 3.65837e+019
9.83844 3.64353e+019
9.84266 3.62868e+019
9.84689 3.61381e+019
9.85113 3.59894e+019
9.85536 3.58406e+019
9.8596 3.56917e+019
9.86384 3.55427e+019
9.86809 3.53936e+019
9.87233 3.52444e+019
9.87658 3.50951e+019
9.88084 3.49457e+019
9.88509 3.47962e+019
9.88935 3.46466e+019
9.89361 3.44969e+019
9.89788 3.43471e+019
9.90214 3.41973e+019
9.90641 3.40473e+019
9.91069 3.38972e+019
9.91496 3.37471e+019
9.91924 3.35968e+019
9.92352 3.34465e+019
9.92781 3.3296e+019
9.93209 3.31455e+019
9.93638 3.29949e+019
9.94068 3.28442e+019
9.94497 3.26934e+019
9.94927 3.25425e+019
9.95357 3.23915e+019
9.95788 3.22405e+019
9.96218 3.20893e+019
9.96649 3.19381e+019
9.97081 3.17868e+019
9.97512 3.16354e+019
9.97944 3.14839e+019
9.98376 3.13323e+019
9.98809 3.11807e+019
9.99242 3.10289e+019
9.99675 3.08771e+019
10.0011 3.07252e+019
10.0054 3.05732e+019
10.0098 3.04212e+019
10.0141 3.02691e+019
10.0184 3.01169e+019
10.0228 2.99646e+019
10.0271 2.98122e+019
10.0315 2.96598e+019
10.0358 2.95073e+019
10.0402 2.93547e+019
10.0446 2.92021e+019
10.0489 2.90494e+019
10.0533 2.88966e+019
10.0577 2.87437e+019
10.062 2.85908e+019
10.0664 2.84378e+019
10.0708 2.82848e+019
10.0752 2.81317e+019
10.0796 2.79785e+019
10.084 2.78253e+019
10.0884 2.7672e+019
10.0927 2.75186e+019
10.0971 2.73652e+019
10.1015 2.72118e+019
10.1059 2.70583e+019
10.1104 2.69047e+019
10.1148 2.67511e+019
10.1192 2.65975e+019
10.1236 2.64438e+019
10.128 2.629e+019
10.1324 2.61362e+019
10.1368 2.59824e+019
10.1413 2.58285e+019
10.1457 2.56746e+019
10.1501 2.55207e+019
10.1546 2.53667e+019
10.159 2.52126e+019
10.1635 2.50586e+019
10.1679 2.49045e+019
10.1723 2.47504e+019
10.1768 2.45963e+019
10.1812 2.44421e+019
10.1857 2.4288e+019
10.1902 2.41338e+019
10.1946 2.39796e+019
10.1991 2.38254e+019
10.2036 2.36711e+019
10.208 2.35169e+019
10.2125 2.33626e+019
10.217 2.32084e+019
10.2215 2.30542e+019
10.2259 2.28999e+019
10.2304 2.27457e+019
10.2349 2.25914e+019
10.2394 2.24372e+019
10.2439 2.2283e+019
10.2484 2.21288e+019
10.2529 2.19746e+019
10.2574 2.18205e+019
10.2619 2.16663e+019
10.2664 2.15122e+019
10.2709 2.13582e+019
10.2755 2.12042e+019
10.28 2.10502e+019
10.2845 2.08962e+019
10.289 2.07423e+019
10.2935 2.05885e+019
10.2981 2.04347e+019
10.3026 2.02809e+019
10.3072 2.01273e+019
10.3117 1.99737e+019
10.3162 1.98201e+019
10.3208 1.96667e+019
10.3253 1.95133e+019
10.3299 1.936e+019
10.3344 1.92068e+019
10.339 1.90537e+019
10.3436 1.89007e+019
10.3481 1.87477e+019
10.3527 1.85949e+019
10.3573 1.84423e+019
10.3618 1.82897e+019
10.3664 1.81373e+019
10.371 1.79849e+019
10.3756 1.78328e+019
10.3802 1.76807e+019
10.3847 1.75289e+019
10.3893 1.73771e+019
10.3939 1.72256e+019
10.3985 1.70742e+019
10.4031 1.69229e+019
10.4077 1.67719e+019
10.4123 1.6621e+019
10.417 1.64703e+019
10.4216 1.63199e+019
10.4262 1.61696e+019
10.4308 1.60196e+019
10.4354 1.58697e+019
10.4401 1.57201e+019
10.4447 1.55708e+019
10.4493 1.54217e+019
10.4539 1.52728e+019
10.4586 1.51242e+019
10.4632 1.49759e+019
10.4679 1.48278e+019
10.4725 1.46801e+019
10.4772 1.45326e+019
10.4818 1.43854e+019
10.4865 1.42386e+019
10.4911 1.40921e+019
10.4958 1.39459e+019
10.5005 1.38e+019
10.5051 1.36545e+019
10.5098 1.35094e+019
10.5145 1.33646e+019
10.5192 1.32202e+019
10.5238 1.30762e+019
10.5285 1.29326e+019
10.5332 1.27894e+019
10.5379 1.26467e+019
10.5426 1.25044e+019
10.5473 1.23625e+019
10.552 1.22211e+019
10.5567 1.20801e+019
10.5614 1.19396e+019
10.5661 1.17996e+019
10.5708 1.16602e+019
10.5756 1.15212e+019
10.5803 1.13827e+019
10.585 1.12448e+019
10.5897 1.11075e+019
10.5944 1.09707e+019
10.5992 1.08345e+019
10.6039 1.06988e+019
10.6087 1.05638e+019
10.6134 1.04293e+019
10.6181 1.02955e+019
10.6229 1.01624e+019
10.6276 1.00298e+019
10.6324 9.89798e+018
10.6371 9.76678e+018
10.6419 9.63628e+018
10.6467 9.50647e+018
10.6514 9.37737e+018
10.6562 9.249e+018
10.661 9.12136e+018
10.6658 8.99447e+018
10.6705 8.86835e+018
10.6753 8.74299e+018
10.6801 8.61842e+018
10.6849 8.49466e+018
10.6897 8.3717e+018
10.6945 8.24956e+018
10.6993 8.12826e+018
10.7041 8.0078e+018
10.7089 7.88821e+018
10.7137 7.76948e+018
10.7185 7.65163e+018
10.7233 7.53468e+018
10.7281 7.41863e+018
10.733 7.3035e+018
10.7378 7.18929e+018
10.7426 7.07602e+018
10.7474 6.9637e+018
10.7523 6.85233e+018
10.7571 6.74193e+018
10.762 6.6325e+018
10.7668 6.52406e+018
10.7716 6.41662e+018
10.7765 6.31017e+018
10.7813 6.20474e+018
10.7862 6.10033e+018
10.7911 5.99695e+018
10.7959 5.8946e+018
10.8008 5.79329e+018
10.8057 5.69304e+018
10.8105 5.59383e+018
10.8154 5.49569e+018
10.8203 5.39862e+018
10.8252 5.30262e+018
10.8301 5.2077e+018
10.8349 5.11386e+018
10.8398 5.0211e+018
10.8447 4.92944e+018
10.8496 4.83886e+018
10.8545 4.74939e+018
10.8594 4.66101e+018
10.8643 4.57374e+018
10.8693 4.48756e+018
10.8742 4.40249e+018
10.8791 4.31853e+018
10.884 4.23567e+018
10.8889 4.15392e+018
10.8939 4.07327e+018
10.8988 3.99373e+018
10.9037 3.91529e+018
10.9087 3.83795e+018
10.9136 3.76172e+018
10.9186 3.68657e+018
10.9235 3.61253e+018
10.9285 3.53958e+018
10.9334 3.46771e+018
10.9384 3.39693e+018
10.9433 3.32723e+018
10.9483 3.2586e+018
10.9533 3.19105e+018
10.9582 3.12456e+018
10.9632 3.05913e+018
10.9682 2.99475e+018
10.9732 2.93143e+018
10.9782 2.86914e+018
10.9831 2.80788e+018
10.9881 2.74766e+018
10.9931 2.68845e+018
10.9981 2.63025e+018
11.0031 2.57306e+018
11.0081 2.51686e+018
11.0131 2.46165e+018
11.0182 2.40741e+018
11.0232 2.35415e+018
11.0282 2.30184e+018
11.0332 2.25049e+018
11.0382 2.20007e+018
11.0433 2.15059e+018
11.0483 2.10203e+018
11.0533 2.05437e+018
11.0584 2.00762e+018
11.0634 1.96176e+018
11.0684 1.91678e+018
11.0735 1.87267e+018
11.0785 1.82941e+018
11.0836 1.787e+018
11.0887 1.74543e+018
11.0937 1.70469e+018
11.0988 1.66476e+018
11.1039 1.62563e+018
11.1089 1.5873e+018
11.114 1.54975e+018
11.1191 1.51297e+018
11.1242 1.47694e+018
11.1292 1.44166e+018
11.1343 1.40712e+018
11.1394 1.37331e+018
11.1445 1.34021e+018
11.1496 1.30781e+018
11.1547 1.2761e+018
11.1598 1.24507e+018
11.1649 1.21471e+018
11.1701 1.18501e+018
11.1752 1.15596e+018
11.1803 1.12754e+018
11.1854 1.09974e+018
11.1905 1.07256e+018
11.1957 1.04599e+018
11.2008 1.02e+018
11.2059 9.94602e+017
11.2111 9.69771e+017
11.2162 9.45501e+017
11.2214 9.21781e+017
11.2265 8.98602e+017
11.2317 8.75953e+017
11.2368 8.53824e+017
11.242 8.32205e+017
11.2471 8.11087e+017
11.2523 7.90458e+017
11.2575 7.70311e+017
11.2627 7.50635e+017
11.2678 7.31421e+017
11.273 7.1266e+017
11.2782 6.94342e+017
11.2834 6.76459e+017
11.2886 6.59002e+017
11.2938 6.41961e+017
11.299 6.25329e+017
11.3042 6.09096e+017
11.3094 5.93255e+017
11.3146 5.77797e+017
11.3198 5.62713e+017
11.325 5.47996e+017
11.3302 5.33639e+017
11.3355 5.19632e+017
11.3407 5.05969e+017
11.3459 4.92642e+017
11.3511 4.79644e+017
11.3564 4.66967e+017
11.3616 4.54604e+017
11.3669 4.42549e+017
11.3721 4.30794e+017
11.3774 4.19333e+017
11.3826 4.08158e+017
11.3879 3.97264e+017
11.3931 3.86644e+017
11.3984 3.76292e+017
11.4037 3.66202e+017
11.4089 3.56367e+017
11.4142 3.46782e+017
11.4195 3.3744e+017
11.4248 3.28337e+017
11.4301 3.19467e+017
11.4354 3.10823e+017
11.4406 3.02401e+017
11.4459 2.94196e+017
11.4512 2.86203e+017
11.4565 2.78415e+017
11.4619 2.70829e+017
11.4672 2.63439e+017
11.4725 2.56242e+017
11.4778 2.49231e+017
11.4831 2.42403e+017
11.4884 2.35754e+017
11.4938 2.29278e+017
11.4991 2.22972e+017
11.5044 2.16831e+017
11.5098 2.10852e+017
11.5151 2.0503e+017
11.5205 1.99362e+017
11.5258 1.93844e+017
11.5312 1.88471e+017
11.5365 1.83241e+017
11.5419 1.7815e+017
11.5472 1.73194e+017
11.5526 1.68371e+017
11.558 1.63675e+017
11.5634 1.59106e+017
11.5687 1.54658e+017
11.5741 1.5033e+017
11.5795 1.46118e+017
11.5849 1.42019e+017
11.5903 1.38031e+017
11.5957 1.3415e+017
11.6011 1.30373e+017
11.6065 1.26699e+017
11.6119 1.23124e+017
11.6173 1.19647e+017
11.6227 1.16263e+017
11.6281 1.12972e+017
11.6336 1.0977e+017
11.639 1.06655e+017
11.6444 1.03626e+017
11.6498 1.00679e+017
11.6553 9.78128e+016
11.6607 9.50252e+016
11.6662 9.2314e+016
11.6716 8.96774e+016
11.6771 8.71133e+016
11.6825 8.46198e+016
11.688 8.2195e+016
11.6934 7.98372e+016
11.6989 7.75446e+016
11.7044 7.53155e+016
11.7098 7.31481e+016
11.7153 7.10409e+016
11.7208 6.89922e+016
11.7263 6.70005e+016
11.7318 6.50643e+016
11.7373 6.3182e+016
11.7427 6.13523e+016
11.7482 5.95737e+016
11.7537 5.78449e+016
11.7593 5.61646e+016
11.7648 5.45313e+016
11.7703 5.29439e+016
11.7758 5.14012e+016
11.7813 4.99018e+016
11.7868 4.84447e+016
11.7924 4.70287e+016
11.7979 4.56527e+016
11.8034 4.43156e+016
11.809 4.30163e+016
11.8145 4.17539e+016
11.8201 4.05273e+016
11.8256 3.93355e+016
11.8312 3.81775e+016
11.8367 3.70526e+016
11.8423 3.59596e+016
11.8478 3.48979e+016
11.8534 3.38665e+016
11.859 3.28645e+016
11.8646 3.18913e+016
11.8701 3.09459e+016
11.8757 3.00276e+016
11.8813 2.91357e+016
11.8869 2.82694e+016
11.8925 2.74281e+016
11.8981 2.6611e+016
11.9037 2.58174e+016
11.9093 2.50467e+016
11.9149 2.42984e+016
11.9205 2.35716e+016
11.9261 2.28659e+016
11.9317 2.21807e+016
11.9374 2.15153e+016
11.943 2.08693e+016
11.9486 2.0242e+016
11.9543 1.9633e+016
11.9599 1.90418e+016
11.9655 1.84678e+016
11.9712 1.79105e+016
11.9768 1.73696e+016
11.9825 1.68444e+016
11.9882 1.63347e+016
11.9938 1.58399e+016
11.9995 1.53596e+016
12.0052 1.48934e+016
12.0108 1.4441e+016
12.0165 1.40018e+016
12.0222 1.35756e+016
12.0279 1.3162e+016
12.0336 1.27606e+016
12.0392 1.2371e+016
12.0449 1.1993e+016
12.0506 1.16262e+016
12.0563 1.12702e+016
12.0621 1.09248e+016
12.0678 1.05897e+016
12.0735 1.02645e+016
12.0792 9.94906e+015
12.0849 9.64299e+015
12.0906 9.34604e+015
12.0964 9.05796e+015
12.1021 8.7785e+015
12.1078 8.50739e+015
12.1136 8.24441e+015
12.1193 7.98931e+015
12.1251 7.74186e+015
12.1308 7.50185e+015
12.1366 7.26905e+015
12.1424 7.04327e+015
12.1481 6.82428e+015
12.1539 6.61191e+015
12.1597 6.40594e+015
12.1654 6.2062e+015
12.1712 6.0125e+015
12.177 5.82467e+015
12.1828 5.64253e+015
12.1886 5.46592e+015
12.1944 5.29467e+015
12.2002 5.12863e+015
12.206 4.96764e+015
12.2118 4.81156e+015
12.2176 4.66023e+015
12.2234 4.51353e+015
12.2292 4.3713e+015
12.235 4.23343e+015
12.2409 4.09978e+015
12.2467 3.97022e+015
12.2525 3.84464e+015
12.2584 3.72292e+015
12.2642 3.60494e+015
12.2701 3.49058e+015
12.2759 3.37975e+015
12.2818 3.27234e+015
12.2876 3.16824e+015
12.2935 3.06735e+015
12.2993 2.96959e+015
12.3052 2.87485e+015
12.3111 2.78305e+015
12.317 2.69409e+015
12.3228 2.60789e+015
12.3287 2.52438e+015
12.3346 2.44346e+015
12.3405 2.36506e+015
12.3464 2.2891e+015
12.3523 2.21552e+015
12.3582 2.14423e+015
12.3641 2.07517e+015
12.37 2.00827e+015
12.376 1.94346e+015
12.3819 1.88069e+015
12.3878 1.81989e+015
12.3937 1.76099e+015
12.3997 1.70395e+015
12.4056 1.64871e+015
12.4115 1.5952e+015
12.4175 1.54338e+015
12.4234 1.4932e+015
12.4294 1.4446e+015
12.4353 1.39754e+015
12.4413 1.35197e+015
12.4473 1.30785e+015
12.4532 1.26512e+015
12.4592 1.22375e+015
12.4652 1.1837e+015
12.4712 1.14492e+015
12.4771 1.10737e+015
12.4831 1.07102e+015
12.4891 1.03583e+015
12.4951 1.00177e+015
12.5011 9.68795e+014
12.5071 9.36875e+014
12.5131 9.05977e+014
12.5191 8.7607e+014
12.5252 8.47123e+014
12.5312 8.19106e+014
12.5372 7.9199e+014
12.5432 7.65747e+014
12.5493 7.4035e+014
12.5553 7.15772e+014
12.5613 6.91987e+014
12.5674 6.68971e+014
12.5734 6.46699e+014
12.5795 6.25149e+014
12.5855 6.04297e+014
12.5916 5.84121e+014
12.5977 5.64601e+014
12.6037 5.45716e+014
12.6098 5.27444e+014
12.6159 5.09768e+014
12.622 4.92668e+014
12.628 4.76127e+014
12.6341 4.60125e+014
12.6402 4.44647e+014
12.6463 4.29675e+014
12.6524 4.15194e+014
12.6585 4.01188e+014
12.6646 3.87641e+014
12.6707 3.7454e+014
12.6769 3.61869e+014
12.683 3.49616e+014
12.6891 3.37766e+014
12.6952 3.26307e+014
12.7014 3.15227e+014
12.7075 3.04513e+014
12.7136 2.94153e+014
12.7198 2.84136e+014
12.7259 2.74451e+014
12.7321 2.65088e+014
12.7383 2.56035e+014
12.7444 2.47284e+014
12.7506 2.38823e+014
12.7567 2.30645e+014
12.7629 2.22739e+014
12.7691 2.15097e+014
12.7753 2.0771e+014
12.7815 2.0057e+014
12.7877 1.93669e+014
12.7939 1.87e+014
12.8001 1.80554e+014
12.8063 1.74324e+014
12.8125 1.68304e+014
12.8187 1.62486e+014
12.8249 1.56864e+014
12.8311 1.51431e+014
12.8373 1.46182e+014
12.8436 1.4111e+014
12.8498 1.36209e+014
12.856 1.31474e+014
12.8623 1.26899e+014
12.8685 1.2248e+014
12.8748 1.1821e+014
12.881 1.14085e+014
12.8873 1.10101e+014
12.8935 1.06252e+014
12.8998 1.02534e+014
12.9061 9.89431e+013
12.9123 9.54745e+013
12.9186 9.21245e+013
12.9249 8.88889e+013
12.9312 8.57641e+013
12.9375 8.27463e+013
12.9438 7.9832e+013
12.9501 7.70177e+013
12.9564 7.43e+013
12.9627 7.16759e+013
12.969 6.9142e+013
12.9753 6.66955e+013
12.9816 6.43333e+013
12.988 6.20526e+013
12.9943 5.98508e+013
13.0006 5.77251e+013
13.007 5.5673e+013
13.0133 5.3692e+013
13.0196 5.17797e+013
13.026 4.99338e+013
13.0323 4.81521e+013
13.0387 4.64323e+013
13.0451 4.47725e+013
13.0514 4.31704e+013
13.0578 4.16243e+013
13.0642 4.01322e+013
13.0706 3.86922e+013
13.0769 3.73026e+013
13.0833 3.59616e+013
13.0897 3.46677e+013
13.0961 3.34191e+013
13.1025 3.22144e+013
13.1089 3.10521e+013
13.1153 2.99307e+013
13.1218 2.88487e+013
13.1282 2.7805e+013
13.1346 2.6798e+013
13.141 2.58266e+013
13.1474 2.48896e+013
13.1539 2.39857e+013
13.1603 2.31139e+013
13.1668 2.22729e+013
13.1732 2.14619e+013
13.1797 2.06796e+013
13.1861 1.99252e+013
13.1926 1.91976e+013
13.199 1.84959e+013
13.2055 1.78193e+013
13.212 1.71668e+013
13.2185 1.65377e+013
13.2249 1.5931e+013
13.2314 1.53461e+013
13.2379 1.47821e+013
13.2444 1.42384e+013
13.2509 1.37142e+013
13.2574 1.32088e+013
13.2639 1.27216e+013
13.2704 1.2252e+013
13.277 1.17993e+013
13.2835 1.13629e+013
13.29 1.09423e+013
13.2965 1.05369e+013
13.3031 1.01462e+013
13.3096 9.76964e+012
13.3162 9.40673e+012
13.3227 9.057e+012
13.3293 8.71997e+012
13.3358 8.3952e+012
13.3424 8.08226e+012
13.3489 7.78072e+012
13.3555 7.49019e+012
13.3621 7.21026e+012
13.3687 6.94057e+012
13.3752 6.68076e+012
13.3818 6.43046e+012
13.3884 6.18934e+012
13.395 5.95707e+012
13.4016 5.73334e+012
13.4082 5.51784e+012
13.4148 5.31028e+012
13.4214 5.11037e+012
13.4281 4.91784e+012
13.4347 4.73243e+012
13.4413 4.55387e+012
13.4479 4.38194e+012
13.4546 4.21637e+012
13.4612 4.05696e+012
13.4679 3.90347e+012
13.4745 3.75569e+012
13.4812 3.61342e+012
13.4878 3.47646e+012
13.4945 3.34462e+012
13.5011 3.21771e+012
13.5078 3.09555e+012
13.5145 2.97798e+012
13.5212 2.86482e+012
13.5279 2.75592e+012
13.5345 2.65113e+012
13.5412 2.55029e+012
13.5479 2.45326e+012
13.5546 2.35991e+012
13.5613 2.2701e+012
13.5681 2.1837e+012
13.5748 2.10059e+012
13.5815 2.02065e+012
13.5882 1.94377e+012
13.5949 1.86983e+012
13.6017 1.79873e+012
13.6084 1.73037e+012
13.6152 1.66464e+012
13.6219 1.60146e+012
13.6287 1.54073e+012
13.6354 1.48236e+012
13.6422 1.42626e+012
13.6489 1.37236e+012
13.6557 1.32058e+012
13.6625 1.27084e+012
13.6693 1.22307e+012
13.676 1.17719e+012
13.6828 1.13315e+012
13.6896 1.09086e+012
13.6964 1.05029e+012
13.7032 1.01135e+012
13.71 9.74002e+011
13.7168 9.38181e+011
13.7237 9.03837e+011
13.7305 8.70918e+011
13.7373 8.39376e+011
13.7441 8.09162e+011
13.751 7.80232e+011
13.7578 7.52544e+011
13.7646 7.26054e+011
13.7715 7.00724e+011
13.7783 6.76515e+011
13.7852 6.53391e+011
13.792 6.31318e+011
13.7989 6.10261e+011
13.8058 5.90189e+011
13.8127 5.71073e+011
13.8195 5.52882e+011
13.8264 5.35589e+011
13.8333 5.19169e+011
13.8402 5.03597e+011
13.8471 4.88849e+011
13.854 4.74902e+011
13.8609 4.61735e+011
13.8678 4.4933e+011
13.8747 4.37666e+011
13.8817 4.26727e+011
13.8886 4.16495e+011
13.8955 4.06956e+011
13.9024 3.98095e+011
13.9094 3.899e+011
13.9163 3.82357e+011
13.9233 3.75456e+011
13.9302 3.69186e+011
13.9372 3.63539e+011
13.9441 3.58506e+011
13.9511 3.54081e+011
13.9581 3.50256e+011
13.9651 3.47028e+011
13.972 3.44391e+011
13.979 3.42342e+011
13.986 3.4088e+011
13.993 3.40003e+011
14 3.39711e+011
